,AAPL,ACRS,ADP,AFYA,AGNC,AGYS,ALT,AMGN,AMPH,AMZN,ANIP,AOSL,APDN,APLT,APVO,ARGX,ARLP,ATEX,ATRA,AUTL,AVDL,BCRX,BHAT,BLBD,BMRN,BNGO,BUSE,CAKE,CASY,CCOI,CEVA,CHY,CLDX,CLMT,COHU,COLM,COST,CPRT,CSWC,CSX,DBX,DCOM,DKNG,DMLP,DOX,EA,EDIT,ENPH,ENSG,ERNA,ESGR,ETNB,EXTR,FANG,FARO,FATE,FGEN,FIVE,FIVN,FLGT,FOLD,FORM,FOXA,FRPT,FSLR,FTAI,GBDC,GDYN,GGAL,GNLN,GRFS,GT,HCAT,HCM,HFWA,HOLX,HQY,HUBG,IAC,ICLR,IDCC,IEP,IHRT,ILMN,ILPT,IMAB,IMOS,INMD,INTZ,JAZZ,JKHY,JRVR,KIDS,LBRDK,LGND,LMAT,LPLA,LULU,MASI,MAT,MATW,MBIN,MBIO,MCRB,MDB,MDLZ,MELI,MIRM,MLKN,MNMD,MNRO,MPWR,MRCY,MRSN,MTVA,NAAS,NDAQ,NDSN,NEGG,NOVT,NVDA,NWE,NWSA,NXST,OCX,ODFL,OMAB,OPCH,OPRA,ORGO,OTRK,OZK,PAGP,PCH,PEGA,PENG,PENN,PFBC,PGNY,PHAT,PHUN,PINC,PLUG,PLXS,PYPL,QLYS,QNCX,QQQX,QVCGA,RAPT,RBBN,RCKT,REPL,RMBS,ROAD,ROKU,ROP,RUSHA,SANM,SATS,SBCF,SBLK,SBUX,SCHL,SCSC,SDGR,SEIC,SFIX,SGRY,SKYW,SLP,SNES,STAA,STLD,STOK,SWKS,TER,TFIN,TIGO,TILE,TPIC,TTEC,TTEK,TTGT,UXIN,VERU,VLYPP,VNOM,VRNS,VRSN,WDAY,WERN,WINA,WKHS,WRLD,XP,XTKG,YY,ZION,ZM
AAPL,0.0,0.247,0.371,-0.206,0.8,0.725,0.268,0.33,0.719,0.24,0.467,0.502,-0.077,0.655,-0.314,0.294,-0.208,-0.336,0.708,0.442,0.455,0.167,-0.364,0.073,0.618,-0.621,0.277,-0.114,0.594,0.504,0.193,0.401,-0.119,0.398,0.604,0.117,0.236,0.384,0.475,0.554,0.49,0.806,-0.162,0.285,0.494,0.516,0.151,-0.427,0.275,0.215,0.545,0.616,0.299,-0.34,0.335,0.021,0.065,0.22,0.543,-0.142,0.122,0.147,0.086,0.467,-0.424,0.34,0.468,0.474,0.68,0.029,-0.35,0.192,0.658,-0.195,0.696,0.65,0.472,0.35,0.494,0.285,0.548,0.483,0.119,0.395,-0.17,-0.031,-0.548,0.578,-0.612,0.709,0.327,0.531,0.378,0.108,0.298,0.378,0.44,0.697,0.277,-0.518,0.109,0.542,-0.114,-0.06,0.545,0.024,0.368,0.038,0.196,0.484,-0.154,0.03,-0.52,0.323,0.0,-0.189,0.383,0.374,-0.134,0.413,0.382,0.284,0.336,0.738,0.237,0.753,0.057,0.41,0.463,0.514,0.108,0.757,-0.227,-0.09,0.333,-0.382,0.067,0.738,-0.136,-0.241,0.66,0.436,-0.098,0.448,0.216,0.301,0.146,0.436,-0.249,-0.294,0.535,0.199,-0.586,0.597,0.7,0.373,0.684,0.374,0.205,0.368,0.68,-0.582,-0.179,0.055,0.565,0.179,0.596,0.2,0.334,0.584,0.721,0.046,-0.175,0.228,0.418,0.607,0.08,0.64,0.107,0.771,0.507,0.12,0.21,0.755,0.042,0.607,0.526,0.125,0.663,0.374,0.437,0.316,0.382,0.541,0.474,0.158,-0.528,-0.347,0.693,0.236
ACRS,0.247,0.0,0.306,0.126,0.217,0.149,-0.104,0.156,0.208,-0.171,0.147,0.345,-0.256,0.145,-0.248,0.133,0.16,-0.209,0.124,0.257,0.339,0.024,0.191,-0.243,0.283,-0.096,-0.129,0.088,0.074,0.135,0.31,0.132,-0.207,0.175,0.401,0.181,-0.356,0.13,0.288,0.411,0.212,0.303,-0.303,0.303,0.398,0.087,-0.022,-0.198,-0.085,-0.078,0.183,0.134,0.022,0.055,-0.057,-0.096,0.139,0.096,0.362,-0.05,-0.068,0.237,-0.025,0.132,-0.21,0.176,0.233,0.211,0.238,-0.266,0.14,0.23,0.059,0.187,0.099,0.138,0.15,-0.121,-0.102,0.235,0.284,0.191,0.32,0.361,-0.188,0.183,-0.187,0.075,-0.073,0.228,0.412,0.266,0.028,0.078,0.327,0.153,0.186,0.235,0.074,-0.056,-0.092,0.114,-0.099,-0.164,0.017,-0.25,-0.206,0.36,0.112,0.037,-0.069,0.208,0.027,0.403,-0.296,0.236,0.025,0.158,-0.173,0.008,0.105,-0.003,-0.091,0.206,0.072,0.135,-0.214,-0.032,0.128,0.235,-0.125,0.311,-0.167,-0.128,-0.107,0.044,-0.073,0.196,-0.421,-0.116,0.183,0.088,0.122,0.341,0.027,0.273,-0.03,0.18,0.187,0.286,0.17,-0.193,0.023,0.345,0.16,0.202,0.155,-0.103,-0.06,-0.139,0.176,-0.175,-0.022,-0.19,0.044,-0.01,0.184,0.119,0.054,0.187,0.22,-0.287,0.156,0.153,0.084,0.225,0.139,0.018,-0.277,0.136,0.274,0.259,0.097,0.213,0.179,0.165,0.235,0.138,0.101,0.31,0.023,-0.153,-0.215,-0.082,0.046,0.177,0.096,-0.052,0.236,-0.141
ADP,0.371,0.306,0.0,-0.446,0.188,0.709,-0.34,-0.167,0.094,-0.425,-0.299,0.389,-0.821,0.417,-0.9,0.108,0.502,-0.922,0.52,0.922,0.222,-0.537,-0.275,-0.722,-0.093,-0.7,-0.534,0.088,0.739,0.873,0.611,0.85,-0.69,0.904,0.072,-0.341,-0.269,0.835,0.41,0.331,0.881,0.531,-0.792,0.91,0.858,0.522,-0.618,-0.936,-0.022,-0.463,0.559,0.347,-0.011,0.559,-0.436,-0.814,-0.593,-0.065,0.707,-0.824,-0.428,0.37,-0.026,0.454,-0.933,0.93,0.79,0.865,0.652,-0.843,-0.552,0.1,-0.111,0.49,0.173,-0.018,0.834,-0.561,-0.457,0.331,0.923,0.881,0.818,0.931,-0.889,0.754,-0.698,-0.327,-0.323,0.317,0.941,0.402,-0.389,0.538,0.736,0.01,0.895,0.648,0.8,-0.292,-0.749,-0.023,-0.547,-0.684,0.181,-0.864,-0.358,0.26,0.08,-0.165,-0.379,0.356,-0.439,0.46,-0.794,0.188,-0.196,-0.392,-0.864,-0.155,0.846,-0.533,-0.472,0.394,0.422,0.172,-0.48,-0.516,0.115,0.79,-0.365,0.648,-0.279,-0.836,0.481,-0.377,-0.612,0.637,-0.696,-0.786,0.771,-0.48,-0.12,0.584,0.601,-0.245,-0.354,0.81,0.049,-0.171,0.64,-0.577,0.031,0.677,0.422,0.731,-0.014,-0.529,-0.606,-0.242,0.132,-0.783,-0.569,-0.855,0.305,-0.708,0.854,-0.249,-0.384,0.863,-0.001,-0.442,-0.324,0.734,-0.213,-0.119,-0.46,0.015,-0.611,0.36,0.33,0.746,0.888,0.384,0.58,0.771,0.332,0.908,0.703,0.336,-0.352,-0.471,-0.489,-0.224,-0.196,-0.48,-0.563,-0.747,0.747,0.154
AFYA,-0.206,0.126,-0.446,0.0,-0.1,-0.381,-0.189,-0.415,-0.025,-0.259,0.21,0.133,0.06,0.045,0.488,0.311,0.144,0.495,-0.149,-0.41,0.008,0.123,0.56,0.049,0.089,0.577,-0.006,0.529,-0.481,-0.39,0.023,-0.604,-0.075,-0.45,0.3,0.688,-0.508,-0.563,-0.261,-0.117,-0.321,-0.28,0.237,-0.461,-0.109,0.06,0.175,0.376,-0.47,-0.069,-0.201,-0.425,-0.432,-0.57,0.529,0.277,0.579,-0.352,-0.296,0.358,0.076,-0.082,0.548,-0.618,0.555,-0.515,-0.238,-0.303,-0.705,0.176,0.552,0.31,-0.054,0.295,-0.314,-0.138,-0.44,0.194,-0.028,-0.608,-0.442,-0.432,-0.188,-0.429,0.332,-0.033,0.653,-0.0,0.183,0.021,-0.289,-0.258,0.107,0.108,-0.281,0.168,-0.303,-0.224,-0.185,-0.166,0.229,-0.363,0.581,0.059,-0.629,0.345,-0.295,0.287,0.348,0.069,0.77,0.014,0.767,-0.191,0.331,0.445,-0.098,0.556,0.183,0.29,-0.498,0.472,0.316,-0.403,-0.615,-0.191,-0.271,0.133,0.009,-0.324,-0.173,-0.319,-0.45,0.451,-0.162,0.322,-0.026,-0.53,0.046,0.447,-0.267,0.136,0.577,0.2,-0.379,0.399,0.296,-0.49,0.415,0.663,-0.144,-0.074,0.285,-0.104,-0.53,-0.609,-0.028,0.157,0.086,-0.226,-0.244,0.691,0.781,0.312,-0.41,0.114,-0.375,-0.325,0.322,-0.383,0.128,0.164,0.83,-0.007,-0.148,0.066,0.482,-0.287,-0.036,-0.268,-0.076,-0.012,-0.51,-0.13,0.176,-0.546,-0.116,-0.571,-0.526,0.301,-0.209,0.457,0.236,0.149,-0.272,0.478,0.366,0.563,-0.568,-0.339
AGNC,0.8,0.217,0.188,-0.1,0.0,0.594,0.379,0.349,0.719,0.18,0.552,0.319,0.044,0.535,-0.106,0.308,-0.288,-0.133,0.73,0.377,0.564,0.299,-0.276,0.159,0.634,-0.472,0.426,0.04,0.329,0.359,-0.001,0.243,-0.002,0.287,0.46,0.315,0.131,0.158,0.548,0.495,0.335,0.747,-0.112,0.182,0.354,0.377,0.33,-0.32,0.319,0.258,0.474,0.654,0.292,-0.418,0.383,0.193,0.284,0.314,0.411,0.046,0.239,-0.145,0.09,0.371,-0.294,0.193,0.397,0.359,0.52,0.182,-0.173,0.185,0.715,-0.204,0.728,0.642,0.33,0.463,0.52,0.23,0.373,0.276,0.055,0.208,0.007,-0.087,-0.311,0.64,-0.593,0.769,0.2,0.604,0.558,-0.032,0.335,0.319,0.281,0.592,0.088,-0.474,0.287,0.559,-0.088,0.06,0.372,0.175,0.297,0.069,0.293,0.605,-0.016,-0.204,-0.444,0.398,0.163,-0.158,0.48,0.371,0.01,0.372,0.208,0.383,0.427,0.7,0.23,0.698,0.14,0.454,0.372,0.452,0.079,0.685,-0.232,0.118,0.162,-0.52,0.194,0.648,0.016,0.006,0.562,0.556,-0.021,0.337,0.062,0.275,0.219,0.216,-0.123,-0.263,0.406,0.36,-0.466,0.37,0.65,0.398,0.648,0.423,0.313,0.388,0.703,-0.474,-0.072,0.165,0.581,0.314,0.433,0.311,0.439,0.433,0.764,0.13,-0.096,0.067,0.528,0.543,-0.034,0.705,0.154,0.66,0.395,0.016,0.055,0.758,-0.017,0.394,0.461,-0.023,0.434,0.232,0.455,0.45,0.499,0.521,0.593,0.362,-0.406,-0.313,0.566,0.118
AGYS,0.725,0.149,0.709,-0.381,0.594,0.0,0.056,0.035,0.563,0.052,0.165,0.635,-0.437,0.768,-0.622,0.259,0.103,-0.706,0.856,0.774,0.352,-0.208,-0.58,-0.26,0.301,-0.855,-0.029,0.131,0.837,0.856,0.536,0.761,-0.459,0.776,0.391,-0.117,0.012,0.671,0.507,0.382,0.812,0.842,-0.39,0.582,0.77,0.729,-0.196,-0.806,0.254,-0.046,0.823,0.663,0.13,-0.005,0.132,-0.417,-0.274,0.236,0.733,-0.637,-0.026,0.238,0.227,0.519,-0.744,0.687,0.776,0.869,0.786,-0.374,-0.638,0.114,0.474,0.097,0.616,0.369,0.779,0.034,0.175,0.189,0.856,0.829,0.361,0.692,-0.552,0.357,-0.619,0.299,-0.765,0.701,0.638,0.677,0.041,0.45,0.548,0.158,0.811,0.871,0.678,-0.624,-0.279,0.285,-0.263,-0.41,0.473,-0.38,0.178,0.128,0.409,0.402,-0.115,0.253,-0.606,0.306,-0.269,-0.17,0.149,0.095,-0.552,0.347,0.782,-0.002,0.061,0.815,0.323,0.699,-0.128,0.059,0.467,0.811,-0.122,0.879,-0.281,-0.451,0.662,-0.639,-0.324,0.867,-0.265,-0.591,0.928,0.053,-0.107,0.682,0.593,0.055,-0.019,0.625,-0.144,-0.468,0.842,-0.133,-0.359,0.783,0.734,0.582,0.48,0.136,-0.069,0.219,0.558,-0.788,-0.379,-0.392,0.652,-0.275,0.906,-0.128,0.12,0.938,0.549,0.007,-0.317,0.643,0.152,0.394,-0.151,0.517,-0.114,0.751,0.464,0.351,0.604,0.743,0.275,0.793,0.656,0.579,0.874,0.374,0.049,0.07,0.132,0.392,0.161,-0.095,-0.826,-0.569,0.865,0.371
ALT,0.268,-0.104,-0.34,-0.189,0.379,0.056,0.0,0.695,0.6,0.735,0.658,-0.175,0.75,-0.002,0.381,0.117,-0.898,0.475,0.111,-0.211,0.394,0.821,-0.32,0.823,0.298,-0.239,0.872,-0.154,-0.141,-0.349,-0.47,-0.182,0.696,-0.244,0.005,0.113,0.617,-0.406,0.008,0.093,-0.427,0.394,0.435,-0.289,-0.396,-0.273,0.833,0.296,0.829,0.779,-0.038,0.639,0.267,-0.379,0.143,0.703,0.397,0.721,-0.224,0.559,0.708,-0.467,-0.36,0.427,0.201,-0.361,-0.197,-0.277,0.277,0.684,-0.075,-0.583,0.757,-0.845,0.721,0.625,-0.325,0.759,0.722,0.397,-0.289,-0.209,-0.646,-0.302,0.635,-0.604,-0.174,0.688,-0.465,0.38,-0.481,0.465,0.843,-0.71,0.068,-0.03,-0.403,-0.062,-0.592,-0.174,0.691,0.631,-0.086,0.7,0.369,0.628,0.674,-0.022,0.066,0.766,-0.164,-0.539,-0.383,0.329,0.628,-0.742,0.785,0.194,0.565,0.348,-0.309,0.584,0.559,0.368,0.381,0.473,0.832,0.75,0.023,-0.083,0.554,0.241,0.434,0.648,-0.362,-0.367,0.73,0.301,0.39,0.449,0.014,0.605,-0.49,-0.394,-0.256,-0.121,0.547,-0.295,-0.27,-0.387,-0.177,0.829,-0.459,-0.35,0.555,-0.09,0.634,0.712,0.777,0.5,0.728,-0.226,-0.049,0.485,0.474,0.788,-0.189,0.678,0.683,-0.175,0.471,0.366,-0.483,-0.578,0.886,0.553,0.082,0.764,0.801,0.412,0.155,-0.74,-0.449,0.482,-0.828,-0.018,0.128,-0.37,-0.005,-0.605,0.703,0.298,0.569,0.255,0.782,0.539,-0.104,-0.009,0.175,-0.32
AMGN,0.33,0.156,-0.167,-0.415,0.349,0.035,0.695,0.0,0.54,0.562,0.567,-0.226,0.527,-0.153,0.105,-0.074,-0.649,0.213,0.111,-0.084,0.406,0.667,-0.208,0.574,0.438,-0.239,0.681,-0.47,0.025,-0.219,-0.489,-0.013,0.696,-0.139,0.095,-0.023,0.521,-0.157,0.256,0.323,-0.274,0.368,0.117,-0.009,-0.269,-0.333,0.623,0.214,0.602,0.632,-0.073,0.576,0.371,-0.083,-0.05,0.534,0.211,0.583,-0.048,0.486,0.501,-0.264,-0.588,0.46,0.028,-0.17,-0.129,-0.265,0.451,0.445,-0.005,-0.223,0.532,-0.709,0.618,0.696,-0.061,0.508,0.588,0.695,-0.076,-0.096,-0.368,-0.094,0.384,-0.468,-0.324,0.554,-0.253,0.235,-0.219,0.361,0.632,-0.663,0.058,0.173,-0.338,-0.018,-0.541,0.146,0.587,0.665,-0.244,0.662,0.511,0.396,0.55,-0.075,-0.17,0.415,-0.491,-0.492,-0.457,0.371,0.291,-0.548,0.614,0.087,0.459,0.181,-0.26,0.274,0.332,0.492,0.515,0.323,0.701,0.579,0.16,-0.011,0.524,0.302,0.433,0.354,-0.43,-0.224,0.692,0.366,0.252,0.18,-0.024,0.641,-0.365,-0.406,-0.22,0.013,0.231,-0.136,-0.391,-0.333,-0.195,0.688,-0.497,-0.21,0.519,0.135,0.531,0.444,0.589,0.396,0.658,-0.335,-0.301,0.432,0.342,0.664,-0.106,0.897,0.367,-0.098,0.414,0.092,-0.445,-0.519,0.696,0.365,-0.101,0.664,0.511,0.419,0.21,-0.448,-0.312,0.378,-0.587,0.099,0.139,-0.175,0.026,-0.381,0.637,0.106,0.29,0.127,0.829,0.317,0.03,-0.086,0.319,-0.024
AMPH,0.719,0.208,0.094,-0.025,0.719,0.563,0.6,0.54,0.0,0.332,0.829,0.311,0.196,0.487,-0.008,0.384,-0.486,0.013,0.718,0.265,0.691,0.559,-0.348,0.373,0.645,-0.54,0.646,0.085,0.341,0.196,-0.105,0.184,0.202,0.219,0.519,0.372,0.158,-0.047,0.435,0.436,0.149,0.831,-0.058,0.141,0.255,0.287,0.573,-0.201,0.493,0.479,0.428,0.832,0.072,-0.481,0.394,0.377,0.361,0.482,0.271,0.204,0.485,-0.223,-0.038,0.411,-0.191,0.05,0.344,0.243,0.511,0.251,-0.188,-0.038,0.877,-0.391,0.887,0.847,0.25,0.656,0.61,0.292,0.273,0.28,-0.154,0.124,0.175,-0.185,-0.317,0.698,-0.731,0.806,0.078,0.695,0.746,-0.244,0.372,0.314,0.128,0.536,-0.096,-0.543,0.434,0.591,-0.047,0.301,0.347,0.311,0.442,0.184,0.441,0.807,-0.013,-0.322,-0.419,0.478,0.35,-0.431,0.665,0.451,0.091,0.592,0.056,0.602,0.545,0.727,0.32,0.718,0.342,0.66,0.446,0.397,0.344,0.756,-0.143,0.307,-0.036,-0.593,0.379,0.685,0.045,0.083,0.56,0.682,-0.083,0.267,0.005,0.198,0.508,0.04,-0.133,-0.295,0.347,0.543,-0.548,0.291,0.74,0.151,0.84,0.642,0.521,0.349,0.913,-0.488,-0.015,0.272,0.605,0.458,0.362,0.469,0.672,0.389,0.878,0.183,-0.147,-0.004,0.727,0.627,0.021,0.863,0.349,0.811,0.521,-0.138,-0.138,0.885,-0.225,0.347,0.458,-0.088,0.309,0.032,0.432,0.52,0.564,0.454,0.742,0.56,-0.432,-0.252,0.578,-0.073
AMZN,0.24,-0.171,-0.425,-0.259,0.18,0.052,0.735,0.562,0.332,0.0,0.467,-0.02,0.746,0.062,0.362,0.009,-0.742,0.387,-0.08,-0.405,0.053,0.56,-0.419,0.845,0.255,-0.171,0.713,-0.317,-0.044,-0.352,-0.316,-0.17,0.659,-0.37,0.022,-0.097,0.764,-0.238,-0.186,0.025,-0.39,0.186,0.684,-0.472,-0.474,-0.256,0.613,0.423,0.715,0.681,0.038,0.329,0.379,-0.351,0.236,0.603,0.273,0.554,-0.185,0.413,0.626,-0.194,-0.13,0.374,0.296,-0.423,-0.384,-0.32,0.26,0.702,-0.201,-0.34,0.549,-0.858,0.464,0.392,-0.32,0.7,0.758,0.247,-0.292,-0.218,-0.783,-0.395,0.589,-0.752,-0.159,0.691,-0.338,0.076,-0.587,0.237,0.538,-0.462,-0.357,-0.023,-0.408,-0.141,-0.458,-0.015,0.689,0.515,0.044,0.646,0.617,0.632,0.876,-0.154,-0.055,0.579,-0.089,-0.231,-0.319,-0.148,0.609,-0.739,0.545,0.317,0.601,0.32,-0.253,0.497,0.523,0.375,0.064,0.558,0.845,0.75,0.299,-0.242,0.445,0.038,0.64,0.528,-0.04,-0.137,0.589,0.142,0.589,0.291,-0.166,0.512,-0.473,-0.404,-0.181,0.147,0.306,-0.182,-0.433,-0.486,-0.14,0.679,-0.472,-0.246,0.383,-0.252,0.514,0.75,0.736,0.534,0.485,-0.024,-0.09,0.59,0.309,0.723,-0.25,0.439,0.567,-0.208,0.383,0.539,-0.422,-0.475,0.615,0.553,0.33,0.578,0.856,0.292,0.081,-0.804,-0.426,0.154,-0.795,-0.045,0.27,-0.381,0.143,-0.404,0.754,0.217,0.518,0.487,0.549,0.333,-0.147,0.313,0.051,0.157
ANIP,0.467,0.147,-0.299,0.21,0.552,0.165,0.658,0.567,0.829,0.467,0.0,0.049,0.471,0.202,0.401,0.358,-0.614,0.439,0.365,-0.146,0.594,0.724,-0.216,0.634,0.487,-0.154,0.813,0.181,-0.042,-0.229,-0.392,-0.252,0.504,-0.219,0.357,0.568,0.222,-0.457,0.176,0.19,-0.248,0.502,0.225,-0.26,-0.095,-0.056,0.795,0.24,0.482,0.527,0.122,0.55,-0.029,-0.633,0.441,0.698,0.659,0.423,-0.138,0.576,0.728,-0.47,0.031,0.154,0.25,-0.379,-0.021,-0.172,0.118,0.529,0.081,-0.067,0.751,-0.534,0.688,0.713,-0.171,0.805,0.644,0.166,-0.166,-0.134,-0.445,-0.33,0.533,-0.428,-0.004,0.663,-0.498,0.574,-0.278,0.484,0.874,-0.435,0.054,0.367,-0.29,0.106,-0.463,-0.386,0.749,0.446,0.051,0.635,0.104,0.631,0.466,0.187,0.407,0.813,0.213,-0.489,-0.123,0.29,0.655,-0.459,0.798,0.555,0.364,0.591,-0.395,0.825,0.736,0.451,0.089,0.543,0.498,0.816,0.437,-0.022,0.374,0.398,0.046,0.648,-0.316,-0.426,0.593,0.28,0.356,0.477,0.152,0.804,-0.045,-0.038,-0.357,0.36,0.621,-0.265,-0.148,-0.089,-0.014,0.711,-0.351,-0.113,0.415,-0.24,0.826,0.736,0.693,0.264,0.774,-0.076,0.2,0.572,0.3,0.688,-0.063,0.584,0.82,-0.061,0.82,0.411,0.037,-0.268,0.761,0.601,0.143,0.769,0.55,0.55,0.289,-0.389,-0.509,0.628,-0.4,-0.099,0.244,-0.459,-0.108,-0.127,0.54,0.647,0.625,0.386,0.734,0.677,-0.138,0.089,0.158,-0.166
AOSL,0.502,0.345,0.389,0.133,0.319,0.635,-0.175,-0.226,0.311,-0.02,0.049,0.0,-0.341,0.738,-0.358,0.374,0.275,-0.443,0.537,0.399,0.178,-0.156,-0.044,-0.247,0.369,-0.359,-0.164,0.225,0.49,0.529,0.791,0.421,-0.492,0.408,0.765,0.056,-0.253,0.421,0.309,0.332,0.563,0.537,-0.062,0.222,0.589,0.695,-0.192,-0.423,-0.151,-0.119,0.635,0.238,0.068,-0.227,0.506,-0.268,-0.021,-0.032,0.685,-0.447,-0.121,0.633,0.44,0.181,-0.306,0.405,0.473,0.615,0.373,-0.295,-0.234,0.387,0.29,0.259,0.259,0.098,0.444,0.032,0.162,-0.168,0.563,0.519,0.222,0.481,-0.361,0.231,-0.174,0.311,-0.404,0.447,0.403,0.336,-0.119,0.498,0.215,0.239,0.58,0.641,0.554,-0.506,-0.247,0.084,0.197,-0.446,0.274,-0.281,0.096,0.297,0.338,0.207,0.209,0.66,-0.043,0.08,-0.156,0.213,-0.187,0.418,-0.328,0.491,0.554,0.101,0.032,0.467,-0.161,0.508,-0.323,0.062,0.506,0.512,-0.194,0.524,-0.415,-0.266,0.665,-0.031,-0.334,0.452,-0.305,-0.393,0.569,0.035,0.321,0.842,0.472,0.344,-0.057,0.429,0.161,0.06,0.745,-0.25,-0.187,0.851,0.349,0.192,0.343,0.196,0.005,0.102,0.22,-0.25,0.146,-0.201,0.318,-0.17,0.502,-0.437,0.117,0.625,0.429,-0.001,0.188,0.533,-0.079,0.501,0.488,0.146,-0.164,0.418,0.452,0.284,0.307,0.377,0.337,0.425,0.59,0.245,0.591,0.653,-0.055,0.167,0.208,0.463,-0.115,0.04,-0.368,0.02,0.465,0.256
APDN,-0.077,-0.256,-0.821,0.06,0.044,-0.437,0.75,0.527,0.196,0.746,0.471,-0.341,0.0,-0.344,0.769,-0.142,-0.831,0.822,-0.321,-0.717,-0.022,0.781,-0.009,0.92,0.201,0.332,0.805,-0.289,-0.527,-0.748,-0.627,-0.584,0.848,-0.708,-0.055,0.126,0.644,-0.691,-0.214,-0.206,-0.807,-0.162,0.8,-0.763,-0.803,-0.524,0.827,0.796,0.477,0.784,-0.387,0.101,0.279,-0.476,0.311,0.903,0.512,0.485,-0.555,0.805,0.629,-0.388,-0.261,-0.016,0.712,-0.762,-0.637,-0.726,-0.207,0.929,0.31,-0.412,0.442,-0.829,0.263,0.318,-0.697,0.715,0.724,0.06,-0.75,-0.681,-0.886,-0.732,0.903,-0.856,0.33,0.606,0.02,-0.111,-0.884,-0.031,0.634,-0.767,-0.483,-0.035,-0.792,-0.446,-0.845,0.195,0.828,0.386,0.269,0.816,0.189,0.862,0.668,-0.302,-0.128,0.463,0.041,-0.424,-0.014,-0.157,0.841,-0.558,0.5,0.271,0.924,0.236,-0.654,0.551,0.535,-0.043,-0.047,0.13,0.81,0.712,-0.116,-0.577,0.578,-0.321,0.523,0.824,-0.48,0.102,0.843,-0.226,0.702,0.72,-0.539,0.634,-0.254,-0.627,-0.459,0.065,0.452,-0.619,-0.227,-0.15,-0.485,0.851,-0.291,-0.615,0.061,-0.495,0.317,0.72,0.838,0.53,0.279,0.36,0.275,0.819,0.094,0.902,-0.662,0.56,0.514,-0.665,0.181,0.481,-0.157,-0.83,0.608,0.386,0.387,0.387,0.861,-0.04,-0.18,-0.944,-0.774,-0.076,-0.869,-0.456,-0.154,-0.747,-0.396,-0.578,0.658,0.385,0.597,0.29,0.552,0.529,0.324,0.493,-0.363,-0.19
APLT,0.655,0.145,0.417,0.045,0.535,0.768,-0.002,-0.153,0.487,0.062,0.202,0.738,-0.344,0.0,-0.454,0.543,0.082,-0.463,0.666,0.431,0.254,-0.213,-0.384,-0.123,0.448,-0.633,-0.078,0.132,0.644,0.603,0.516,0.414,-0.42,0.405,0.605,0.111,-0.11,0.469,0.126,0.467,0.589,0.64,-0.173,0.275,0.55,0.754,-0.167,-0.543,0.098,-0.093,0.539,0.411,-0.015,-0.377,0.41,-0.279,-0.055,-0.112,0.544,-0.426,-0.115,0.305,0.439,0.247,-0.457,0.398,0.446,0.665,0.486,-0.174,-0.476,0.263,0.483,0.091,0.392,0.308,0.452,0.232,0.235,-0.168,0.626,0.57,0.156,0.411,-0.355,0.16,-0.406,0.321,-0.636,0.639,0.359,0.332,0.052,0.498,0.192,0.205,0.562,0.678,0.585,-0.727,-0.13,0.195,0.046,-0.354,0.339,-0.148,0.216,0.325,0.377,0.374,0.136,0.193,-0.216,0.031,-0.146,-0.014,0.063,0.482,-0.379,0.466,0.522,0.259,0.194,0.557,0.06,0.735,-0.211,0.215,0.587,0.534,-0.097,0.605,-0.447,-0.181,0.646,-0.307,-0.404,0.538,-0.283,-0.456,0.687,0.067,0.088,0.657,0.35,0.254,0.044,0.426,-0.106,-0.171,0.615,-0.149,-0.325,0.725,0.49,0.26,0.451,0.274,-0.05,0.208,0.364,-0.435,-0.041,-0.148,0.411,-0.158,0.602,-0.353,0.285,0.705,0.581,0.016,0.044,0.478,0.116,0.469,0.201,0.343,-0.046,0.616,0.565,0.278,0.327,0.606,0.227,0.585,0.711,0.213,0.686,0.549,-0.018,0.269,0.235,0.538,0.039,0.092,-0.677,-0.177,0.516,0.199
APVO,-0.314,-0.248,-0.9,0.488,-0.106,-0.622,0.381,0.105,-0.008,0.362,0.401,-0.358,0.769,-0.454,0.0,-0.048,-0.48,0.931,-0.395,-0.79,-0.081,0.612,0.265,0.678,-0.015,0.668,0.599,0.155,-0.772,-0.819,-0.564,-0.809,0.625,-0.773,-0.114,0.418,0.191,-0.906,-0.276,-0.448,-0.798,-0.404,0.725,-0.853,-0.706,-0.524,0.68,0.85,0.066,0.427,-0.423,-0.243,-0.046,-0.538,0.439,0.819,0.691,0.161,-0.677,0.793,0.581,-0.492,0.103,-0.426,0.895,-0.891,-0.623,-0.791,-0.666,0.774,0.564,-0.193,0.149,-0.423,-0.059,0.01,-0.79,0.548,0.392,-0.298,-0.889,-0.803,-0.726,-0.884,0.864,-0.614,0.704,0.325,0.196,-0.184,-0.831,-0.192,0.499,-0.541,-0.518,0.02,-0.787,-0.597,-0.783,0.161,0.723,-0.043,0.523,0.67,-0.322,0.82,0.246,-0.223,0.099,0.315,0.505,-0.3,0.397,-0.279,0.852,-0.199,0.337,0.343,0.752,0.19,-0.802,0.596,0.533,-0.349,-0.442,-0.157,0.442,0.516,-0.171,-0.694,0.251,-0.502,0.266,0.831,-0.491,0.179,0.632,-0.559,0.693,0.893,-0.633,0.509,0.131,-0.457,-0.602,0.207,0.493,-0.767,0.028,0.202,-0.513,0.589,0.056,-0.664,-0.361,-0.716,0.123,0.522,0.628,0.123,-0.012,0.731,0.588,0.738,-0.259,0.673,-0.741,0.259,0.479,-0.797,0.083,0.553,0.327,-0.602,0.266,0.16,0.394,0.065,0.58,-0.294,-0.377,-0.704,-0.858,-0.248,-0.521,-0.782,-0.379,-0.839,-0.718,-0.387,0.357,0.519,0.505,0.172,0.207,0.524,0.512,0.593,-0.673,-0.242
ARGX,0.294,0.133,0.108,0.311,0.308,0.259,0.117,-0.074,0.384,0.009,0.358,0.374,-0.142,0.543,-0.048,0.0,-0.053,-0.008,0.317,0.143,0.496,0.117,-0.003,0.094,0.28,-0.269,0.093,0.262,0.028,0.049,0.076,-0.066,-0.092,0.019,0.314,0.351,-0.3,-0.096,-0.058,0.272,0.134,0.396,-0.104,0.077,0.235,0.165,0.076,-0.166,0.142,-0.131,0.126,0.259,-0.219,-0.442,0.275,0.06,0.464,-0.281,0.131,0.027,0.239,-0.195,0.273,0.041,-0.134,-0.029,0.024,0.128,0.082,-0.03,-0.12,0.109,0.36,-0.011,0.223,0.204,-0.02,0.346,0.01,-0.062,0.211,0.155,0.005,0.025,-0.02,0.072,-0.18,0.223,-0.437,0.444,0.107,0.214,0.325,0.086,0.113,0.07,0.104,0.083,0.1,-0.697,0.143,-0.044,0.094,0.053,-0.057,0.101,0.009,0.647,0.124,0.408,0.233,-0.168,0.065,0.197,0.056,-0.017,0.326,0.558,-0.213,0.214,-0.051,0.499,0.213,0.204,-0.028,0.439,-0.098,0.35,0.463,0.084,-0.108,0.339,-0.264,0.195,0.084,-0.243,-0.188,0.101,-0.291,0.029,0.328,0.127,0.081,0.266,-0.364,0.266,0.315,0.005,-0.078,0.213,0.124,0.03,-0.065,0.166,0.17,-0.168,0.48,0.168,-0.03,-0.141,0.294,-0.104,0.055,0.002,-0.065,0.075,0.13,-0.196,0.553,0.213,0.516,0.054,0.252,0.146,0.254,0.23,0.037,0.249,-0.028,0.342,0.364,0.135,-0.144,0.455,0.071,0.022,0.429,-0.116,0.057,0.248,-0.034,0.293,0.086,0.188,0.125,0.303,-0.274,-0.065,0.094,-0.286
ARLP,-0.208,0.16,0.502,0.144,-0.288,0.103,-0.898,-0.649,-0.486,-0.742,-0.614,0.275,-0.831,0.082,-0.48,-0.053,0.0,-0.591,0.046,0.392,-0.234,-0.735,0.297,-0.878,-0.302,0.086,-0.848,0.302,0.218,0.479,0.587,0.338,-0.781,0.434,0.025,-0.095,-0.687,0.464,0.15,0.003,0.581,-0.195,-0.514,0.471,0.548,0.37,-0.801,-0.473,-0.757,-0.802,0.234,-0.457,-0.296,0.463,-0.169,-0.76,-0.381,-0.57,0.4,-0.658,-0.635,0.461,0.343,-0.249,-0.366,0.497,0.384,0.43,-0.128,-0.807,-0.054,0.542,-0.667,0.899,-0.553,-0.557,0.469,-0.771,-0.724,-0.279,0.439,0.389,0.709,0.471,-0.72,0.739,0.059,-0.631,0.278,-0.181,0.622,-0.206,-0.764,0.75,0.155,0.005,0.546,0.208,0.679,0.082,-0.751,-0.573,-0.002,-0.717,-0.34,-0.727,-0.722,0.133,0.032,-0.646,0.151,0.574,0.321,-0.103,-0.701,0.754,-0.757,-0.239,-0.691,-0.282,0.431,-0.574,-0.559,-0.2,-0.237,-0.417,-0.819,-0.75,0.01,0.303,-0.661,-0.028,-0.439,-0.715,0.439,0.218,-0.716,-0.118,-0.5,-0.541,0.185,-0.635,0.491,0.539,0.349,0.091,-0.45,0.364,0.33,0.329,0.336,-0.866,0.425,0.457,-0.414,0.227,-0.555,-0.716,-0.777,-0.531,-0.564,0.062,-0.049,-0.627,-0.374,-0.838,0.329,-0.658,-0.617,0.345,-0.4,-0.343,0.433,0.722,-0.851,-0.495,-0.159,-0.652,-0.826,-0.282,-0.07,0.803,0.53,-0.289,0.882,0.125,-0.028,0.534,0.129,0.623,-0.701,-0.337,-0.559,-0.246,-0.738,-0.516,0.008,-0.098,0.029,0.317
ATEX,-0.336,-0.209,-0.922,0.495,-0.133,-0.706,0.475,0.213,0.013,0.387,0.439,-0.443,0.822,-0.463,0.931,-0.008,-0.591,0.0,-0.488,-0.84,-0.059,0.664,0.287,0.746,0.01,0.659,0.615,0.059,-0.796,-0.898,-0.649,-0.887,0.712,-0.864,-0.128,0.423,0.231,-0.936,-0.385,-0.345,-0.903,-0.425,0.69,-0.857,-0.789,-0.586,0.732,0.901,0.149,0.485,-0.588,-0.224,-0.058,-0.558,0.343,0.867,0.695,0.151,-0.781,0.902,0.559,-0.531,-0.018,-0.408,0.913,-0.933,-0.711,-0.849,-0.656,0.821,0.589,-0.269,0.173,-0.504,-0.068,0.086,-0.892,0.6,0.406,-0.215,-0.935,-0.868,-0.764,-0.9,0.93,-0.684,0.65,0.296,0.238,-0.202,-0.88,-0.264,0.554,-0.635,-0.531,0.043,-0.9,-0.664,-0.873,0.182,0.771,-0.005,0.419,0.751,-0.329,0.854,0.262,-0.097,0.005,0.304,0.406,-0.454,0.432,-0.21,0.823,-0.239,0.414,0.355,0.807,0.195,-0.898,0.625,0.536,-0.406,-0.324,-0.171,0.51,0.556,-0.197,-0.75,0.377,-0.557,0.269,0.917,-0.642,0.235,0.67,-0.597,0.624,0.913,-0.698,0.493,0.036,-0.582,-0.684,0.164,0.509,-0.797,0.011,0.262,-0.659,0.627,0.046,-0.758,-0.359,-0.738,0.148,0.52,0.646,0.169,-0.005,0.705,0.555,0.774,-0.273,0.744,-0.823,0.358,0.514,-0.864,0.062,0.444,0.272,-0.737,0.376,0.175,0.369,0.066,0.629,-0.312,-0.305,-0.75,-0.897,-0.241,-0.625,-0.776,-0.374,-0.9,-0.768,-0.46,0.37,0.485,0.459,0.088,0.265,0.584,0.544,0.602,-0.713,-0.419
ATRA,0.708,0.124,0.52,-0.149,0.73,0.856,0.111,0.111,0.718,-0.08,0.365,0.537,-0.321,0.666,-0.395,0.317,0.046,-0.488,0.0,0.703,0.52,0.012,-0.327,-0.192,0.495,-0.646,0.145,0.223,0.641,0.716,0.325,0.597,-0.344,0.678,0.488,0.153,-0.097,0.419,0.689,0.344,0.657,0.833,-0.393,0.492,0.686,0.676,0.025,-0.667,0.141,0.057,0.717,0.714,0.085,-0.174,0.311,-0.171,-0.022,0.229,0.616,-0.387,0.072,0.085,0.187,0.367,-0.578,0.543,0.743,0.705,0.604,-0.235,-0.361,0.22,0.589,0.132,0.685,0.511,0.715,0.162,0.25,0.117,0.69,0.645,0.343,0.529,-0.393,0.332,-0.382,0.392,-0.693,0.788,0.527,0.704,0.246,0.266,0.572,0.267,0.656,0.844,0.479,-0.617,-0.102,0.3,-0.132,-0.266,0.26,-0.209,0.098,0.099,0.491,0.499,0.001,0.076,-0.497,0.42,-0.07,-0.061,0.244,0.183,-0.389,0.433,0.57,0.143,0.185,0.77,0.276,0.602,-0.136,0.166,0.388,0.746,-0.041,0.871,-0.445,-0.247,0.424,-0.657,-0.115,0.811,-0.185,-0.359,0.861,0.306,0.12,0.671,0.429,0.086,0.163,0.421,-0.003,-0.313,0.779,0.078,-0.329,0.662,0.699,0.514,0.542,0.223,0.056,0.233,0.634,-0.663,-0.153,-0.192,0.638,-0.113,0.784,0.025,0.209,0.795,0.673,0.027,-0.101,0.503,0.265,0.348,-0.169,0.599,-0.121,0.776,0.442,0.338,0.369,0.816,0.321,0.624,0.536,0.377,0.613,0.366,0.009,0.335,0.335,0.407,0.337,0.154,-0.637,-0.533,0.774,0.243
AUTL,0.442,0.257,0.922,-0.41,0.377,0.774,-0.211,-0.084,0.265,-0.405,-0.146,0.399,-0.717,0.431,-0.79,0.143,0.392,-0.84,0.703,0.0,0.395,-0.379,-0.265,-0.637,0.059,-0.715,-0.349,0.162,0.67,0.876,0.539,0.836,-0.634,0.93,0.137,-0.216,-0.282,0.729,0.607,0.288,0.853,0.652,-0.776,0.88,0.876,0.543,-0.453,-0.941,0.023,-0.322,0.647,0.514,0.068,0.418,-0.292,-0.66,-0.429,0.062,0.725,-0.742,-0.272,0.232,-0.032,0.431,-0.916,0.892,0.844,0.862,0.67,-0.735,-0.483,0.099,0.095,0.445,0.35,0.086,0.862,-0.429,-0.327,0.354,0.911,0.839,0.756,0.901,-0.8,0.75,-0.619,-0.13,-0.438,0.472,0.894,0.568,-0.209,0.428,0.796,-0.035,0.884,0.731,0.716,-0.383,-0.615,0.063,-0.481,-0.613,0.15,-0.748,-0.305,0.235,0.177,0.02,-0.326,0.272,-0.54,0.58,-0.627,0.127,-0.069,-0.327,-0.787,-0.068,0.816,-0.42,-0.38,0.528,0.475,0.235,-0.405,-0.41,0.101,0.816,-0.3,0.771,-0.359,-0.717,0.414,-0.557,-0.463,0.744,-0.584,-0.673,0.859,-0.27,-0.082,0.621,0.55,-0.233,-0.228,0.703,0.06,-0.199,0.725,-0.391,-0.007,0.666,0.539,0.739,0.117,-0.39,-0.466,-0.123,0.287,-0.818,-0.487,-0.762,0.427,-0.572,0.887,-0.131,-0.26,0.886,0.176,-0.344,-0.318,0.697,-0.065,-0.047,-0.482,0.201,-0.548,0.477,0.276,0.671,0.779,0.541,0.533,0.724,0.347,0.824,0.66,0.296,-0.298,-0.298,-0.298,-0.149,-0.022,-0.289,-0.575,-0.8,0.809,0.142
AVDL,0.455,0.339,0.222,0.008,0.564,0.352,0.394,0.406,0.691,0.053,0.594,0.178,-0.022,0.254,-0.081,0.496,-0.234,-0.059,0.52,0.395,0.0,0.453,-0.06,0.144,0.465,-0.431,0.422,0.139,0.086,0.101,-0.125,0.172,0.09,0.253,0.297,0.369,-0.125,-0.066,0.406,0.324,0.138,0.681,-0.294,0.341,0.289,-0.021,0.337,-0.27,0.343,0.174,0.336,0.689,0.07,-0.189,0.089,0.234,0.409,0.234,0.309,0.159,0.457,-0.286,-0.219,0.368,-0.318,0.135,0.279,0.142,0.404,-0.018,-0.094,0.055,0.574,-0.144,0.642,0.491,0.28,0.32,0.141,0.466,0.301,0.267,0.093,0.214,-0.006,0.109,-0.327,0.443,-0.505,0.567,0.215,0.652,0.574,-0.29,0.522,-0.003,0.125,0.245,-0.118,-0.415,0.269,0.425,-0.162,0.19,0.161,0.056,0.111,0.425,0.177,0.53,-0.152,-0.336,-0.363,0.667,0.097,-0.213,0.527,0.21,-0.107,0.153,0.019,0.338,0.134,0.496,0.351,0.385,0.16,0.355,0.342,0.27,0.132,0.659,-0.125,0.14,-0.184,-0.501,0.229,0.506,-0.223,0.048,0.456,0.4,-0.161,0.194,-0.237,0.062,0.331,0.092,0.033,-0.09,0.193,0.346,-0.268,0.15,0.555,0.17,0.568,0.218,0.194,-0.063,0.695,-0.445,-0.096,-0.01,0.381,0.267,0.244,0.416,0.518,0.286,0.67,0.02,-0.124,0.035,0.576,0.236,-0.231,0.65,0.007,0.622,0.27,0.105,-0.096,0.685,-0.053,0.136,0.247,0.051,0.12,-0.058,0.247,0.142,0.237,-0.013,0.637,0.453,-0.174,-0.347,0.465,-0.189
BCRX,0.167,0.024,-0.537,0.123,0.299,-0.208,0.821,0.667,0.559,0.56,0.724,-0.156,0.781,-0.213,0.612,0.117,-0.735,0.664,0.012,-0.379,0.453,0.0,0.083,0.779,0.377,0.121,0.881,-0.03,-0.426,-0.57,-0.511,-0.4,0.724,-0.415,0.172,0.327,0.378,-0.664,0.13,0.1,-0.566,0.263,0.495,-0.407,-0.457,-0.392,0.941,0.512,0.515,0.716,-0.116,0.432,0.147,-0.457,0.326,0.871,0.664,0.588,-0.251,0.785,0.711,-0.436,-0.328,0.215,0.454,-0.55,-0.287,-0.513,-0.003,0.689,0.286,-0.337,0.626,-0.681,0.582,0.581,-0.443,0.744,0.664,0.307,-0.479,-0.392,-0.621,-0.443,0.772,-0.609,0.126,0.685,-0.231,0.297,-0.555,0.366,0.878,-0.78,-0.023,0.137,-0.562,-0.187,-0.766,-0.03,0.769,0.539,0.149,0.78,0.14,0.71,0.471,0.002,0.061,0.66,0.023,-0.475,-0.073,0.354,0.712,-0.443,0.654,0.321,0.683,0.384,-0.566,0.656,0.581,0.203,0.118,0.243,0.695,0.761,0.038,-0.223,0.516,0.122,0.328,0.76,-0.543,-0.141,0.874,0.095,0.385,0.673,-0.187,0.718,-0.108,-0.335,-0.468,0.109,0.638,-0.507,-0.035,-0.032,-0.264,0.82,-0.399,-0.397,0.292,-0.303,0.566,0.682,0.818,0.311,0.626,0.083,0.224,0.624,0.203,0.875,-0.426,0.701,0.688,-0.397,0.456,0.352,-0.079,-0.657,0.752,0.493,0.222,0.594,0.667,0.24,0.101,-0.668,-0.682,0.343,-0.667,-0.304,-0.032,-0.561,-0.311,-0.441,0.642,0.442,0.589,0.236,0.755,0.675,0.251,0.22,-0.014,-0.364
BHAT,-0.364,0.191,-0.275,0.56,-0.276,-0.58,-0.32,-0.208,-0.348,-0.419,-0.216,-0.044,-0.009,-0.384,0.265,-0.003,0.297,0.287,-0.327,-0.265,-0.06,0.083,0.0,-0.179,0.003,0.702,-0.213,0.104,-0.549,-0.386,-0.003,-0.39,-0.057,-0.3,0.129,0.268,-0.424,-0.343,0.003,-0.027,-0.292,-0.423,0.046,-0.159,-0.17,-0.219,-0.017,0.338,-0.585,-0.171,-0.326,-0.486,-0.109,-0.002,0.092,0.117,0.255,-0.31,-0.145,0.291,-0.215,0.174,-0.022,-0.426,0.369,-0.244,-0.261,-0.372,-0.543,-0.033,0.601,0.314,-0.364,0.384,-0.469,-0.266,-0.293,-0.24,-0.271,-0.214,-0.356,-0.416,0.094,-0.158,0.129,0.092,0.505,-0.212,0.586,-0.312,-0.131,-0.372,-0.157,-0.092,-0.149,0.015,-0.28,-0.333,-0.227,0.314,-0.054,-0.246,0.346,-0.039,-0.469,0.007,-0.466,0.091,-0.206,-0.394,0.192,0.163,0.579,0.041,-0.05,0.666,-0.387,0.046,0.169,-0.176,-0.366,-0.113,-0.197,-0.519,-0.388,-0.552,-0.319,-0.231,-0.304,-0.292,-0.19,-0.42,-0.208,0.108,-0.334,0.586,0.051,-0.513,-0.171,0.261,-0.442,-0.073,0.49,0.002,-0.286,0.126,-0.067,-0.324,0.436,0.683,-0.261,-0.159,0.317,-0.162,-0.534,-0.24,-0.362,-0.28,-0.154,-0.301,-0.443,0.53,0.449,0.1,-0.483,0.007,-0.445,-0.126,-0.202,-0.451,-0.304,-0.245,0.586,-0.185,-0.311,-0.267,0.261,-0.512,-0.331,-0.472,-0.158,0.125,-0.303,-0.42,0.275,-0.481,-0.406,-0.278,-0.532,0.194,-0.259,-0.027,-0.107,-0.224,-0.244,0.12,0.702,0.395,-0.461,-0.304
BLBD,0.073,-0.243,-0.722,0.049,0.159,-0.26,0.823,0.574,0.373,0.845,0.634,-0.247,0.92,-0.123,0.678,0.094,-0.878,0.746,-0.192,-0.637,0.144,0.779,-0.179,0.0,0.275,0.114,0.873,-0.218,-0.385,-0.668,-0.613,-0.523,0.855,-0.654,-0.003,0.175,0.64,-0.633,-0.287,-0.092,-0.711,0.025,0.731,-0.682,-0.703,-0.461,0.836,0.688,0.644,0.762,-0.272,0.251,0.227,-0.571,0.341,0.872,0.566,0.444,-0.494,0.772,0.735,-0.464,-0.186,0.107,0.592,-0.727,-0.582,-0.629,-0.084,0.907,0.136,-0.384,0.574,-0.894,0.406,0.435,-0.622,0.859,0.758,0.126,-0.616,-0.537,-0.904,-0.694,0.868,-0.848,0.152,0.672,-0.18,0.057,-0.825,0.091,0.752,-0.699,-0.427,-0.003,-0.723,-0.39,-0.774,-0.004,0.897,0.444,0.21,0.859,0.293,0.885,0.767,-0.104,-0.021,0.624,0.068,-0.509,-0.094,-0.113,0.838,-0.674,0.663,0.43,0.814,0.351,-0.619,0.708,0.651,0.127,0.006,0.364,0.87,0.853,0.138,-0.498,0.549,-0.15,0.524,0.847,-0.396,-0.063,0.754,-0.11,0.664,0.644,-0.382,0.668,-0.333,-0.571,-0.498,0.118,0.514,-0.516,-0.333,-0.227,-0.433,0.864,-0.371,-0.538,0.199,-0.506,0.51,0.817,0.851,0.447,0.447,0.231,0.191,0.805,0.153,0.912,-0.541,0.568,0.724,-0.519,0.396,0.525,-0.192,-0.73,0.721,0.496,0.346,0.551,0.906,0.17,-0.015,-0.898,-0.754,0.116,-0.882,-0.365,0.019,-0.712,-0.271,-0.542,0.696,0.435,0.617,0.361,0.651,0.584,0.113,0.423,-0.246,-0.172
BMRN,0.618,0.283,-0.093,0.089,0.634,0.301,0.298,0.438,0.645,0.255,0.487,0.369,0.201,0.448,-0.015,0.28,-0.302,0.01,0.495,0.059,0.465,0.377,0.003,0.275,0.0,-0.22,0.391,-0.238,0.197,0.065,-0.077,0.063,0.118,-0.012,0.668,0.372,0.138,0.055,0.333,0.527,0.036,0.48,0.057,-0.031,0.075,0.226,0.353,-0.01,0.103,0.431,0.218,0.454,0.426,-0.532,0.504,0.369,0.337,0.163,0.279,0.222,0.123,0.124,-0.097,0.184,-0.046,-0.037,-0.004,0.036,0.376,0.323,0.046,0.409,0.688,-0.259,0.497,0.57,0.176,0.464,0.559,0.131,0.168,-0.013,-0.145,0.033,0.134,-0.318,-0.176,0.679,-0.293,0.472,-0.05,0.271,0.44,-0.229,0.044,0.268,-0.004,0.35,-0.097,-0.226,0.395,0.534,0.284,0.114,0.429,0.329,0.446,0.008,0.019,0.389,-0.102,-0.153,-0.227,0.169,0.204,-0.117,0.267,0.543,0.271,0.323,-0.03,0.36,0.328,0.516,0.132,0.498,0.11,0.52,0.336,0.129,0.234,0.408,-0.247,0.223,-0.019,-0.089,0.327,0.385,0.0,0.005,0.216,0.647,0.04,0.222,-0.071,0.373,0.158,0.03,-0.136,-0.07,0.193,0.403,-0.45,0.339,0.47,0.114,0.533,0.49,0.355,0.426,0.484,-0.206,0.203,0.454,0.414,0.483,0.125,0.292,0.372,0.166,0.634,-0.001,0.07,-0.162,0.444,0.419,0.269,0.497,0.138,0.555,0.338,-0.085,-0.245,0.469,-0.123,0.227,0.367,-0.275,0.228,0.25,0.379,0.358,0.539,0.488,0.601,0.439,-0.045,0.092,0.313,0.142
BNGO,-0.621,-0.096,-0.7,0.577,-0.472,-0.855,-0.239,-0.239,-0.54,-0.171,-0.154,-0.359,0.332,-0.633,0.668,-0.269,0.086,0.659,-0.646,-0.715,-0.431,0.121,0.702,0.114,-0.22,0.0,-0.038,0.118,-0.758,-0.689,-0.292,-0.728,0.234,-0.686,-0.148,0.289,-0.152,-0.635,-0.289,-0.425,-0.643,-0.801,0.438,-0.655,-0.564,-0.44,0.151,0.745,-0.515,-0.03,-0.593,-0.747,-0.163,-0.156,0.189,0.377,0.342,-0.258,-0.599,0.514,-0.024,-0.071,0.117,-0.68,0.809,-0.645,-0.587,-0.702,-0.872,0.321,0.719,0.155,-0.46,0.135,-0.641,-0.415,-0.664,-0.069,-0.116,-0.451,-0.787,-0.786,-0.269,-0.66,0.48,-0.266,0.824,-0.231,0.754,-0.58,-0.539,-0.616,-0.114,-0.211,-0.541,0.064,-0.636,-0.652,-0.493,0.508,0.228,-0.402,0.489,0.227,-0.587,0.358,-0.267,-0.238,-0.159,-0.366,0.43,0.016,0.74,-0.415,0.333,0.401,-0.264,0.061,0.478,-0.143,-0.668,0.054,0.053,-0.742,-0.596,-0.673,-0.102,-0.082,-0.394,-0.683,-0.027,-0.811,0.006,0.398,-0.436,0.658,0.245,-0.85,0.329,0.592,-0.809,0.032,0.425,-0.343,-0.407,0.199,0.028,-0.593,0.298,0.573,-0.552,0.019,0.412,-0.537,-0.798,-0.575,-0.427,-0.08,0.09,-0.161,-0.609,0.894,0.609,0.419,-0.613,0.188,-0.76,-0.086,-0.144,-0.816,-0.438,0.117,0.594,-0.412,-0.326,-0.284,0.341,-0.573,0.019,-0.713,-0.486,-0.238,-0.554,-0.711,-0.014,-0.786,-0.588,-0.607,-0.8,-0.05,-0.114,0.159,0.047,-0.153,-0.313,0.096,0.807,0.643,-0.848,-0.178
BUSE,0.277,-0.129,-0.534,-0.006,0.426,-0.029,0.872,0.681,0.646,0.713,0.813,-0.164,0.805,-0.078,0.599,0.093,-0.848,0.615,0.145,-0.349,0.422,0.881,-0.213,0.873,0.391,-0.038,0.0,-0.055,-0.26,-0.455,-0.578,-0.322,0.763,-0.388,0.105,0.312,0.523,-0.565,0.099,-0.017,-0.504,0.325,0.517,-0.464,-0.442,-0.325,0.917,0.465,0.663,0.764,-0.018,0.523,0.252,-0.543,0.39,0.862,0.6,0.647,-0.29,0.707,0.814,-0.522,-0.198,0.215,0.404,-0.534,-0.253,-0.422,0.084,0.787,0.112,-0.331,0.745,-0.799,0.696,0.635,-0.353,0.858,0.788,0.247,-0.417,-0.343,-0.711,-0.505,0.753,-0.67,0.074,0.77,-0.378,0.338,-0.588,0.411,0.897,-0.71,-0.101,0.086,-0.511,-0.114,-0.703,-0.096,0.873,0.591,0.127,0.789,0.276,0.794,0.686,-0.113,0.195,0.784,0.046,-0.52,-0.261,0.177,0.824,-0.661,0.783,0.375,0.674,0.449,-0.472,0.715,0.702,0.373,0.117,0.449,0.804,0.85,0.185,-0.227,0.54,0.19,0.356,0.768,-0.394,-0.329,0.813,0.197,0.616,0.616,-0.087,0.821,-0.259,-0.357,-0.377,0.105,0.576,-0.434,-0.249,-0.313,-0.18,0.926,-0.421,-0.381,0.428,-0.258,0.682,0.828,0.885,0.442,0.723,0.001,0.162,0.708,0.386,0.885,-0.283,0.705,0.755,-0.293,0.613,0.515,-0.231,-0.573,0.833,0.551,0.185,0.78,0.8,0.411,0.046,-0.735,-0.629,0.417,-0.741,-0.236,0.066,-0.56,-0.174,-0.49,0.719,0.553,0.719,0.366,0.836,0.662,0.015,0.158,0.046,-0.124
CAKE,-0.114,0.088,0.088,0.529,0.04,0.131,-0.154,-0.47,0.085,-0.317,0.181,0.225,-0.289,0.132,0.155,0.262,0.302,0.059,0.223,0.162,0.139,-0.03,0.104,-0.218,-0.238,0.118,-0.055,0.0,-0.137,0.108,0.333,-0.073,-0.341,0.165,0.01,0.463,-0.547,-0.252,0.107,-0.2,0.186,0.113,-0.076,-0.007,0.373,0.296,0.053,-0.183,-0.192,-0.253,0.361,-0.061,-0.504,-0.181,0.243,-0.093,0.312,0.031,0.056,-0.108,0.147,-0.228,0.6,-0.215,0.054,-0.031,0.377,0.244,-0.355,-0.258,0.131,0.055,-0.036,0.452,0.01,-0.143,0.022,-0.015,-0.228,-0.365,0.005,0.108,0.146,0.023,-0.019,0.387,0.33,-0.142,-0.23,0.372,0.197,0.335,0.098,0.346,0.304,0.158,0.231,0.13,0.209,-0.387,-0.095,-0.4,0.14,-0.184,-0.593,-0.045,-0.466,0.356,0.685,0.261,0.732,0.158,0.392,0.183,0.102,0.308,0.039,0.17,-0.343,0.347,-0.014,0.308,0.236,-0.046,-0.345,-0.042,-0.305,-0.08,0.061,0.23,-0.41,0.159,-0.389,0.092,0.158,-0.306,-0.226,-0.054,-0.026,0.213,0.275,-0.092,0.428,0.462,0.037,0.201,0.252,-0.096,0.525,0.317,0.312,-0.272,0.344,0.102,-0.218,-0.193,0.068,-0.042,-0.056,-0.394,0.032,0.181,0.341,-0.212,-0.106,-0.246,0.159,-0.352,0.259,0.144,0.155,0.203,0.458,0.449,-0.194,0.092,0.02,-0.072,-0.181,-0.078,-0.065,0.24,0.002,0.218,0.38,-0.223,-0.001,0.018,-0.147,0.215,-0.305,0.282,0.062,0.031,-0.298,0.156,-0.11,-0.02,-0.051,-0.174
CASY,0.594,0.074,0.739,-0.481,0.329,0.837,-0.141,0.025,0.341,-0.044,-0.042,0.49,-0.527,0.644,-0.772,0.028,0.218,-0.796,0.641,0.67,0.086,-0.426,-0.549,-0.385,0.197,-0.758,-0.26,-0.137,0.0,0.863,0.486,0.781,-0.477,0.723,0.317,-0.276,0.12,0.836,0.319,0.377,0.777,0.587,-0.466,0.619,0.655,0.709,-0.414,-0.746,0.091,-0.159,0.599,0.439,0.106,0.218,-0.067,-0.572,-0.6,0.043,0.63,-0.702,-0.295,0.452,0.084,0.484,-0.738,0.77,0.665,0.818,0.749,-0.47,-0.679,0.192,0.204,0.15,0.359,0.267,0.804,-0.198,0.039,0.162,0.834,0.816,0.448,0.696,-0.688,0.343,-0.664,0.015,-0.457,0.398,0.645,0.341,-0.253,0.502,0.41,0.237,0.769,0.776,0.745,-0.344,-0.441,0.205,-0.366,-0.481,0.504,-0.515,0.146,-0.025,0.212,0.038,-0.327,0.261,-0.53,0.108,-0.457,-0.108,-0.07,-0.113,-0.572,0.186,0.796,-0.265,-0.108,0.609,0.351,0.483,-0.232,-0.146,0.393,0.734,-0.04,0.646,-0.227,-0.641,0.643,-0.335,-0.407,0.735,-0.332,-0.799,0.749,-0.134,-0.123,0.535,0.723,-0.045,-0.262,0.742,-0.189,-0.451,0.689,-0.277,-0.315,0.75,0.586,0.627,0.231,-0.063,-0.274,0.198,0.302,-0.753,-0.436,-0.415,0.536,-0.441,0.842,-0.167,-0.211,0.86,0.266,-0.193,-0.371,0.604,-0.033,0.159,-0.207,0.289,-0.214,0.611,0.489,0.452,0.736,0.476,0.357,0.884,0.506,0.671,0.857,0.399,-0.091,-0.139,-0.032,0.226,0.011,-0.365,-0.71,-0.519,0.768,0.454
CCOI,0.504,0.135,0.873,-0.39,0.359,0.856,-0.349,-0.219,0.196,-0.352,-0.229,0.529,-0.748,0.603,-0.819,0.049,0.479,-0.898,0.716,0.876,0.101,-0.57,-0.386,-0.668,0.065,-0.689,-0.455,0.108,0.863,0.0,0.655,0.837,-0.725,0.891,0.251,-0.236,-0.199,0.863,0.511,0.314,0.95,0.571,-0.64,0.759,0.877,0.782,-0.576,-0.923,-0.105,-0.386,0.682,0.353,0.053,0.316,-0.106,-0.748,-0.569,-0.039,0.74,-0.867,-0.415,0.424,0.222,0.347,-0.848,0.894,0.848,0.955,0.648,-0.694,-0.568,0.253,0.055,0.473,0.251,0.064,0.895,-0.41,-0.205,0.091,0.929,0.865,0.707,0.841,-0.849,0.66,-0.556,-0.138,-0.423,0.45,0.852,0.396,-0.374,0.67,0.571,0.144,0.948,0.841,0.89,-0.395,-0.656,0.023,-0.356,-0.712,0.244,-0.722,-0.204,0.048,0.269,-0.059,-0.184,0.41,-0.448,0.235,-0.609,0.169,-0.225,-0.209,-0.785,0.075,0.904,-0.41,-0.261,0.542,0.286,0.328,-0.486,-0.397,0.243,0.845,-0.319,0.685,-0.428,-0.775,0.684,-0.419,-0.585,0.707,-0.476,-0.8,0.856,-0.293,0.055,0.725,0.739,-0.081,-0.313,0.751,-0.007,-0.293,0.815,-0.499,-0.106,0.814,0.457,0.736,0.077,-0.305,-0.462,0.032,0.168,-0.726,-0.419,-0.671,0.442,-0.657,0.945,-0.337,-0.346,0.944,0.162,-0.254,-0.21,0.804,-0.241,0.032,-0.321,0.12,-0.495,0.46,0.341,0.676,0.858,0.462,0.613,0.823,0.463,0.795,0.813,0.516,-0.298,-0.166,-0.186,0.116,-0.187,-0.424,-0.689,-0.656,0.769,0.405
