,AAPL,ACRS,ADP,AFYA,AGNC,AGYS,ALT,AMGN,AMPH,AMZN,ANIP,AOSL,APDN,APLT,APVO,ARGX,ARLP,ATEX,ATRA,AUTL,AVDL,BCRX,BHAT,BLBD,BMRN,BNGO,BUSE,CAKE,CASY,CCOI,CEVA,CHY,CLDX,CLMT,COHU,COLM,COST,CPRT,CSWC,CSX,DBX,DCOM,DKNG,DMLP,DOX,EA,EDIT,ENPH,ENSG,ERNA,ESGR,ETNB,EXTR,FANG,FARO,FATE,FGEN,FIVE,FIVN,FLGT,FOLD,FORM,FOXA,FRPT,FSLR,FTAI,GBDC,GDYN,GGAL,GNLN,GRFS,GT,HCAT,HCM,HFWA,HOLX,HQY,HUBG,IAC,ICLR,IDCC,IEP,IHRT,ILMN,ILPT,IMAB,IMOS,INMD,INTZ,JAZZ,JKHY,JRVR,KIDS,LBRDK,LGND,LMAT,LPLA,LULU,MASI,MAT,MATW,MBIN,MBIO,MCRB,MDB,MDLZ,MELI,MIRM,MLKN,MNMD,MNRO,MPWR,MRCY,MRSN,MTVA,NAAS,NDAQ,NDSN,NEGG,NOVT,NVDA,NWE,NWSA,NXST,OCX,ODFL,OMAB,OPCH,OPRA,ORGO,OTRK,OZK,PAGP,PCH,PEGA,PENG,PENN,PFBC,PGNY,PHAT,PHUN,PINC,PLUG,PLXS,PYPL,QLYS,QNCX,QQQX,QVCGA,RAPT,RBBN,RCKT,REPL,RMBS,ROAD,ROKU,ROP,RUSHA,SANM,SATS,SBCF,SBLK,SBUX,SCHL,SCSC,SDGR,SEIC,SFIX,SGRY,SKYW,SLP,SNES,STAA,STLD,STOK,SWKS,TER,TFIN,TIGO,TILE,TPIC,TTEC,TTEK,TTGT,UXIN,VERU,VLYPP,VNOM,VRNS,VRSN,WDAY,WERN,WINA,WKHS,WRLD,XP,XTKG,YY,ZION,ZM
AAPL,0.0,-0.156,-0.147,0.472,-0.44,-0.475,-0.097,-0.144,0.186,-0.303,0.011,-0.517,0.162,-0.004,0.04,-0.542,-0.338,0.511,-0.474,0.246,-0.37,0.569,0.009,-0.616,-0.066,-0.213,-0.396,-0.017,-0.292,-0.276,-0.078,0.283,0.292,-0.42,-0.513,-0.013,0.627,-0.236,-0.61,0.251,0.266,-0.179,-0.27,-0.553,0.245,0.102,0.349,-0.238,0.308,-0.117,-0.147,0.303,0.154,-0.389,-0.079,-0.019,0.121,0.558,-0.124,0.122,-0.025,-0.652,-0.713,-0.682,-0.386,-0.492,-0.557,0.25,-0.158,0.234,-0.636,-0.527,0.301,0.261,-0.214,-0.328,0.429,-0.462,-0.298,0.183,0.382,0.298,-0.236,0.092,-0.135,0.024,0.064,0.057,0.303,0.323,-0.074,-0.594,-0.025,0.232,-0.115,0.328,0.561,0.533,-0.591,-0.134,-0.102,-0.249,0.137,0.125,0.122,0.297,0.017,0.283,0.362,-0.403,-0.363,0.065,-0.254,0.35,0.276,0.015,-0.425,-0.728,0.443,0.115,0.171,-0.591,-0.203,-0.499,0.117,-0.346,-0.646,-0.168,0.095,0.033,-0.232,-0.508,-0.527,-0.33,0.082,-0.401,-0.178,-0.554,-0.044,-0.647,0.383,0.012,0.023,-0.473,-0.396,0.104,0.258,-0.494,0.092,0.479,-0.376,0.341,0.449,0.032,-0.646,0.245,0.126,-0.615,-0.262,0.1,-0.176,-0.185,0.222,-0.015,-0.003,-0.057,-0.537,-0.403,-0.061,-0.627,-0.093,0.738,-0.176,-0.734,-0.509,-0.245,-0.409,-0.22,-0.649,-0.249,-0.128,0.306,-0.466,-0.252,0.102,0.0,-0.682,-0.267,0.241,0.204,0.061,-0.321,0.215,0.399,-0.486,-0.144,-0.375,-0.303,-0.579,0.275
ACRS,-0.156,0.0,0.27,-0.475,0.304,0.689,0.305,0.343,-0.091,0.302,-0.066,0.399,-0.262,0.018,-0.201,0.435,0.307,-0.307,0.308,-0.22,0.186,-0.159,-0.146,0.686,0.322,0.173,0.403,0.364,0.28,0.434,0.004,-0.389,0.035,0.272,0.668,0.243,-0.241,0.33,0.579,-0.116,-0.105,0.281,-0.038,0.493,-0.117,0.03,-0.28,0.615,0.052,0.001,0.409,-0.413,0.034,0.331,0.175,0.085,-0.17,-0.28,0.026,-0.253,-0.104,0.526,0.691,0.245,0.4,0.433,0.566,-0.26,0.059,-0.096,0.426,0.51,-0.246,-0.071,0.425,0.438,-0.089,0.358,0.198,-0.178,-0.248,-0.303,0.437,0.018,0.352,0.106,-0.099,0.102,-0.405,-0.272,0.218,0.65,0.322,-0.152,0.137,-0.336,-0.151,-0.35,0.442,0.126,0.246,0.297,-0.06,-0.167,-0.113,-0.281,-0.164,-0.6,-0.578,0.025,0.585,-0.095,0.593,-0.229,-0.271,0.099,0.307,0.575,-0.502,-0.049,-0.144,0.622,0.061,0.558,-0.329,0.284,0.435,0.215,0.049,0.14,0.55,0.559,0.267,0.301,-0.185,0.209,0.378,0.609,0.073,0.214,-0.361,-0.013,0.033,0.494,0.291,0.161,-0.436,0.566,0.192,0.191,0.392,-0.128,-0.234,0.136,0.559,-0.052,0.131,0.553,0.452,0.518,0.163,-0.208,-0.025,-0.041,0.377,-0.115,0.393,0.527,0.236,0.502,-0.188,-0.057,0.038,0.606,0.635,0.493,0.552,0.344,0.515,0.142,0.408,-0.16,0.398,0.147,-0.287,0.163,0.538,0.21,-0.389,-0.121,-0.175,0.273,0.273,-0.167,0.593,-0.039,0.509,0.089,0.697,-0.214
ADP,-0.147,0.27,0.0,0.027,0.485,0.296,0.189,0.416,0.29,0.034,0.346,0.185,0.3,0.415,0.185,0.449,-0.093,0.254,0.088,0.285,0.586,0.308,-0.005,0.397,-0.065,0.545,0.643,0.235,0.533,0.187,0.371,0.343,0.354,0.018,0.313,0.433,0.266,0.506,0.258,0.306,0.283,0.832,0.355,-0.11,0.299,0.279,0.213,0.31,0.332,0.024,0.418,0.046,0.482,-0.048,0.537,0.306,0.267,-0.071,0.434,0.266,0.317,0.214,0.294,0.485,0.024,0.059,0.047,0.263,0.009,-0.082,0.153,0.571,0.263,-0.121,0.5,0.015,-0.045,0.59,0.427,0.317,0.324,-0.052,0.194,0.607,0.742,0.342,0.488,0.273,0.071,0.207,0.513,0.432,0.096,0.208,-0.124,0.43,0.064,0.064,0.191,0.31,0.502,0.514,0.266,0.144,0.451,0.224,0.31,0.0,-0.029,-0.137,0.578,0.365,0.265,0.142,0.181,0.483,0.484,0.466,0.108,0.421,0.157,0.386,0.433,0.48,0.056,0.296,0.021,0.499,0.251,-0.106,0.201,0.686,-0.016,0.539,0.471,0.391,0.422,0.61,0.505,0.267,0.136,0.527,0.514,0.056,0.607,0.413,0.113,0.5,0.399,0.185,0.436,0.319,0.182,0.543,0.225,0.363,0.528,0.542,0.542,0.35,0.552,0.303,0.281,0.488,0.454,0.464,0.545,0.585,0.451,0.425,-0.01,-0.21,-0.12,0.334,0.035,0.571,0.683,0.71,0.114,0.488,0.485,0.264,0.013,0.444,0.109,-0.183,0.357,-0.017,0.167,0.184,0.382,0.591,0.397,0.042,0.597,0.373,-0.039,-0.193,0.56,0.269
AFYA,0.472,-0.475,0.027,0.0,0.174,-0.763,0.407,0.177,0.774,-0.854,0.367,-0.576,0.702,0.578,0.792,-0.276,-0.862,0.888,-0.54,0.794,-0.04,0.713,-0.014,-0.607,-0.864,0.206,0.093,0.395,-0.01,-0.469,0.582,0.84,0.631,-0.76,-0.482,0.401,0.538,0.302,-0.869,0.86,0.721,-0.019,0.038,-0.704,0.851,0.706,0.922,-0.553,0.648,0.328,0.35,0.864,0.596,-0.909,0.505,0.647,0.679,0.852,0.285,0.673,0.641,-0.755,-0.656,-0.262,-0.91,-0.907,-0.941,0.901,-0.741,-0.081,-0.724,-0.024,0.885,-0.331,0.304,-0.765,0.579,-0.152,0.41,0.799,0.689,-0.118,-0.714,0.42,-0.06,0.179,0.662,0.666,0.811,0.929,0.187,-0.513,-0.745,0.841,-0.672,0.6,0.725,0.958,-0.667,0.548,0.431,0.353,0.792,0.787,0.166,0.898,0.624,0.721,0.774,-0.323,-0.357,0.105,-0.521,0.922,0.837,0.404,-0.492,-0.469,0.951,0.666,0.413,-0.313,0.495,-0.118,0.578,-0.48,-0.9,0.352,0.039,-0.448,-0.392,-0.236,-0.794,0.199,0.594,0.283,0.271,-0.385,0.5,-0.715,0.891,0.489,0.649,-0.819,-0.284,0.141,0.873,-0.288,0.615,-0.178,0.175,0.817,0.838,0.233,-0.834,0.656,0.556,-0.336,0.181,-0.359,0.469,0.501,0.786,0.405,0.436,-0.118,0.018,-0.124,0.394,-0.614,-0.397,0.096,-0.681,-0.522,-0.907,0.167,-0.222,-0.035,-0.856,0.345,0.258,0.826,-0.899,0.459,0.588,-0.758,-0.582,-0.861,0.857,0.601,0.672,0.308,0.181,0.797,-0.494,0.599,-0.53,-0.543,-0.438,0.799
AGNC,-0.44,0.304,0.485,0.174,0.0,0.137,0.718,0.686,0.59,-0.274,0.527,0.217,0.433,0.687,0.631,0.575,-0.34,0.276,0.192,0.54,0.564,0.11,0.121,0.553,-0.5,0.7,0.923,0.558,0.625,0.164,0.716,0.426,0.51,-0.178,0.514,0.692,-0.093,0.832,0.174,0.521,0.474,0.546,0.452,0.126,0.52,0.599,0.427,0.15,0.537,0.39,0.845,0.298,0.546,-0.288,0.814,0.744,0.553,0.124,0.565,0.581,0.666,0.262,0.501,0.729,-0.23,-0.083,-0.008,0.497,-0.441,-0.398,0.216,0.934,0.504,-0.644,0.905,-0.164,-0.102,0.715,0.894,0.596,0.306,-0.515,-0.131,0.542,0.536,0.421,0.565,0.69,0.161,0.431,0.415,0.571,-0.439,0.55,-0.506,0.115,-0.061,0.151,0.284,0.8,0.82,0.904,0.638,0.624,0.258,0.463,0.612,0.106,0.106,-0.009,0.621,0.184,0.117,0.401,0.44,0.659,0.284,0.644,0.215,0.702,0.327,0.756,0.872,0.869,0.294,0.195,0.046,0.823,0.164,-0.347,0.249,0.825,-0.094,0.924,0.568,0.933,0.817,0.716,0.764,0.212,0.36,0.593,0.732,-0.034,0.534,0.331,0.353,0.738,0.694,-0.391,0.907,0.486,0.343,0.477,0.27,0.514,0.697,0.802,0.849,0.067,0.903,0.474,0.58,0.631,0.754,0.036,0.937,0.702,0.778,0.483,-0.359,-0.665,-0.479,0.643,0.064,0.851,0.716,0.602,0.159,0.76,0.803,0.47,-0.184,0.898,0.469,-0.617,0.508,-0.41,0.435,0.237,0.626,0.936,0.208,0.269,0.584,0.824,0.058,-0.291,0.707,0.518
AGYS,-0.475,0.689,0.296,-0.763,0.137,0.0,-0.019,-0.044,-0.503,0.701,-0.345,0.705,-0.524,-0.369,-0.469,0.328,0.713,-0.596,0.627,-0.6,0.229,-0.446,-0.249,0.674,0.55,0.127,0.277,-0.036,0.062,0.59,-0.156,-0.628,-0.421,0.748,0.749,-0.108,-0.448,-0.005,0.848,-0.478,-0.516,0.338,-0.091,0.644,-0.471,-0.304,-0.615,0.732,-0.445,-0.194,0.03,-0.68,-0.327,0.74,-0.159,-0.258,-0.531,-0.651,-0.13,-0.485,-0.231,0.848,0.806,0.375,0.831,0.741,0.807,-0.549,0.517,-0.124,0.764,0.362,-0.615,0.23,0.077,0.698,-0.317,0.459,-0.046,-0.492,-0.607,-0.019,0.808,-0.139,0.223,-0.173,-0.301,-0.357,-0.666,-0.628,0.337,0.616,0.665,-0.564,0.61,-0.349,-0.399,-0.672,0.609,-0.195,-0.094,0.049,-0.456,-0.523,0.073,-0.645,-0.475,-0.534,-0.799,0.191,0.54,0.054,0.813,-0.616,-0.67,-0.263,0.576,0.686,-0.757,-0.39,-0.521,0.618,-0.229,0.339,-0.466,0.499,0.753,-0.101,-0.106,0.517,0.399,0.55,0.741,0.034,-0.438,-0.034,0.108,0.613,-0.249,0.604,-0.735,-0.214,-0.257,0.835,0.342,0.129,-0.731,0.48,-0.253,0.165,0.097,-0.544,-0.605,-0.041,0.757,-0.438,-0.244,0.521,0.118,0.477,-0.116,-0.354,-0.473,-0.346,-0.097,0.313,0.249,0.445,-0.149,0.653,0.333,-0.231,0.562,0.663,0.807,0.239,0.491,0.423,0.811,-0.134,0.163,-0.492,0.795,-0.136,-0.631,0.526,0.641,0.668,-0.554,-0.274,-0.49,0.075,0.086,-0.485,0.66,-0.285,0.697,0.523,0.723,-0.598
ALT,-0.097,0.305,0.189,0.407,0.718,-0.019,0.0,0.595,0.659,-0.489,0.285,-0.083,0.378,0.588,0.7,0.264,-0.549,0.446,-0.078,0.54,0.191,0.276,-0.048,0.251,-0.633,0.513,0.614,0.755,0.317,0.129,0.649,0.421,0.617,-0.4,0.413,0.757,0.032,0.787,-0.113,0.659,0.598,0.146,0.087,-0.044,0.672,0.79,0.57,0.016,0.611,0.518,0.846,0.483,0.455,-0.499,0.703,0.761,0.567,0.459,0.376,0.494,0.607,-0.013,0.2,0.346,-0.414,-0.375,-0.18,0.562,-0.702,-0.477,-0.141,0.652,0.61,-0.605,0.811,-0.326,0.342,0.352,0.771,0.692,0.306,-0.586,-0.328,0.387,0.249,0.241,0.479,0.819,0.323,0.575,0.405,0.324,-0.514,0.681,-0.593,0.142,0.289,0.432,0.029,0.747,0.776,0.729,0.75,0.688,0.099,0.567,0.56,0.13,0.081,-0.263,0.271,0.112,0.08,0.575,0.532,0.461,-0.081,0.324,0.345,0.631,0.327,0.525,0.673,0.577,0.334,-0.102,-0.271,0.688,0.102,-0.294,0.158,0.421,-0.366,0.66,0.408,0.669,0.738,0.335,0.606,-0.242,0.457,0.509,0.682,-0.206,0.088,0.331,0.412,0.513,0.785,-0.263,0.767,0.587,0.5,0.323,-0.104,0.559,0.686,0.439,0.735,0.026,0.715,0.326,0.711,0.4,0.764,-0.22,0.606,0.556,0.712,0.051,-0.631,-0.356,-0.643,0.369,-0.108,0.735,0.457,0.289,-0.121,0.45,0.646,0.642,-0.421,0.777,0.383,-0.649,0.174,-0.619,0.468,0.438,0.522,0.683,0.455,0.583,0.187,0.721,0.228,-0.35,0.388,0.559
AMGN,-0.144,0.343,0.416,0.177,0.686,-0.044,0.595,0.0,0.681,-0.417,0.682,-0.257,0.488,0.764,0.43,0.565,-0.561,0.279,-0.298,0.629,0.349,0.408,0.298,0.452,-0.255,0.616,0.639,0.541,0.723,0.094,0.33,0.485,0.707,-0.546,0.234,0.887,0.318,0.831,0.003,0.454,0.742,0.404,0.406,-0.171,0.511,0.541,0.456,0.063,0.794,0.417,0.793,0.296,0.654,-0.445,0.78,0.538,0.761,0.293,0.683,0.585,0.421,-0.106,0.221,0.553,-0.361,-0.264,-0.067,0.378,-0.474,-0.358,-0.209,0.666,0.572,-0.537,0.775,-0.334,0.113,0.363,0.656,0.637,0.617,-0.572,-0.357,0.687,0.707,0.554,0.475,0.718,0.117,0.471,0.07,0.469,-0.317,0.624,-0.738,0.32,0.088,0.213,0.241,0.607,0.869,0.622,0.626,0.532,0.143,0.53,0.633,-0.111,0.142,-0.388,0.437,0.155,-0.109,0.341,0.55,0.766,0.25,0.383,0.249,0.691,0.639,0.41,0.731,0.701,0.258,-0.139,-0.22,0.856,0.404,-0.526,0.482,0.57,-0.496,0.842,0.708,0.648,0.665,0.471,0.841,0.051,0.507,0.71,0.679,-0.352,0.506,0.188,0.445,0.583,0.77,0.045,0.807,0.636,0.5,0.61,0.086,0.763,0.827,0.604,0.823,0.163,0.754,0.346,0.698,0.762,0.814,-0.178,0.713,0.659,0.882,0.212,-0.694,-0.256,-0.729,0.382,0.045,0.672,0.676,0.363,-0.106,0.658,0.518,0.564,-0.422,0.764,0.682,-0.565,0.238,-0.483,0.215,0.207,0.661,0.672,0.61,0.297,0.421,0.617,-0.08,-0.717,0.409,0.64
AMPH,0.186,-0.091,0.29,0.774,0.59,-0.503,0.659,0.681,0.0,-0.817,0.681,-0.514,0.807,0.881,0.847,0.156,-0.896,0.78,-0.406,0.933,0.293,0.686,0.183,-0.062,-0.784,0.489,0.532,0.613,0.5,-0.343,0.617,0.834,0.788,-0.807,-0.19,0.788,0.484,0.718,-0.573,0.881,0.934,0.24,0.323,-0.514,0.889,0.789,0.882,-0.363,0.905,0.483,0.756,0.709,0.841,-0.862,0.857,0.81,0.916,0.731,0.537,0.797,0.751,-0.557,-0.25,0.188,-0.839,-0.726,-0.665,0.856,-0.82,-0.213,-0.53,0.444,0.947,-0.651,0.728,-0.701,0.415,0.181,0.725,0.927,0.791,-0.492,-0.714,0.669,0.359,0.502,0.763,0.899,0.617,0.931,0.178,-0.032,-0.72,0.933,-0.888,0.52,0.511,0.766,-0.282,0.825,0.835,0.726,0.934,0.908,0.218,0.94,0.805,0.434,0.582,-0.387,0.061,0.058,-0.437,0.857,0.873,0.71,-0.205,-0.061,0.787,0.887,0.637,0.099,0.83,0.433,0.503,-0.303,-0.706,0.815,0.175,-0.654,0.062,0.239,-0.775,0.683,0.816,0.662,0.601,0.096,0.854,-0.433,0.876,0.727,0.866,-0.74,0.092,0.12,0.859,0.192,0.901,-0.21,0.64,0.925,0.861,0.456,-0.472,0.86,0.876,0.2,0.653,-0.147,0.824,0.53,0.963,0.733,0.812,-0.195,0.488,0.331,0.808,-0.257,-0.648,-0.132,-0.893,-0.05,-0.59,0.527,0.267,0.264,-0.611,0.685,0.589,0.875,-0.831,0.829,0.783,-0.896,-0.196,-0.868,0.744,0.487,0.847,0.68,0.431,0.67,-0.02,0.791,-0.389,-0.782,0.007,0.909
AMZN,-0.303,0.302,0.034,-0.854,-0.274,0.701,-0.489,-0.417,-0.817,0.0,-0.378,0.728,-0.634,-0.644,-0.812,0.171,0.925,-0.67,0.649,-0.785,0.046,-0.569,-0.013,0.439,0.805,-0.178,-0.158,-0.552,-0.085,0.459,-0.423,-0.732,-0.62,0.888,0.402,-0.568,-0.378,-0.405,0.808,-0.791,-0.775,0.081,0.017,0.601,-0.812,-0.721,-0.846,0.593,-0.733,-0.414,-0.497,-0.802,-0.624,0.954,-0.528,-0.656,-0.788,-0.855,-0.314,-0.659,-0.531,0.764,0.502,0.209,0.929,0.924,0.807,-0.788,0.899,0.213,0.735,-0.106,-0.849,0.511,-0.456,0.735,-0.577,0.187,-0.488,-0.787,-0.699,0.419,0.82,-0.352,-0.006,-0.173,-0.55,-0.746,-0.702,-0.863,-0.069,0.35,0.814,-0.902,0.857,-0.459,-0.582,-0.831,0.509,-0.635,-0.574,-0.383,-0.829,-0.776,0.089,-0.881,-0.553,-0.399,-0.673,0.479,0.329,0.13,0.543,-0.841,-0.829,-0.484,0.511,0.376,-0.786,-0.615,-0.402,0.148,-0.55,-0.066,-0.453,0.639,0.821,-0.468,0.078,0.672,0.074,0.159,0.884,-0.333,-0.565,-0.397,-0.392,0.322,-0.58,0.666,-0.873,-0.56,-0.622,0.865,0.278,0.088,-0.853,0.241,-0.727,0.285,-0.345,-0.774,-0.802,-0.134,0.761,-0.721,-0.606,0.218,-0.279,0.472,-0.528,-0.388,-0.86,-0.471,-0.576,0.432,-0.134,0.016,-0.559,0.582,0.683,0.007,0.877,0.366,0.711,-0.231,0.158,0.169,0.792,-0.351,-0.246,-0.855,0.934,-0.556,-0.671,0.866,0.499,0.93,-0.636,-0.514,-0.657,-0.347,-0.261,-0.76,0.442,-0.62,0.452,0.703,0.35,-0.808
ANIP,0.011,-0.066,0.346,0.367,0.527,-0.345,0.285,0.682,0.681,-0.378,0.0,-0.218,0.685,0.77,0.396,0.468,-0.553,0.476,-0.191,0.765,0.441,0.519,0.51,0.204,-0.332,0.529,0.522,0.104,0.735,-0.13,0.367,0.679,0.632,-0.508,-0.224,0.55,0.539,0.572,-0.206,0.519,0.685,0.394,0.718,-0.399,0.47,0.282,0.515,-0.048,0.735,0.447,0.496,0.365,0.634,-0.481,0.726,0.452,0.728,0.243,0.612,0.611,0.481,-0.313,-0.086,0.466,-0.481,-0.258,-0.362,0.459,-0.298,0.114,-0.285,0.406,0.646,-0.538,0.507,-0.452,-0.125,0.347,0.46,0.604,0.765,-0.27,-0.422,0.76,0.624,0.674,0.665,0.582,0.295,0.564,-0.072,0.244,-0.367,0.543,-0.626,0.434,0.016,0.285,0.052,0.492,0.668,0.584,0.561,0.575,0.306,0.617,0.79,0.232,0.467,-0.14,0.413,0.179,-0.381,0.455,0.682,0.822,0.176,0.178,0.511,0.769,0.762,0.051,0.727,0.467,0.463,0.039,-0.324,0.765,0.485,-0.513,0.146,0.344,-0.476,0.708,0.84,0.557,0.345,0.323,0.839,0.085,0.6,0.671,0.653,-0.512,0.536,0.173,0.592,0.392,0.599,0.015,0.529,0.696,0.625,0.69,-0.046,0.645,0.728,0.455,0.6,0.164,0.7,0.63,0.579,0.902,0.592,0.134,0.537,0.375,0.66,0.09,-0.297,-0.151,-0.575,0.106,-0.301,0.373,0.442,0.446,-0.312,0.798,0.446,0.431,-0.486,0.634,0.804,-0.528,0.133,-0.446,0.474,0.067,0.773,0.589,0.233,0.175,0.3,0.549,-0.441,-0.732,0.088,0.685
AOSL,-0.517,0.399,0.185,-0.576,0.217,0.705,-0.083,-0.257,-0.514,0.728,-0.218,0.0,-0.409,-0.3,-0.365,0.364,0.722,-0.418,0.745,-0.511,0.275,-0.482,-0.178,0.531,0.329,0.116,0.273,-0.201,0.044,0.541,0.174,-0.461,-0.359,0.827,0.638,-0.325,-0.511,-0.037,0.778,-0.389,-0.597,0.31,0.159,0.636,-0.415,-0.285,-0.484,0.688,-0.52,-0.202,-0.09,-0.476,-0.322,0.711,-0.121,-0.13,-0.565,-0.716,-0.101,-0.34,-0.095,0.883,0.703,0.41,0.707,0.767,0.622,-0.356,0.556,0.045,0.813,0.352,-0.529,0.223,-0.004,0.627,-0.544,0.524,0.005,-0.466,-0.583,0.241,0.783,-0.154,0.114,-0.14,-0.151,-0.347,-0.445,-0.548,0.277,0.532,0.425,-0.55,0.643,-0.38,-0.494,-0.595,0.441,-0.173,-0.205,0.101,-0.434,-0.376,0.105,-0.579,-0.212,-0.18,-0.502,0.623,0.528,0.211,0.651,-0.453,-0.521,-0.2,0.514,0.688,-0.547,-0.225,-0.381,0.505,-0.094,0.287,-0.16,0.668,0.765,-0.158,0.079,0.54,-0.041,0.485,0.827,0.051,-0.326,0.083,0.044,0.588,-0.256,0.611,-0.621,-0.316,-0.173,0.841,0.399,0.294,-0.587,0.482,-0.339,-0.044,0.085,-0.479,-0.575,0.09,0.746,-0.51,-0.322,0.496,0.095,0.419,-0.077,0.015,-0.532,-0.25,-0.186,0.444,0.293,0.302,-0.271,0.717,0.583,-0.38,0.644,0.576,0.568,0.255,0.39,0.452,0.785,0.056,0.214,-0.555,0.785,-0.1,-0.493,0.461,0.682,0.592,-0.238,-0.229,-0.311,0.162,-0.337,-0.473,0.579,-0.111,0.435,0.691,0.632,-0.529
APDN,0.162,-0.262,0.3,0.702,0.433,-0.524,0.378,0.488,0.807,-0.634,0.685,-0.409,0.0,0.816,0.626,0.253,-0.749,0.687,-0.282,0.825,0.314,0.682,0.102,-0.083,-0.669,0.343,0.384,0.345,0.498,-0.531,0.536,0.807,0.676,-0.611,-0.396,0.505,0.549,0.561,-0.542,0.768,0.789,0.305,0.496,-0.454,0.744,0.555,0.733,-0.329,0.694,0.428,0.477,0.488,0.767,-0.69,0.763,0.554,0.795,0.48,0.515,0.645,0.579,-0.561,-0.337,0.18,-0.743,-0.587,-0.667,0.727,-0.538,-0.081,-0.513,0.325,0.822,-0.512,0.466,-0.822,0.274,0.009,0.548,0.751,0.681,-0.293,-0.637,0.673,0.334,0.576,0.776,0.666,0.715,0.813,-0.002,-0.073,-0.566,0.714,-0.713,0.492,0.451,0.636,-0.371,0.597,0.596,0.615,0.787,0.75,0.188,0.829,0.795,0.484,0.629,-0.242,-0.046,0.026,-0.582,0.665,0.772,0.581,-0.162,-0.142,0.804,0.75,0.696,-0.105,0.641,0.255,0.518,-0.133,-0.679,0.625,0.202,-0.669,-0.117,0.158,-0.641,0.565,0.789,0.528,0.312,0.123,0.696,-0.302,0.768,0.616,0.769,-0.667,0.125,0.142,0.793,0.183,0.703,-0.13,0.444,0.833,0.665,0.509,-0.427,0.685,0.686,0.155,0.446,-0.076,0.662,0.59,0.764,0.705,0.555,-0.056,0.32,0.316,0.529,-0.249,-0.469,-0.05,-0.709,-0.112,-0.66,0.353,0.288,0.231,-0.57,0.697,0.434,0.657,-0.692,0.69,0.751,-0.706,-0.087,-0.641,0.63,0.382,0.822,0.537,0.259,0.36,-0.041,0.621,-0.431,-0.67,-0.095,0.764
APLT,-0.004,0.018,0.415,0.578,0.687,-0.369,0.588,0.764,0.881,-0.644,0.77,-0.3,0.816,0.0,0.709,0.46,-0.745,0.625,-0.244,0.857,0.383,0.595,0.23,0.173,-0.648,0.517,0.625,0.567,0.671,-0.272,0.656,0.751,0.785,-0.632,-0.101,0.73,0.398,0.8,-0.332,0.777,0.848,0.37,0.561,-0.318,0.79,0.688,0.746,-0.182,0.826,0.41,0.769,0.528,0.81,-0.704,0.914,0.784,0.858,0.469,0.667,0.733,0.672,-0.368,-0.032,0.391,-0.693,-0.494,-0.483,0.731,-0.682,-0.221,-0.359,0.616,0.832,-0.666,0.756,-0.637,0.189,0.28,0.771,0.803,0.738,-0.484,-0.564,0.717,0.528,0.619,0.818,0.87,0.533,0.786,0.113,0.225,-0.623,0.791,-0.826,0.416,0.286,0.553,-0.164,0.783,0.827,0.782,0.854,0.83,0.182,0.804,0.85,0.299,0.5,-0.21,0.246,0.062,-0.419,0.692,0.814,0.794,-0.039,0.174,0.632,0.864,0.704,0.184,0.867,0.605,0.503,-0.128,-0.486,0.853,0.315,-0.706,0.102,0.418,-0.624,0.812,0.845,0.749,0.605,0.355,0.871,-0.193,0.772,0.675,0.872,-0.574,0.332,0.211,0.707,0.405,0.868,-0.195,0.768,0.863,0.68,0.594,-0.205,0.789,0.847,0.424,0.749,-0.05,0.846,0.655,0.857,0.834,0.815,-0.152,0.639,0.478,0.809,-0.002,-0.607,-0.257,-0.817,0.146,-0.403,0.654,0.477,0.363,-0.402,0.822,0.634,0.697,-0.639,0.872,0.793,-0.819,0.105,-0.734,0.62,0.417,0.902,0.78,0.342,0.452,0.205,0.807,-0.339,-0.703,0.205,0.818
APVO,0.04,-0.201,0.185,0.792,0.631,-0.469,0.7,0.43,0.847,-0.812,0.396,-0.365,0.626,0.709,0.0,-0.009,-0.787,0.703,-0.271,0.8,0.2,0.432,0.042,-0.17,-0.931,0.45,0.519,0.654,0.226,-0.275,0.758,0.744,0.605,-0.651,-0.035,0.646,0.156,0.619,-0.549,0.857,0.72,0.139,0.13,-0.365,0.86,0.857,0.857,-0.454,0.687,0.4,0.712,0.802,0.636,-0.817,0.715,0.876,0.741,0.737,0.4,0.75,0.83,-0.396,-0.173,0.157,-0.784,-0.728,-0.652,0.886,-0.856,-0.345,-0.343,0.461,0.856,-0.65,0.699,-0.58,0.398,0.255,0.796,0.876,0.561,-0.431,-0.617,0.443,0.094,0.249,0.682,0.837,0.616,0.865,0.386,-0.125,-0.844,0.901,-0.764,0.401,0.467,0.769,-0.314,0.876,0.709,0.689,0.9,0.901,0.19,0.857,0.644,0.548,0.581,-0.23,0.005,0.078,-0.315,0.882,0.772,0.542,-0.284,-0.023,0.719,0.763,0.31,0.228,0.803,0.375,0.52,-0.319,-0.579,0.65,-0.07,-0.492,-0.097,0.217,-0.585,0.567,0.613,0.719,0.671,0.013,0.696,-0.446,0.785,0.594,0.766,-0.6,-0.038,0.148,0.772,0.096,0.771,-0.499,0.598,0.743,0.725,0.203,-0.468,0.688,0.702,0.134,0.534,-0.425,0.773,0.497,0.863,0.508,0.684,-0.197,0.499,0.187,0.691,-0.203,-0.513,-0.375,-0.752,-0.001,-0.575,0.523,0.088,0.164,-0.518,0.55,0.573,0.845,-0.741,0.791,0.583,-0.927,-0.203,-0.879,0.826,0.558,0.718,0.68,0.196,0.772,-0.103,0.868,-0.286,-0.473,0.058,0.799
ARGX,-0.542,0.435,0.449,-0.276,0.575,0.328,0.264,0.565,0.156,0.171,0.468,0.364,0.253,0.46,-0.009,0.0,0.019,-0.158,0.26,0.133,0.564,-0.055,0.146,0.73,0.055,0.327,0.58,0.108,0.734,0.164,0.251,0.074,0.297,0.092,0.347,0.334,-0.059,0.585,0.463,0.084,0.17,0.482,0.628,0.279,0.024,0.05,-0.057,0.33,0.201,0.18,0.417,-0.225,0.282,0.141,0.499,0.191,0.245,-0.464,0.399,0.125,0.098,0.417,0.552,0.719,0.114,0.367,0.348,-0.053,0.036,-0.075,0.327,0.669,0.057,-0.398,0.482,-0.045,-0.381,0.432,0.426,0.104,0.097,-0.357,0.091,0.434,0.576,0.441,0.297,0.272,-0.06,-0.03,-0.065,0.723,-0.012,0.018,-0.21,-0.094,-0.317,-0.297,0.424,0.245,0.424,0.514,0.17,0.101,0.084,0.023,0.426,-0.301,-0.146,0.156,0.589,0.103,0.108,-0.108,0.135,0.44,0.416,0.657,-0.126,0.314,0.432,0.467,0.431,0.662,0.031,0.485,0.316,0.494,0.271,-0.325,0.289,0.676,0.123,0.657,0.329,0.564,0.31,0.746,0.421,0.502,-0.05,0.275,0.357,0.205,0.631,0.253,-0.019,0.741,0.333,-0.097,0.617,0.161,-0.06,0.598,0.568,0.143,0.329,0.765,0.622,0.379,0.479,0.446,0.128,0.507,0.403,0.061,0.641,0.665,0.421,0.602,-0.219,-0.365,-0.194,0.639,0.32,0.542,0.787,0.46,0.367,0.67,0.426,-0.064,0.194,0.492,0.269,-0.153,0.749,0.044,-0.111,-0.189,0.357,0.549,0.111,-0.335,0.636,0.296,0.114,-0.185,0.628,0.088
ARLP,-0.338,0.307,-0.093,-0.862,-0.34,0.713,-0.549,-0.561,-0.896,0.925,-0.553,0.722,-0.749,-0.745,-0.787,0.019,0.0,-0.775,0.672,-0.894,-0.066,-0.689,-0.154,0.361,0.769,-0.304,-0.248,-0.49,-0.271,0.386,-0.469,-0.862,-0.794,0.926,0.389,-0.697,-0.572,-0.535,0.769,-0.828,-0.904,-0.045,-0.151,0.704,-0.84,-0.737,-0.902,0.539,-0.851,-0.447,-0.554,-0.821,-0.726,0.959,-0.648,-0.654,-0.902,-0.827,-0.453,-0.785,-0.584,0.752,0.534,0.054,0.929,0.891,0.796,-0.811,0.834,0.206,0.773,-0.154,-0.931,0.514,-0.503,0.81,-0.531,0.117,-0.523,-0.89,-0.837,0.37,0.832,-0.553,-0.196,-0.366,-0.63,-0.802,-0.684,-0.913,-0.022,0.276,0.753,-0.936,0.918,-0.595,-0.587,-0.836,0.436,-0.619,-0.678,-0.445,-0.868,-0.815,-0.119,-0.938,-0.725,-0.449,-0.696,0.541,0.225,-0.088,0.567,-0.832,-0.905,-0.614,0.396,0.33,-0.859,-0.764,-0.646,0.183,-0.628,-0.117,-0.517,0.537,0.863,-0.606,-0.151,0.665,0.097,0.07,0.936,-0.455,-0.73,-0.431,-0.412,0.229,-0.708,0.573,-0.94,-0.674,-0.739,0.898,0.105,-0.077,-0.918,0.09,-0.798,0.143,-0.423,-0.898,-0.894,-0.382,0.714,-0.839,-0.746,0.112,-0.406,0.273,-0.622,-0.487,-0.916,-0.642,-0.626,0.283,-0.204,-0.115,-0.669,0.501,0.691,-0.022,0.916,0.334,0.733,-0.303,-0.026,0.026,0.805,-0.454,-0.293,-0.902,0.963,-0.639,-0.805,0.856,0.444,0.914,-0.688,-0.474,-0.775,-0.41,-0.421,-0.738,0.342,-0.67,0.492,0.812,0.308,-0.904
ATEX,0.511,-0.307,0.254,0.888,0.276,-0.596,0.446,0.279,0.78,-0.67,0.476,-0.418,0.687,0.625,0.703,-0.158,-0.775,0.0,-0.43,0.816,0.104,0.815,0.067,-0.454,-0.735,0.372,0.281,0.363,0.151,-0.24,0.647,0.866,0.724,-0.658,-0.323,0.497,0.661,0.382,-0.673,0.816,0.755,0.224,0.161,-0.695,0.843,0.684,0.909,-0.325,0.69,0.241,0.455,0.793,0.659,-0.799,0.606,0.681,0.672,0.773,0.411,0.729,0.71,-0.606,-0.52,-0.094,-0.764,-0.762,-0.825,0.875,-0.613,-0.102,-0.613,0.106,0.878,-0.269,0.406,-0.65,0.475,0.064,0.467,0.821,0.744,-0.013,-0.519,0.6,0.204,0.314,0.681,0.681,0.637,0.884,0.307,-0.355,-0.552,0.794,-0.591,0.694,0.678,0.892,-0.545,0.546,0.544,0.47,0.744,0.782,0.428,0.836,0.682,0.722,0.679,-0.355,-0.095,0.328,-0.35,0.839,0.794,0.52,-0.259,-0.313,0.883,0.785,0.471,-0.216,0.561,0.04,0.611,-0.315,-0.809,0.48,0.27,-0.293,-0.361,-0.018,-0.701,0.325,0.686,0.307,0.375,-0.157,0.597,-0.557,0.848,0.578,0.737,-0.689,-0.025,0.336,0.8,-0.062,0.659,0.031,0.278,0.865,0.849,0.438,-0.676,0.715,0.683,-0.137,0.336,-0.064,0.565,0.469,0.773,0.515,0.522,0.127,0.144,0.045,0.502,-0.419,-0.284,0.116,-0.587,-0.405,-0.773,0.328,0.017,0.278,-0.726,0.41,0.413,0.811,-0.782,0.516,0.573,-0.645,-0.461,-0.74,0.856,0.588,0.702,0.429,0.359,0.764,-0.223,0.637,-0.497,-0.525,-0.235,0.825
ATRA,-0.474,0.308,0.088,-0.54,0.192,0.627,-0.078,-0.298,-0.406,0.649,-0.191,0.745,-0.282,-0.244,-0.271,0.26,0.672,-0.43,0.0,-0.455,0.241,-0.522,-0.076,0.566,0.257,0.052,0.226,-0.131,0.069,0.202,0.084,-0.506,-0.448,0.773,0.444,-0.369,-0.58,-0.066,0.643,-0.332,-0.521,0.104,0.168,0.755,-0.385,-0.312,-0.517,0.479,-0.508,-0.187,-0.094,-0.6,-0.333,0.648,-0.096,-0.149,-0.504,-0.634,-0.231,-0.394,-0.034,0.699,0.662,0.399,0.613,0.718,0.562,-0.383,0.429,0.027,0.787,0.311,-0.487,-0.006,-0.02,0.47,-0.534,0.399,0.033,-0.443,-0.666,0.053,0.581,-0.238,-0.085,-0.04,-0.111,-0.321,-0.357,-0.471,0.161,0.443,0.351,-0.542,0.581,-0.524,-0.538,-0.561,0.48,-0.04,-0.236,0.178,-0.344,-0.24,0.047,-0.484,-0.247,-0.124,-0.44,0.569,0.412,-0.182,0.381,-0.412,-0.538,-0.281,0.316,0.538,-0.52,-0.287,-0.398,0.456,-0.101,0.335,-0.243,0.65,0.719,-0.122,-0.199,0.377,0.081,0.39,0.805,0.052,-0.373,0.133,-0.054,0.539,-0.285,0.559,-0.623,-0.428,-0.225,0.749,0.156,0.048,-0.592,0.442,-0.335,-0.217,0.063,-0.481,-0.584,-0.193,0.701,-0.558,-0.32,0.468,0.017,0.196,-0.082,-0.106,-0.477,-0.277,-0.205,0.29,0.231,0.201,-0.295,0.544,0.521,-0.395,0.585,0.613,0.498,0.118,0.258,0.309,0.709,0.024,0.186,-0.577,0.735,-0.045,-0.474,0.364,0.664,0.539,-0.236,-0.23,-0.305,0.139,-0.401,-0.533,0.508,-0.151,0.457,0.619,0.548,-0.534
AUTL,0.246,-0.22,0.285,0.794,0.54,-0.6,0.54,0.629,0.933,-0.785,0.765,-0.511,0.825,0.857,0.8,0.133,-0.894,0.816,-0.455,0.0,0.254,0.715,0.285,-0.176,-0.744,0.536,0.487,0.442,0.477,-0.285,0.61,0.921,0.816,-0.791,-0.286,0.714,0.586,0.633,-0.594,0.832,0.91,0.289,0.408,-0.61,0.841,0.682,0.901,-0.345,0.88,0.469,0.657,0.764,0.803,-0.868,0.807,0.747,0.911,0.723,0.625,0.865,0.754,-0.601,-0.355,0.183,-0.836,-0.729,-0.722,0.851,-0.713,-0.132,-0.568,0.365,0.947,-0.555,0.626,-0.701,0.301,0.178,0.652,0.917,0.891,-0.285,-0.696,0.744,0.409,0.595,0.785,0.831,0.6,0.921,0.142,-0.125,-0.683,0.91,-0.856,0.625,0.434,0.765,-0.288,0.724,0.781,0.646,0.879,0.873,0.321,0.926,0.83,0.543,0.681,-0.367,0.088,0.177,-0.503,0.824,0.896,0.819,-0.155,-0.112,0.844,0.897,0.673,-0.025,0.809,0.345,0.608,-0.334,-0.717,0.789,0.31,-0.594,-0.031,0.176,-0.783,0.643,0.887,0.598,0.546,0.041,0.881,-0.363,0.926,0.776,0.85,-0.796,0.193,0.187,0.886,0.144,0.819,-0.123,0.554,0.936,0.886,0.516,-0.513,0.881,0.852,0.153,0.555,-0.151,0.794,0.609,0.911,0.804,0.723,-0.07,0.44,0.237,0.769,-0.263,-0.532,-0.134,-0.827,-0.144,-0.645,0.46,0.205,0.28,-0.646,0.674,0.531,0.847,-0.857,0.764,0.862,-0.846,-0.257,-0.825,0.789,0.405,0.899,0.617,0.368,0.659,-0.035,0.799,-0.513,-0.796,-0.08,0.95
AVDL,-0.37,0.186,0.586,-0.04,0.564,0.229,0.191,0.349,0.293,0.046,0.441,0.275,0.314,0.383,0.2,0.564,-0.066,0.104,0.241,0.254,0.0,-0.002,0.095,0.472,-0.157,0.346,0.7,0.021,0.646,0.037,0.321,0.234,0.235,0.07,0.214,0.294,0.061,0.422,0.235,0.267,0.155,0.676,0.505,-0.012,0.102,0.091,0.095,0.134,0.213,0.055,0.362,-0.041,0.433,0.025,0.498,0.249,0.293,-0.259,0.151,0.253,0.279,0.267,0.359,0.573,0.006,0.188,0.094,0.132,0.013,0.087,0.259,0.551,0.188,-0.36,0.489,-0.092,-0.312,0.586,0.411,0.23,0.192,-0.235,0.078,0.389,0.497,0.334,0.342,0.185,0.017,0.129,0.179,0.498,-0.13,0.133,-0.155,0.125,-0.11,-0.099,0.276,0.297,0.419,0.587,0.231,0.187,0.369,0.207,0.346,-0.031,-0.005,0.007,0.547,0.234,0.157,0.123,0.226,0.384,0.278,0.461,0.091,0.385,0.233,0.409,0.477,0.47,-0.035,0.549,0.12,0.448,-0.047,-0.225,0.072,0.69,0.099,0.564,0.324,0.541,0.284,0.616,0.448,0.376,0.05,0.374,0.459,0.063,0.492,0.176,0.175,0.493,0.359,-0.241,0.466,0.209,0.146,0.469,0.326,0.127,0.357,0.605,0.517,0.392,0.589,0.371,0.192,0.468,0.337,0.349,0.559,0.491,0.369,0.52,0.043,-0.313,-0.139,0.431,0.025,0.398,0.616,0.635,0.129,0.584,0.559,0.119,0.068,0.476,0.216,-0.254,0.491,-0.031,0.154,-0.193,0.304,0.576,0.029,-0.208,0.525,0.325,-0.109,-0.179,0.519,0.155
BCRX,0.569,-0.159,0.308,0.713,0.11,-0.446,0.276,0.408,0.686,-0.569,0.519,-0.482,0.682,0.595,0.432,-0.055,-0.689,0.815,-0.522,0.715,-0.002,0.0,0.06,-0.349,-0.431,0.375,0.146,0.283,0.199,-0.228,0.389,0.779,0.689,-0.639,-0.392,0.511,0.854,0.329,-0.559,0.651,0.782,0.288,0.193,-0.722,0.758,0.533,0.776,-0.141,0.714,0.203,0.367,0.54,0.647,-0.686,0.555,0.463,0.644,0.666,0.534,0.585,0.518,-0.635,-0.49,-0.111,-0.621,-0.676,-0.708,0.683,-0.42,-0.093,-0.68,0.043,0.777,-0.101,0.285,-0.643,0.53,-0.071,0.299,0.695,0.767,0.022,-0.398,0.73,0.394,0.353,0.658,0.56,0.504,0.764,0.214,-0.296,-0.245,0.664,-0.523,0.782,0.691,0.768,-0.487,0.358,0.509,0.33,0.631,0.581,0.357,0.718,0.601,0.51,0.545,-0.496,-0.09,0.254,-0.317,0.632,0.67,0.507,-0.048,-0.311,0.758,0.665,0.501,-0.3,0.402,0.006,0.554,-0.383,-0.802,0.456,0.421,-0.291,-0.116,-0.03,-0.726,0.282,0.715,0.117,0.27,-0.138,0.572,-0.466,0.75,0.593,0.656,-0.679,0.076,0.264,0.66,-0.037,0.606,0.394,0.179,0.841,0.744,0.554,-0.612,0.752,0.661,-0.129,0.279,0.078,0.42,0.313,0.705,0.524,0.49,0.157,0.05,0.166,0.451,-0.435,-0.338,0.341,-0.547,-0.422,-0.63,0.256,0.134,0.258,-0.687,0.367,0.286,0.713,-0.708,0.39,0.547,-0.444,-0.422,-0.551,0.592,0.559,0.647,0.305,0.586,0.596,-0.127,0.436,-0.434,-0.656,-0.251,0.737
BHAT,0.009,-0.146,-0.005,-0.014,0.121,-0.249,-0.048,0.298,0.183,-0.013,0.51,-0.178,0.102,0.23,0.042,0.146,-0.154,0.067,-0.076,0.285,0.095,0.06,0.0,0.068,0.081,0.148,0.122,-0.281,0.401,0.026,-0.073,0.219,0.134,-0.24,-0.172,0.227,0.246,0.124,-0.047,-0.015,0.227,0.054,0.465,-0.233,-0.036,-0.131,0.081,-0.144,0.247,0.024,0.113,0.121,0.101,-0.134,0.118,0.065,0.291,0.047,0.286,0.294,0.116,-0.117,-0.108,0.27,-0.115,0.045,-0.05,-0.011,0.035,0.171,-0.054,0.007,0.153,-0.194,0.077,-0.055,-0.372,0.176,0.056,0.183,0.381,0.041,-0.16,0.242,0.256,0.421,0.091,0.112,-0.176,0.055,-0.295,0.051,-0.073,0.097,-0.251,0.134,-0.289,-0.043,0.145,0.044,0.171,0.043,0.047,0.16,0.329,0.109,0.256,0.074,0.242,-0.067,0.248,0.215,-0.304,0.038,0.228,0.381,0.093,0.034,0.072,0.293,0.404,-0.154,0.281,0.17,0.053,0.07,0.003,0.294,0.308,-0.127,0.154,0.064,-0.166,0.245,0.342,0.162,0.047,0.054,0.303,0.217,0.192,0.224,0.096,-0.255,0.36,-0.015,0.135,0.059,0.057,0.018,0.169,0.15,0.241,0.253,0.084,0.215,0.228,0.171,0.179,0.044,0.17,0.172,0.086,0.461,0.074,0.109,0.175,-0.048,0.321,0.161,0.019,-0.05,-0.135,-0.024,-0.007,-0.035,0.035,0.091,-0.119,0.256,0.055,0.03,-0.158,0.108,0.436,-0.129,-0.008,-0.098,0.145,-0.287,0.236,0.109,0.006,-0.015,0.121,0.135,-0.35,-0.373,-0.058,0.265
BLBD,-0.616,0.686,0.397,-0.607,0.553,0.674,0.251,0.452,-0.062,0.439,0.204,0.531,-0.083,0.173,-0.17,0.73,0.361,-0.454,0.566,-0.176,0.472,-0.349,0.068,0.0,0.302,0.328,0.573,0.215,0.618,0.317,0.041,-0.338,-0.043,0.394,0.662,0.233,-0.388,0.493,0.77,-0.185,-0.098,0.369,0.373,0.658,-0.211,-0.061,-0.395,0.555,0.006,0.122,0.383,-0.532,0.042,0.467,0.323,0.034,-0.059,-0.568,0.156,-0.185,-0.049,0.68,0.857,0.723,0.464,0.642,0.708,-0.323,0.197,-0.132,0.639,0.713,-0.262,-0.318,0.454,0.373,-0.427,0.56,0.33,-0.16,-0.278,-0.438,0.358,0.128,0.477,0.272,0.012,0.077,-0.38,-0.324,0.078,0.896,0.259,-0.231,0.083,-0.413,-0.499,-0.595,0.698,0.202,0.306,0.452,-0.067,-0.115,-0.044,-0.282,0.052,-0.557,-0.553,0.272,0.717,-0.098,0.394,-0.352,-0.269,0.169,0.54,0.829,-0.539,0.032,0.076,0.753,0.266,0.77,-0.241,0.577,0.655,0.402,0.125,-0.046,0.577,0.764,0.466,0.559,0.009,0.467,0.33,0.864,0.211,0.622,-0.412,0.04,0.081,0.564,0.558,0.063,-0.408,0.849,0.126,-0.072,0.551,-0.182,-0.369,0.231,0.859,-0.098,0.168,0.881,0.589,0.411,0.311,0.007,-0.108,0.199,0.319,0.017,0.664,0.698,0.275,0.772,-0.093,-0.423,0.064,0.91,0.706,0.511,0.783,0.447,0.722,0.397,0.416,-0.307,0.526,0.351,-0.09,0.103,0.876,0.329,-0.375,-0.243,-0.016,0.461,0.097,-0.478,0.832,0.074,0.495,0.085,0.838,-0.232
BMRN,-0.066,0.322,-0.065,-0.864,-0.5,0.55,-0.633,-0.255,-0.784,0.805,-0.332,0.329,-0.669,-0.648,-0.931,0.055,0.769,-0.735,0.257,-0.744,-0.157,-0.431,0.081,0.302,0.0,-0.295,-0.37,-0.563,-0.115,0.385,-0.755,-0.725,-0.562,0.597,0.178,-0.467,-0.164,-0.501,0.641,-0.879,-0.637,-0.024,-0.126,0.386,-0.844,-0.803,-0.842,0.503,-0.57,-0.409,-0.557,-0.784,-0.56,0.807,-0.627,-0.809,-0.667,-0.69,-0.266,-0.655,-0.758,0.456,0.285,-0.037,0.818,0.739,0.735,-0.884,0.83,0.249,0.413,-0.32,-0.826,0.595,-0.544,0.67,-0.434,-0.094,-0.685,-0.799,-0.482,0.379,0.658,-0.332,0.08,-0.165,-0.676,-0.761,-0.753,-0.87,-0.297,0.217,0.883,-0.834,0.69,-0.346,-0.542,-0.802,0.465,-0.765,-0.558,-0.617,-0.863,-0.869,-0.102,-0.845,-0.649,-0.629,-0.623,0.152,0.176,-0.004,0.382,-0.886,-0.779,-0.402,0.434,0.135,-0.799,-0.685,-0.311,-0.065,-0.682,-0.198,-0.545,0.293,0.638,-0.488,0.128,0.501,0.318,-0.051,0.575,-0.42,-0.532,-0.606,-0.471,0.097,-0.553,0.532,-0.763,-0.468,-0.716,0.598,0.193,-0.125,-0.796,0.001,-0.689,0.54,-0.455,-0.723,-0.693,-0.181,0.568,-0.554,-0.567,0.015,-0.394,0.422,-0.655,-0.586,-0.79,-0.4,-0.547,0.199,-0.335,-0.085,-0.494,0.338,0.44,0.297,0.688,0.132,0.708,-0.398,0.02,-0.069,0.586,-0.504,-0.467,-0.769,0.732,-0.691,-0.532,0.874,0.242,0.861,-0.844,-0.586,-0.676,-0.569,-0.054,-0.713,0.268,-0.775,0.308,0.387,0.103,-0.719
BNGO,-0.213,0.173,0.545,0.206,0.7,0.127,0.513,0.616,0.489,-0.178,0.529,0.116,0.343,0.517,0.45,0.327,-0.304,0.372,0.052,0.536,0.346,0.375,0.148,0.328,-0.295,0.0,0.708,0.422,0.435,0.378,0.574,0.513,0.486,-0.169,0.431,0.666,0.236,0.666,0.158,0.407,0.507,0.56,0.315,-0.109,0.498,0.518,0.458,0.333,0.53,0.329,0.648,0.373,0.471,-0.259,0.68,0.565,0.48,0.247,0.733,0.586,0.657,0.152,0.293,0.616,-0.112,-0.168,-0.069,0.477,-0.22,-0.377,0.065,0.669,0.486,-0.283,0.656,-0.039,0.006,0.69,0.662,0.6,0.441,-0.14,-0.002,0.742,0.662,0.384,0.591,0.558,0.025,0.429,0.586,0.335,-0.127,0.498,-0.336,0.496,0.035,0.234,0.301,0.592,0.745,0.626,0.49,0.496,0.469,0.41,0.522,0.271,0.094,-0.121,0.622,0.435,0.214,0.328,0.364,0.683,0.526,0.554,0.241,0.636,0.249,0.508,0.694,0.62,0.421,-0.038,-0.06,0.725,0.446,-0.012,0.232,0.63,-0.126,0.691,0.659,0.543,0.686,0.511,0.744,0.222,0.38,0.686,0.663,-0.102,0.582,0.451,0.302,0.596,0.543,0.105,0.644,0.497,0.391,0.504,0.141,0.62,0.717,0.614,0.676,0.101,0.709,0.386,0.504,0.558,0.622,0.363,0.738,0.574,0.666,0.321,-0.156,-0.454,-0.295,0.409,0.022,0.679,0.586,0.68,0.085,0.521,0.557,0.485,-0.218,0.659,0.415,-0.394,0.198,-0.266,0.452,0.333,0.573,0.695,0.458,0.397,0.524,0.671,0.0,-0.301,0.504,0.548
BUSE,-0.396,0.403,0.643,0.093,0.923,0.277,0.614,0.639,0.532,-0.158,0.522,0.273,0.384,0.625,0.519,0.58,-0.248,0.281,0.226,0.487,0.7,0.146,0.122,0.573,-0.37,0.708,0.0,0.455,0.684,0.259,0.647,0.393,0.464,-0.091,0.53,0.663,0.006,0.752,0.252,0.47,0.419,0.729,0.462,0.06,0.439,0.48,0.369,0.256,0.485,0.281,0.818,0.219,0.558,-0.197,0.779,0.681,0.481,0.052,0.532,0.521,0.641,0.312,0.525,0.72,-0.117,0.013,0.042,0.432,-0.314,-0.301,0.275,0.904,0.43,-0.533,0.887,-0.052,-0.129,0.821,0.808,0.531,0.324,-0.394,0.032,0.584,0.66,0.455,0.546,0.602,0.004,0.361,0.49,0.604,-0.254,0.456,-0.383,0.216,-0.05,0.102,0.327,0.708,0.797,0.889,0.531,0.516,0.4,0.383,0.501,0.058,0.025,-0.046,0.729,0.285,0.248,0.329,0.371,0.658,0.395,0.68,0.148,0.668,0.244,0.728,0.811,0.849,0.181,0.303,0.086,0.797,0.167,-0.212,0.278,0.898,-0.028,0.871,0.531,0.841,0.773,0.791,0.743,0.291,0.274,0.612,0.724,0.026,0.625,0.366,0.28,0.713,0.667,-0.239,0.855,0.441,0.33,0.519,0.32,0.466,0.674,0.822,0.834,0.259,0.891,0.444,0.511,0.617,0.719,0.222,0.906,0.708,0.759,0.575,-0.224,-0.556,-0.368,0.628,0.117,0.823,0.757,0.784,0.177,0.728,0.836,0.42,-0.101,0.816,0.352,-0.514,0.511,-0.293,0.377,0.131,0.538,0.915,0.281,0.2,0.683,0.72,0.037,-0.271,0.766,0.456
CAKE,-0.017,0.364,0.235,0.395,0.558,-0.036,0.755,0.541,0.613,-0.552,0.104,-0.201,0.345,0.567,0.654,0.108,-0.49,0.363,-0.131,0.442,0.021,0.283,-0.281,0.215,-0.563,0.422,0.455,0.0,0.193,-0.057,0.555,0.281,0.528,-0.42,0.35,0.643,-0.087,0.71,-0.156,0.607,0.561,0.069,-0.144,0.092,0.684,0.831,0.512,-0.006,0.568,0.364,0.761,0.39,0.49,-0.485,0.652,0.707,0.469,0.529,0.327,0.363,0.51,-0.124,0.219,0.131,-0.43,-0.454,-0.181,0.576,-0.763,-0.526,-0.167,0.605,0.523,-0.471,0.745,-0.255,0.504,0.179,0.719,0.566,0.217,-0.628,-0.343,0.263,0.177,0.158,0.46,0.769,0.386,0.564,0.427,0.242,-0.484,0.657,-0.56,0.075,0.382,0.465,-0.055,0.759,0.673,0.598,0.7,0.613,-0.2,0.52,0.367,0.039,0.058,-0.178,0.098,-0.181,0.006,0.554,0.407,0.351,-0.153,0.237,0.257,0.465,0.154,0.503,0.555,0.547,0.248,-0.337,-0.283,0.573,-0.028,-0.388,0.289,0.331,-0.389,0.529,0.321,0.562,0.693,0.254,0.494,-0.388,0.432,0.366,0.567,-0.196,-0.071,0.139,0.34,0.359,0.728,-0.199,0.665,0.514,0.352,0.048,-0.137,0.563,0.597,0.274,0.645,-0.214,0.578,0.195,0.704,0.233,0.775,-0.464,0.517,0.434,0.599,-0.084,-0.721,-0.258,-0.65,0.316,-0.09,0.69,0.315,0.109,-0.112,0.344,0.525,0.606,-0.402,0.685,0.248,-0.631,0.048,-0.62,0.326,0.61,0.439,0.573,0.423,0.591,0.132,0.607,0.171,-0.298,0.357,0.482
CASY,-0.292,0.28,0.533,-0.01,0.625,0.062,0.317,0.723,0.5,-0.085,0.735,0.044,0.498,0.671,0.226,0.734,-0.271,0.151,0.069,0.477,0.646,0.199,0.401,0.618,-0.115,0.435,0.684,0.193,0.0,-0.057,0.261,0.349,0.443,-0.219,0.115,0.548,0.24,0.702,0.173,0.317,0.471,0.559,0.752,-0.021,0.242,0.173,0.205,0.124,0.525,0.264,0.579,-0.0,0.581,-0.152,0.687,0.36,0.536,-0.113,0.477,0.385,0.301,0.069,0.314,0.646,-0.176,0.132,0.059,0.216,-0.166,0.024,0.08,0.637,0.34,-0.566,0.607,-0.208,-0.265,0.473,0.508,0.371,0.438,-0.393,-0.203,0.563,0.678,0.7,0.464,0.476,0.05,0.269,-0.096,0.567,-0.158,0.284,-0.462,0.132,-0.164,-0.042,0.28,0.42,0.62,0.644,0.373,0.352,0.233,0.319,0.572,-0.131,0.086,0.03,0.588,0.078,-0.159,0.17,0.39,0.629,0.284,0.478,0.152,0.584,0.627,0.324,0.649,0.701,0.072,0.403,0.028,0.749,0.353,-0.472,0.304,0.652,-0.169,0.765,0.597,0.641,0.415,0.674,0.669,0.319,0.257,0.475,0.571,-0.147,0.642,0.125,0.276,0.634,0.524,-0.085,0.661,0.434,0.287,0.62,0.341,0.419,0.609,0.724,0.738,0.366,0.673,0.455,0.404,0.735,0.582,0.039,0.691,0.588,0.646,0.472,-0.305,-0.235,-0.434,0.467,0.079,0.518,0.712,0.53,0.054,0.779,0.588,0.189,-0.128,0.641,0.537,-0.411,0.51,-0.2,0.153,-0.186,0.548,0.644,0.234,-0.143,0.557,0.418,-0.15,-0.54,0.48,0.385
CCOI,-0.276,0.434,0.187,-0.469,0.164,0.59,0.129,0.094,-0.343,0.459,-0.13,0.541,-0.531,-0.272,-0.275,0.164,0.386,-0.24,0.202,-0.285,0.037,-0.228,0.026,0.317,0.385,0.378,0.259,-0.057,-0.057,0.0,0.037,-0.246,-0.058,0.414,0.717,0.134,-0.199,0.02,0.655,-0.363,-0.272,0.268,-0.162,0.222,-0.264,-0.108,-0.25,0.675,-0.186,-0.064,0.124,-0.122,-0.282,0.424,-0.103,-0.056,-0.284,-0.282,0.148,-0.061,-0.015,0.648,0.51,0.367,0.593,0.418,0.547,-0.293,0.361,-0.243,0.449,0.247,-0.325,0.326,0.131,0.622,-0.277,0.546,0.011,-0.176,-0.178,0.235,0.66,0.079,0.393,-0.101,-0.235,-0.14,-0.663,-0.395,0.411,0.454,0.471,-0.239,0.352,0.032,-0.36,-0.402,0.559,-0.17,0.115,-0.039,-0.321,-0.284,0.285,-0.437,-0.203,-0.232,-0.499,0.011,0.534,0.545,0.759,-0.395,-0.333,0.099,0.578,0.589,-0.498,-0.081,-0.281,0.44,-0.04,0.245,-0.008,0.094,0.528,0.047,0.38,0.64,0.224,0.373,0.422,0.09,-0.146,-0.08,0.256,0.359,0.004,0.509,-0.351,0.082,-0.084,0.527,0.457,0.352,-0.418,0.378,-0.109,0.325,0.182,-0.267,-0.217,0.193,0.476,-0.088,-0.041,0.372,0.183,0.428,-0.007,-0.105,-0.27,-0.074,-0.005,0.433,0.276,0.305,0.084,0.526,0.261,-0.281,0.368,0.406,0.61,0.298,0.344,0.455,0.556,-0.172,0.075,-0.157,0.432,-0.073,-0.297,0.382,0.274,0.386,-0.23,-0.122,-0.266,0.087,0.278,-0.021,0.507,-0.002,0.371,0.351,0.482,-0.213
CEVA,-0.078,0.004,0.371,0.582,0.716,-0.156,0.649,0.33,0.617,-0.423,0.367,0.174,0.536,0.656,0.758,0.251,-0.469,0.647,0.084,0.61,0.321,0.389,-0.073,0.041,-0.755,0.574,0.647,0.555,0.261,0.037,0.0,0.627,0.607,-0.24,0.247,0.5,0.084,0.64,-0.181,0.731,0.509,0.408,0.28,-0.125,0.748,0.769,0.717,0.029,0.486,0.244,0.669,0.596,0.585,-0.497,0.751,0.842,0.487,0.389,0.496,0.673,0.826,0.007,0.12,0.335,-0.454,-0.375,-0.427,0.786,-0.53,-0.327,-0.043,0.638,0.676,-0.401,0.69,-0.358,0.127,0.484,0.814,0.691,0.374,-0.145,-0.169,0.529,0.29,0.275,0.731,0.707,0.462,0.66,0.552,0.132,-0.561,0.653,-0.421,0.365,0.276,0.561,-0.164,0.743,0.629,0.75,0.719,0.751,0.325,0.621,0.665,0.56,0.422,0.072,0.285,0.334,-0.002,0.692,0.589,0.537,0.014,0.299,0.547,0.757,0.254,0.367,0.758,0.504,0.562,0.004,-0.289,0.587,0.171,-0.184,-0.234,0.465,-0.241,0.632,0.574,0.707,0.694,0.345,0.612,-0.16,0.571,0.471,0.8,-0.187,0.221,0.537,0.519,0.387,0.664,-0.322,0.655,0.647,0.495,0.453,-0.144,0.534,0.615,0.365,0.612,-0.068,0.754,0.605,0.641,0.47,0.624,0.162,0.611,0.403,0.558,0.112,-0.193,-0.469,-0.423,0.204,-0.377,0.748,0.374,0.497,-0.182,0.619,0.703,0.612,-0.377,0.762,0.392,-0.656,0.127,-0.599,0.779,0.545,0.695,0.794,0.125,0.577,0.192,0.864,-0.152,-0.142,0.356,0.622
