,AAPL,ACRS,ADP,AFYA,AGNC,AGYS,ALT,AMGN,AMPH,AMZN,ANIP,AOSL,APDN,APLT,APVO,ARGX,ARLP,ATEX,ATRA,AUTL,AVDL,BCRX,BHAT,BLBD,BMRN,BNGO,BUSE,CAKE,CASY,CCOI,CEVA,CHY,CLDX,CLMT,COHU,COLM,COST,CPRT,CSWC,CSX,DBX,DCOM,DKNG,DMLP,DOX,EA,EDIT,ENPH,ENSG,ERNA,ESGR,ETNB,EXTR,FANG,FARO,FATE,FGEN,FIVE,FIVN,FLGT,FOLD,FORM,FOXA,FRPT,FSLR,FTAI,GBDC,GDYN,GGAL,GNLN,GRFS,GT,HCAT,HCM,HFWA,HOLX,HQY,HUBG,IAC,ICLR,IDCC,IEP,IHRT,ILMN,ILPT,IMAB,IMOS,INMD,INTZ,JAZZ,JKHY,JRVR,KIDS,LBRDK,LGND,LMAT,LPLA,LULU,MASI,MAT,MATW,MBIN,MBIO,MCRB,MDB,MDLZ,MELI,MIRM,MLKN,MNMD,MNRO,MPWR,MRCY,MRSN,MTVA,NAAS,NDAQ,NDSN,NEGG,NOVT,NVDA,NWE,NWSA,NXST,OCX,ODFL,OMAB,OPCH,OPRA,ORGO,OTRK,OZK,PAGP,PCH,PEGA,PENG,PENN,PFBC,PGNY,PHAT,PHUN,PINC,PLUG,PLXS,PYPL,QLYS,QNCX,QQQX,QVCGA,RAPT,RBBN,RCKT,REPL,RMBS,ROAD,ROKU,ROP,RUSHA,SANM,SATS,SBCF,SBLK,SBUX,SCHL,SCSC,SDGR,SEIC,SFIX,SGRY,SKYW,SLP,SNES,STAA,STLD,STOK,SWKS,TER,TFIN,TIGO,TILE,TPIC,TTEC,TTEK,TTGT,UXIN,VERU,VLYPP,VNOM,VRNS,VRSN,WDAY,WERN,WINA,WKHS,WRLD,XP,XTKG,YY,ZION,ZM
AAPL,0.0,0.149,-0.73,0.289,0.467,0.536,0.54,0.408,0.263,-0.414,-0.657,0.663,-0.214,-0.591,0.377,-0.406,0.644,-0.652,-0.198,-0.512,0.322,-0.175,-0.293,-0.61,0.682,0.096,0.536,-0.447,-0.386,-0.1,-0.461,-0.613,0.074,-0.454,0.411,-0.243,-0.665,0.086,0.555,-0.619,0.582,0.608,-0.481,0.351,0.402,-0.384,-0.281,-0.48,-0.535,0.353,-0.389,-0.046,0.732,-0.652,0.357,-0.892,-0.46,0.001,0.56,0.522,-0.437,0.204,0.369,-0.181,-0.317,-0.318,-0.428,-0.295,-0.231,0.146,-0.749,0.727,0.515,-0.287,0.511,-0.015,-0.559,0.569,-0.645,-0.493,-0.459,-0.744,0.223,0.282,0.131,0.659,-0.228,0.416,-0.018,-0.363,-0.28,-0.631,-0.395,0.516,0.688,-0.577,-0.685,0.774,-0.444,-0.631,0.597,0.209,0.583,0.361,-0.308,0.4,0.083,-0.596,-0.587,-0.728,-0.481,-0.464,0.12,-0.34,-0.743,-0.428,0.697,-0.588,-0.384,0.21,-0.499,-0.305,-0.461,0.087,0.311,-0.307,0.383,-0.577,-0.477,0.268,0.404,0.65,-0.365,0.713,-0.648,0.513,0.742,0.134,-0.431,-0.432,0.272,0.335,-0.231,-0.14,0.442,0.6,-0.261,-0.153,-0.568,0.476,-0.311,-0.219,0.349,0.539,-0.365,0.549,0.429,-0.013,-0.623,0.519,0.593,-0.107,-0.116,0.013,-0.451,-0.469,-0.518,-0.362,-0.464,-0.472,-0.375,-0.375,0.008,-0.45,-0.417,0.331,0.521,-0.185,0.686,-0.649,-0.11,0.555,-0.538,0.532,0.607,-0.332,0.463,-0.668,-0.209,0.797,-0.475,0.38,-0.812,-0.226,0.635,0.424,0.134,-0.283,0.515,0.796
ACRS,0.149,0.0,-0.395,0.232,0.531,0.142,-0.248,-0.062,0.409,-0.267,-0.13,0.327,0.193,0.035,-0.053,-0.216,0.184,0.077,-0.527,-0.055,-0.403,0.362,0.301,-0.327,0.227,0.583,0.588,-0.057,0.249,0.435,0.346,-0.049,-0.053,0.03,0.511,0.532,-0.34,-0.458,0.152,-0.434,-0.074,0.409,-0.316,0.665,0.045,0.432,0.484,0.08,-0.023,0.295,0.273,0.622,0.469,0.222,0.219,-0.134,-0.319,0.533,0.244,0.339,0.071,0.75,0.18,0.107,0.35,-0.358,0.311,-0.308,0.165,0.101,-0.136,0.051,0.205,0.035,0.509,0.185,0.138,0.534,0.103,0.177,0.313,-0.037,0.359,-0.02,0.582,-0.262,0.316,-0.171,0.613,0.134,0.322,0.363,0.1,0.344,0.242,-0.024,0.087,0.356,-0.518,-0.028,0.43,0.47,0.283,0.51,-0.15,-0.183,0.468,0.109,0.288,-0.09,-0.085,0.048,0.531,-0.142,-0.27,-0.592,0.275,0.154,0.453,0.247,-0.173,0.421,0.148,0.505,0.388,-0.328,-0.477,0.147,-0.158,0.297,0.42,0.528,0.413,0.46,0.138,0.283,0.064,0.607,-0.204,0.02,-0.295,0.28,-0.429,0.199,-0.097,0.267,0.201,0.151,0.17,-0.052,0.196,0.066,0.163,0.439,-0.649,-0.092,0.189,0.175,-0.242,0.304,0.571,-0.379,-0.197,0.619,0.539,0.281,-0.221,0.117,0.092,-0.376,0.31,-0.328,0.143,-0.357,0.428,0.517,0.632,0.23,0.297,0.071,0.435,0.5,-0.134,0.107,0.212,-0.032,0.501,0.087,-0.143,0.091,0.256,-0.039,-0.099,0.284,0.441,0.358,0.002,-0.215,0.598,0.424
ADP,-0.73,-0.395,0.0,0.038,-0.716,-0.322,-0.254,-0.558,-0.291,0.773,0.776,-0.871,0.15,0.491,-0.39,0.706,-0.731,0.631,0.547,0.552,-0.142,0.209,0.194,0.751,-0.636,-0.255,-0.813,0.477,0.578,-0.11,0.471,0.799,0.317,0.596,-0.216,0.033,0.92,0.501,-0.811,0.903,-0.461,-0.899,0.75,-0.745,-0.498,0.293,0.24,0.587,0.719,-0.601,0.413,-0.428,-0.961,0.525,-0.49,0.815,0.659,0.041,-0.628,-0.462,0.637,-0.261,-0.671,0.318,0.191,0.355,0.274,0.7,-0.221,-0.553,0.727,-0.736,-0.693,0.543,-0.859,-0.135,0.635,-0.659,0.643,0.585,0.247,0.742,-0.541,-0.398,-0.594,-0.505,0.364,-0.171,-0.441,0.256,0.351,0.368,0.602,-0.874,-0.433,0.791,0.672,-0.804,0.751,0.751,-0.893,-0.644,-0.869,-0.713,0.662,-0.476,-0.19,0.635,0.499,0.785,0.674,0.721,-0.521,0.683,0.839,0.719,-0.78,0.698,0.22,0.056,0.805,-0.026,0.551,-0.557,-0.431,0.789,-0.042,0.658,0.465,-0.115,-0.746,-0.909,0.113,-0.805,0.575,-0.174,-0.662,-0.553,0.703,0.391,-0.052,-0.549,0.304,0.29,-0.541,-0.827,0.408,0.458,0.478,-0.397,0.184,0.314,-0.35,-0.855,0.688,-0.387,-0.358,0.172,0.588,-0.541,-0.766,0.568,0.517,-0.269,0.157,0.394,0.81,0.43,0.64,0.847,0.459,0.729,0.181,0.753,0.118,-0.266,-0.529,0.42,-0.865,0.729,-0.142,-0.865,0.797,-0.462,-0.599,0.026,-0.849,0.634,0.606,-0.787,0.549,0.104,0.821,-0.044,-0.807,-0.591,-0.359,0.715,-0.775,-0.902
AFYA,0.289,0.232,0.038,0.0,-0.219,0.548,0.324,-0.067,0.303,0.347,-0.163,-0.021,-0.288,-0.435,-0.007,0.095,0.18,-0.301,0.171,0.121,0.191,0.052,-0.093,0.004,-0.175,0.042,-0.203,0.021,0.213,-0.251,0.068,0.075,0.11,0.097,0.567,-0.162,0.048,0.468,-0.362,0.084,0.401,-0.195,0.193,-0.212,-0.272,-0.028,0.023,0.05,0.015,0.1,-0.158,-0.371,-0.068,-0.206,0.009,-0.138,0.327,0.118,0.198,0.28,0.048,0.254,-0.272,-0.146,0.028,-0.015,-0.339,0.167,-0.519,-0.595,-0.186,-0.029,-0.063,0.107,-0.276,-0.394,0.03,0.221,-0.214,0.06,-0.436,-0.08,0.051,-0.338,-0.214,-0.086,0.473,0.423,-0.2,-0.548,0.251,-0.24,0.114,-0.217,0.427,0.06,0.03,0.205,0.189,0.057,-0.125,-0.489,-0.17,-0.099,0.426,-0.131,-0.035,0.047,-0.144,-0.038,0.29,0.293,0.079,0.358,0.088,0.042,-0.011,0.133,0.005,0.316,0.279,-0.528,0.095,-0.384,-0.145,0.259,0.243,-0.018,-0.128,0.378,-0.209,-0.161,-0.3,0.206,-0.326,0.621,0.378,-0.446,0.185,-0.437,0.388,-0.11,0.195,0.462,-0.251,-0.071,0.252,0.38,-0.309,0.315,-0.253,0.079,-0.111,-0.105,0.083,0.43,-0.109,0.255,-0.153,-0.145,-0.079,0.248,0.209,-0.152,-0.133,-0.3,0.372,0.116,0.298,0.174,0.101,0.267,0.019,0.056,-0.394,0.108,0.164,0.306,-0.063,0.039,0.078,-0.176,0.184,0.243,0.236,-0.568,-0.219,-0.222,0.414,0.036,0.079,0.546,-0.172,-0.523,0.126,-0.086,-0.211,0.366,-0.193,0.143
AGNC,0.467,0.531,-0.716,-0.219,0.0,-0.059,0.104,0.401,0.087,-0.666,-0.317,0.712,0.189,0.015,0.184,-0.444,0.427,-0.13,-0.537,-0.533,-0.16,0.153,0.015,-0.593,0.787,0.349,0.904,-0.146,-0.281,0.465,-0.229,-0.516,-0.033,-0.428,0.092,0.224,-0.69,-0.548,0.723,-0.709,0.02,0.833,-0.713,0.798,0.599,-0.02,0.067,-0.367,-0.409,0.471,0.022,0.623,0.806,-0.169,0.511,-0.474,-0.65,0.263,0.331,0.348,-0.282,0.302,0.677,0.072,-0.041,-0.286,0.123,-0.433,0.463,0.699,-0.464,0.661,0.563,-0.235,0.882,0.507,-0.383,0.568,-0.183,-0.286,0.217,-0.494,0.455,0.462,0.737,0.338,-0.347,-0.108,0.485,0.293,-0.218,-0.036,-0.303,0.79,0.397,-0.422,-0.483,0.55,-0.705,-0.444,0.831,0.829,0.726,0.724,-0.69,0.407,0.395,-0.372,-0.125,-0.486,-0.517,-0.578,0.378,-0.611,-0.584,-0.679,0.693,-0.374,-0.055,0.059,-0.698,0.573,-0.333,0.764,0.484,-0.675,-0.174,-0.314,-0.375,0.027,0.761,0.835,0.261,0.68,-0.081,-0.072,0.214,0.793,-0.602,0.08,-0.196,0.624,-0.416,-0.177,0.478,0.653,-0.166,-0.331,-0.014,0.008,0.16,-0.056,0.551,0.729,-0.683,-0.017,0.497,-0.117,-0.452,0.694,0.743,-0.419,-0.36,0.468,0.08,0.104,-0.631,-0.334,-0.421,-0.726,-0.124,-0.674,0.07,-0.497,0.357,0.391,0.525,-0.293,0.772,-0.392,0.131,0.854,-0.607,0.366,0.339,0.309,0.798,-0.233,-0.552,0.563,-0.28,-0.251,-0.453,0.473,0.593,0.606,0.421,-0.585,0.795,0.646
AGYS,0.536,0.142,-0.322,0.548,-0.059,0.0,0.543,-0.057,0.766,-0.007,-0.532,0.138,-0.449,-0.734,0.251,-0.262,0.222,-0.586,-0.249,0.084,0.473,0.058,0.017,-0.163,0.0,0.384,0.15,-0.152,-0.14,0.033,-0.058,-0.145,-0.11,-0.013,0.694,-0.045,-0.188,0.322,0.028,-0.183,0.7,0.067,0.08,0.007,-0.271,-0.107,-0.141,0.056,-0.368,0.234,-0.386,-0.356,0.266,-0.381,0.377,-0.442,0.214,0.023,0.647,0.556,-0.055,0.311,-0.139,-0.325,0.175,-0.236,-0.441,0.089,-0.632,-0.437,-0.373,0.196,0.383,-0.145,0.055,-0.226,-0.135,0.579,-0.491,-0.173,-0.496,-0.324,0.183,-0.068,-0.001,0.317,0.451,0.736,0.006,-0.518,0.346,-0.331,0.045,0.072,0.5,-0.165,-0.302,0.661,0.105,-0.279,0.167,-0.13,0.173,0.243,0.337,-0.127,-0.197,-0.079,-0.264,-0.26,0.189,0.111,0.084,0.233,-0.449,0.012,0.4,-0.102,0.101,0.532,0.011,-0.577,0.035,-0.29,-0.096,0.131,0.394,-0.208,0.071,0.668,-0.179,0.251,-0.358,0.397,-0.579,0.836,0.777,-0.16,0.134,-0.651,0.163,0.058,0.154,0.227,-0.055,0.223,-0.403,0.253,-0.592,0.67,-0.368,0.199,0.154,0.051,-0.074,0.759,-0.06,0.472,-0.158,-0.083,0.317,0.17,0.348,0.017,-0.116,-0.428,-0.105,0.188,0.088,-0.126,0.024,0.063,0.18,-0.022,-0.471,0.394,0.302,0.34,0.174,-0.119,0.389,0.094,0.009,0.501,0.451,-0.817,0.093,-0.462,0.34,0.375,-0.038,0.708,-0.377,-0.666,0.512,-0.029,-0.318,0.086,0.225,0.559
ALT,0.54,-0.248,-0.254,0.324,0.104,0.543,0.0,0.424,0.305,-0.047,-0.429,0.339,-0.574,-0.679,0.473,-0.252,0.309,-0.641,0.117,-0.261,0.795,-0.109,-0.226,-0.086,0.234,-0.057,0.114,0.113,-0.49,-0.078,-0.515,-0.388,-0.046,-0.473,0.253,-0.417,-0.226,0.507,0.301,-0.123,0.731,0.202,-0.048,-0.172,0.238,-0.574,-0.541,-0.361,-0.486,0.206,-0.628,-0.502,0.194,-0.737,0.667,-0.405,0.267,-0.376,0.58,0.318,-0.248,-0.181,0.221,-0.348,-0.291,0.254,-0.739,0.249,-0.274,-0.034,-0.476,0.625,0.444,-0.386,0.066,-0.176,-0.524,0.302,-0.637,-0.547,-0.559,-0.558,0.314,0.425,-0.045,0.738,-0.101,0.848,-0.312,-0.392,-0.201,-0.708,-0.225,0.223,0.678,-0.271,-0.666,0.527,0.197,-0.493,0.282,-0.037,0.384,0.257,0.081,0.441,-0.22,-0.419,-0.598,-0.461,0.069,-0.28,-0.104,-0.01,-0.381,0.189,0.476,-0.409,-0.447,0.406,-0.238,-0.466,-0.351,-0.17,-0.214,-0.039,0.737,-0.462,-0.098,0.199,-0.031,0.126,-0.703,0.359,-0.643,0.377,0.679,-0.298,-0.061,-0.607,0.513,0.272,0.483,0.331,0.428,0.41,-0.381,-0.165,-0.717,0.662,-0.378,0.203,0.366,0.177,0.206,0.784,0.099,0.308,0.009,0.141,0.069,0.2,0.275,-0.375,-0.537,-0.605,-0.064,-0.159,-0.196,-0.183,-0.326,-0.088,-0.057,0.124,-0.525,-0.021,-0.091,-0.179,0.412,-0.308,-0.03,0.205,-0.258,0.8,0.484,-0.34,0.073,-0.71,0.153,0.592,-0.356,0.346,-0.46,-0.545,0.377,0.12,0.253,-0.026,-0.01,0.466
AMGN,0.408,-0.062,-0.558,-0.067,0.401,-0.057,0.424,0.0,-0.194,-0.505,-0.647,0.807,-0.567,-0.508,0.526,-0.605,0.724,-0.7,0.14,-0.641,0.529,-0.682,-0.468,-0.399,0.278,-0.436,0.324,-0.137,-0.863,-0.334,-0.814,-0.901,-0.543,-0.892,-0.252,-0.371,-0.696,-0.152,0.735,-0.517,0.551,0.66,-0.57,0.3,0.759,-0.751,-0.712,-0.918,-0.615,0.334,-0.708,0.105,0.452,-0.794,0.454,-0.491,-0.344,-0.707,0.342,-0.07,-0.865,-0.366,0.836,-0.443,-0.647,0.44,-0.663,-0.523,0.502,0.605,-0.541,0.748,0.411,-0.837,0.465,-0.178,-0.846,0.175,-0.755,-0.834,-0.457,-0.753,0.622,0.582,0.249,0.523,-0.75,0.273,-0.031,-0.391,-0.851,-0.69,-0.868,0.696,0.297,-0.821,-0.688,0.359,-0.308,-0.746,0.636,0.338,0.724,0.462,-0.642,0.825,0.035,-0.857,-0.757,-0.826,-0.501,-0.866,0.424,-0.71,-0.411,-0.4,0.508,-0.852,-0.693,-0.453,-0.716,-0.151,-0.866,0.53,0.104,-0.7,0.439,-0.842,-0.47,-0.51,0.603,0.376,-0.577,0.448,-0.645,-0.316,0.485,0.085,-0.697,-0.494,0.561,0.478,0.316,-0.035,0.795,0.76,-0.211,-0.787,-0.614,0.457,-0.376,-0.374,-0.007,0.747,-0.145,0.433,0.098,-0.287,-0.156,0.243,0.105,-0.467,-0.531,-0.414,-0.579,-0.709,-0.446,-0.655,-0.758,-0.59,-0.872,-0.665,-0.705,-0.479,-0.383,-0.394,-0.223,-0.877,0.71,-0.753,-0.309,0.578,-0.862,0.578,0.409,0.308,0.547,-0.8,-0.648,0.685,-0.786,-0.453,-0.727,-0.183,0.467,0.567,0.829,-0.65,0.13,0.499
AMPH,0.263,0.409,-0.291,0.303,0.087,0.766,0.305,-0.194,0.0,-0.116,-0.259,0.113,-0.279,-0.505,0.214,-0.29,0.085,-0.305,-0.463,0.304,0.303,0.319,0.435,-0.002,-0.04,0.728,0.319,-0.039,0.006,0.311,0.245,0.031,-0.136,0.112,0.78,0.261,-0.146,0.029,0.057,-0.263,0.477,0.129,0.168,0.207,-0.296,0.187,0.207,0.283,-0.266,0.282,-0.199,-0.082,0.289,-0.058,0.534,-0.146,0.245,0.201,0.724,0.662,0.17,0.577,-0.093,-0.24,0.538,-0.32,-0.17,0.104,-0.473,-0.34,-0.223,-0.003,0.485,-0.116,0.217,-0.158,0.093,0.669,-0.24,-0.024,-0.006,-0.008,0.364,0.089,0.346,0.218,0.544,0.566,0.437,-0.22,0.51,0.068,0.28,0.12,0.374,0.026,-0.091,0.585,0.035,-0.228,0.205,0.158,0.176,0.383,0.363,-0.365,-0.08,0.207,0.125,-0.048,0.281,0.213,0.305,0.234,-0.421,-0.007,0.274,0.107,0.517,0.645,0.021,-0.19,0.221,-0.019,-0.081,0.029,0.075,0.099,0.334,0.744,-0.145,0.346,-0.099,0.425,-0.245,0.761,0.562,0.161,0.273,-0.53,-0.076,0.148,0.085,0.349,-0.078,0.225,-0.365,0.323,-0.417,0.576,0.067,0.448,0.175,0.091,-0.239,0.557,-0.1,0.633,0.002,-0.055,0.502,-0.138,0.217,0.394,0.304,-0.091,-0.152,0.536,0.292,-0.221,0.315,0.039,0.348,-0.021,-0.112,0.532,0.44,0.481,0.11,0.195,0.784,0.256,0.117,0.406,0.55,-0.703,0.185,-0.221,0.332,0.217,0.226,0.449,-0.107,-0.408,0.617,0.051,-0.38,0.061,0.423,0.54
AMZN,-0.414,-0.267,0.773,0.347,-0.666,-0.007,-0.047,-0.505,-0.116,0.0,0.517,-0.759,0.06,0.239,-0.423,0.695,-0.661,0.433,0.649,0.503,-0.019,0.193,0.105,0.693,-0.515,-0.206,-0.72,0.427,0.525,-0.29,0.405,0.701,0.347,0.576,0.005,-0.058,0.856,0.723,-0.748,0.863,-0.214,-0.855,0.783,-0.773,-0.499,0.263,0.146,0.497,0.751,-0.539,0.275,-0.52,-0.76,0.32,-0.362,0.583,0.671,0.113,-0.465,-0.236,0.56,-0.097,-0.725,0.342,0.036,0.359,0.137,0.733,-0.406,-0.702,0.649,-0.578,-0.507,0.465,-0.867,-0.315,0.615,-0.571,0.497,0.547,0.027,0.522,-0.45,-0.467,-0.59,-0.403,0.462,0.078,-0.549,0.068,0.433,0.153,0.572,-0.899,-0.071,0.679,0.634,-0.445,0.785,0.782,-0.854,-0.753,-0.789,-0.585,0.819,-0.346,0.019,0.53,0.337,0.653,0.666,0.765,-0.465,0.792,0.747,0.697,-0.677,0.634,0.12,0.27,0.874,-0.288,0.51,-0.679,-0.553,0.857,0.154,0.521,0.413,0.077,-0.709,-0.791,-0.013,-0.685,0.362,0.188,-0.417,-0.599,0.664,0.204,0.082,-0.598,0.21,0.319,-0.503,-0.773,0.367,0.68,0.306,-0.183,0.073,0.273,-0.37,-0.761,0.684,-0.129,-0.035,0.322,0.404,-0.547,-0.645,0.653,0.513,-0.316,0.035,0.225,0.894,0.368,0.701,0.92,0.396,0.78,0.222,0.62,-0.055,-0.287,-0.294,0.496,-0.797,0.611,-0.16,-0.853,0.79,-0.34,-0.522,-0.204,-0.777,0.442,0.719,-0.581,0.554,0.353,0.626,-0.238,-0.609,-0.306,-0.465,0.716,-0.711,-0.643
ANIP,-0.657,-0.13,0.776,-0.163,-0.317,-0.532,-0.429,-0.647,-0.259,0.517,0.0,-0.72,0.541,0.797,-0.419,0.704,-0.716,0.875,0.224,0.52,-0.472,0.519,0.44,0.604,-0.258,0.049,-0.451,0.356,0.722,0.198,0.634,0.822,0.56,0.645,-0.146,0.204,0.751,0.14,-0.662,0.625,-0.759,-0.636,0.552,-0.409,-0.337,0.548,0.58,0.665,0.705,-0.455,0.684,-0.092,-0.657,0.759,-0.414,0.768,0.348,0.413,-0.602,-0.257,0.779,0.023,-0.525,0.501,0.38,0.017,0.619,0.604,-0.056,-0.299,0.671,-0.655,-0.534,0.716,-0.492,0.128,0.728,-0.503,0.857,0.702,0.653,0.812,-0.487,-0.278,-0.292,-0.482,0.299,-0.445,-0.107,0.593,0.387,0.62,0.738,-0.663,-0.342,0.832,0.673,-0.751,0.389,0.708,-0.68,-0.291,-0.709,-0.532,0.437,-0.54,0.085,0.749,0.733,0.818,0.426,0.64,-0.396,0.516,0.675,0.49,-0.707,0.722,0.439,0.125,0.644,0.4,0.61,-0.258,-0.174,0.568,-0.387,0.813,0.466,-0.037,-0.499,-0.59,0.478,-0.626,0.831,-0.222,-0.811,-0.129,0.591,0.682,-0.304,-0.348,-0.087,0.129,-0.486,-0.752,0.458,0.501,0.706,-0.613,0.594,0.398,-0.112,-0.693,0.32,-0.682,-0.11,0.084,0.316,-0.178,-0.379,0.383,0.267,0.206,0.415,0.774,0.575,0.507,0.661,0.624,0.69,0.595,0.448,0.572,0.518,-0.026,-0.133,0.477,-0.699,0.767,-0.014,-0.548,0.73,-0.57,-0.45,0.213,-0.643,0.829,0.455,-0.753,0.629,-0.076,0.834,0.398,-0.668,-0.425,-0.4,0.664,-0.388,-0.776
AOSL,0.663,0.327,-0.871,-0.021,0.712,0.138,0.339,0.807,0.113,-0.759,-0.72,0.0,-0.338,-0.496,0.5,-0.719,0.83,-0.678,-0.323,-0.642,0.279,-0.361,-0.312,-0.68,0.598,0.023,0.739,-0.383,-0.696,0.005,-0.59,-0.899,-0.37,-0.774,0.121,-0.159,-0.936,-0.416,0.851,-0.861,0.506,0.933,-0.766,0.668,0.728,-0.48,-0.352,-0.782,-0.717,0.538,-0.493,0.38,0.839,-0.652,0.546,-0.734,-0.613,-0.289,0.567,0.309,-0.743,0.127,0.852,-0.335,-0.358,-0.042,-0.43,-0.684,0.406,0.644,-0.715,0.804,0.601,-0.682,0.822,0.039,-0.772,0.56,-0.707,-0.709,-0.28,-0.797,0.657,0.561,0.512,0.539,-0.554,0.183,0.337,-0.271,-0.614,-0.492,-0.733,0.895,0.439,-0.834,-0.735,0.659,-0.696,-0.823,0.892,0.628,0.89,0.703,-0.729,0.618,0.16,-0.766,-0.59,-0.885,-0.661,-0.838,0.62,-0.781,-0.751,-0.714,0.757,-0.8,-0.405,-0.185,-0.842,0.039,-0.726,0.681,0.408,-0.829,0.17,-0.746,-0.522,-0.151,0.764,0.799,-0.293,0.793,-0.6,0.001,0.613,0.465,-0.771,-0.439,0.293,0.657,-0.091,-0.116,0.729,0.894,-0.258,-0.627,-0.542,0.428,-0.222,-0.327,0.228,0.929,-0.589,0.4,0.277,-0.224,-0.444,0.538,0.615,-0.618,-0.574,0.058,-0.33,-0.501,-0.74,-0.531,-0.736,-0.843,-0.615,-0.782,-0.4,-0.683,-0.166,0.115,0.329,-0.626,0.904,-0.761,-0.033,0.898,-0.907,0.6,0.66,0.15,0.82,-0.735,-0.678,0.809,-0.656,-0.283,-0.844,0.005,0.774,0.666,0.619,-0.721,0.621,0.828
APDN,-0.214,0.193,0.15,-0.288,0.189,-0.449,-0.574,-0.567,-0.279,0.06,0.541,-0.338,0.0,0.774,-0.537,0.401,-0.413,0.727,-0.273,0.045,-0.829,0.517,0.179,-0.058,0.311,0.214,0.126,-0.007,0.618,0.374,0.454,0.47,0.598,0.47,-0.148,0.278,0.254,-0.306,-0.202,0.072,-0.791,-0.1,-0.051,0.151,-0.174,0.618,0.579,0.439,0.459,-0.111,0.767,0.395,0.018,0.65,-0.448,0.197,-0.297,0.721,-0.473,-0.099,0.472,0.262,-0.293,0.577,0.255,-0.531,0.818,0.06,0.063,0.118,0.269,-0.284,-0.291,0.659,0.034,0.531,0.479,-0.225,0.707,0.558,0.574,0.412,-0.489,-0.298,0.104,-0.406,0.15,-0.714,0.199,0.619,0.374,0.587,0.399,-0.175,-0.304,0.427,0.388,-0.256,-0.274,0.506,-0.147,0.138,-0.283,-0.215,-0.081,-0.265,0.253,0.415,0.525,0.482,-0.135,0.293,-0.31,0.077,0.207,-0.1,-0.173,0.472,0.319,0.08,0.147,0.607,0.473,-0.007,0.243,0.146,-0.687,0.505,-0.072,0.081,0.063,0.033,0.769,-0.19,0.646,-0.169,-0.623,0.345,0.065,0.838,-0.674,-0.177,-0.695,-0.353,-0.408,-0.386,0.349,0.313,0.773,-0.795,0.46,-0.051,0.249,-0.222,-0.235,-0.768,0.346,-0.267,-0.231,0.363,0.127,0.08,0.061,0.531,0.474,0.775,0.051,0.083,0.221,0.161,0.549,0.118,0.456,0.033,0.634,0.311,0.369,0.327,-0.2,0.29,-0.057,-0.106,0.315,-0.604,-0.434,0.332,-0.054,0.698,0.003,-0.356,0.436,-0.04,0.416,0.785,-0.364,-0.131,-0.299,0.131,0.176,-0.305
APLT,-0.591,0.035,0.491,-0.435,0.015,-0.734,-0.679,-0.508,-0.505,0.239,0.797,-0.496,0.774,0.0,-0.55,0.567,-0.606,0.918,-0.001,0.182,-0.783,0.467,0.257,0.243,0.017,0.015,-0.134,0.264,0.617,0.333,0.491,0.589,0.466,0.486,-0.399,0.338,0.492,-0.243,-0.356,0.383,-0.961,-0.313,0.146,-0.053,-0.126,0.544,0.538,0.445,0.649,-0.331,0.801,0.34,-0.355,0.782,-0.497,0.586,-0.076,0.498,-0.763,-0.42,0.548,0.036,-0.284,0.602,0.207,-0.101,0.841,0.218,0.323,0.121,0.609,-0.478,-0.504,0.661,-0.177,0.459,0.612,-0.489,0.881,0.663,0.726,0.601,-0.448,-0.276,-0.056,-0.589,0.085,-0.795,0.048,0.792,0.243,0.693,0.465,-0.346,-0.494,0.582,0.602,-0.649,-0.005,0.653,-0.383,0.061,-0.479,-0.291,-0.002,-0.319,0.284,0.536,0.659,0.661,0.07,0.368,-0.296,0.152,0.527,0.108,-0.473,0.58,0.322,-0.138,0.355,0.705,0.466,0.066,0.11,0.238,-0.626,0.629,0.158,-0.265,-0.113,-0.283,0.772,-0.534,0.863,-0.483,-0.914,0.249,0.167,0.953,-0.564,-0.219,-0.448,-0.211,-0.373,-0.57,0.393,0.258,0.914,-0.875,0.539,0.076,0.035,-0.375,-0.0,-0.942,0.123,-0.237,0.154,0.075,-0.199,0.207,0.057,0.323,0.456,0.881,0.26,0.122,0.314,0.371,0.533,0.221,0.316,0.285,0.711,0.001,-0.014,0.229,-0.44,0.498,-0.171,-0.307,0.425,-0.685,-0.622,0.575,-0.244,0.868,0.05,-0.644,0.499,-0.306,0.679,0.754,-0.637,-0.228,-0.203,0.221,-0.125,-0.657
APVO,0.377,-0.053,-0.39,-0.007,0.184,0.251,0.473,0.526,0.214,-0.423,-0.419,0.5,-0.537,-0.55,0.0,-0.543,0.502,-0.563,-0.003,-0.167,0.554,-0.301,-0.005,-0.148,0.097,-0.039,0.238,-0.197,-0.589,-0.034,-0.441,-0.527,-0.352,-0.562,0.142,-0.123,-0.502,-0.014,0.409,-0.432,0.563,0.41,-0.246,0.173,0.358,-0.443,-0.382,-0.404,-0.558,0.358,-0.543,-0.137,0.289,-0.536,0.474,-0.34,-0.056,-0.442,0.574,0.183,-0.423,-0.088,0.514,-0.502,-0.076,0.178,-0.564,-0.167,0.093,0.176,-0.488,0.477,0.49,-0.563,0.381,-0.276,-0.556,0.41,-0.643,-0.628,-0.282,-0.454,0.552,0.48,0.082,0.523,-0.318,0.5,0.092,-0.402,-0.435,-0.438,-0.382,0.451,0.324,-0.471,-0.553,0.315,-0.145,-0.662,0.433,0.255,0.551,0.323,-0.243,0.305,-0.194,-0.439,-0.441,-0.575,-0.108,-0.504,0.311,-0.427,-0.436,-0.151,0.372,-0.582,-0.26,-0.016,-0.456,-0.194,-0.475,0.247,0.211,-0.388,0.37,-0.474,-0.103,-0.072,0.286,0.301,-0.548,0.391,-0.497,0.045,0.561,-0.002,-0.22,-0.593,0.387,0.338,0.417,0.113,0.529,0.525,-0.336,-0.468,-0.631,0.626,-0.171,0.062,0.075,0.402,-0.087,0.537,-0.057,0.094,-0.061,0.107,0.255,-0.312,-0.273,-0.168,-0.312,-0.539,-0.348,-0.089,-0.362,-0.45,-0.499,-0.285,-0.369,-0.181,-0.366,-0.07,-0.04,-0.362,0.442,-0.348,0.07,0.431,-0.461,0.617,0.56,-0.143,0.25,-0.608,-0.274,0.466,-0.471,-0.115,-0.479,-0.335,0.454,0.175,0.411,-0.251,0.211,0.456
ARGX,-0.406,-0.216,0.706,0.095,-0.444,-0.262,-0.252,-0.605,-0.29,0.695,0.704,-0.719,0.401,0.567,-0.543,0.0,-0.733,0.658,0.324,0.381,-0.337,0.372,0.142,0.498,-0.278,-0.145,-0.526,0.331,0.632,0.005,0.495,0.721,0.622,0.593,-0.143,0.068,0.782,0.409,-0.637,0.772,-0.546,-0.709,0.575,-0.592,-0.43,0.374,0.296,0.523,0.686,-0.515,0.529,-0.292,-0.641,0.499,-0.444,0.553,0.412,0.348,-0.589,-0.311,0.694,-0.093,-0.682,0.431,0.102,0.076,0.45,0.615,-0.229,-0.445,0.702,-0.541,-0.54,0.661,-0.662,0.032,0.632,-0.588,0.7,0.693,0.28,0.589,-0.632,-0.435,-0.484,-0.48,0.374,-0.266,-0.419,0.399,0.417,0.324,0.626,-0.737,-0.169,0.706,0.536,-0.549,0.501,0.713,-0.741,-0.497,-0.739,-0.538,0.559,-0.413,0.11,0.549,0.468,0.683,0.453,0.69,-0.584,0.677,0.609,0.592,-0.604,0.657,0.187,0.184,0.72,0.068,0.557,-0.523,-0.275,0.726,-0.045,0.594,0.318,-0.032,-0.595,-0.618,0.327,-0.665,0.588,-0.013,-0.629,-0.335,0.495,0.555,-0.084,-0.516,-0.127,-0.012,-0.588,-0.819,0.43,0.548,0.57,-0.541,0.291,0.307,-0.146,-0.712,0.433,-0.482,0.027,0.085,0.254,-0.278,-0.465,0.661,0.507,-0.063,0.107,0.527,0.602,0.269,0.588,0.779,0.54,0.65,0.374,0.609,0.196,-0.109,-0.189,0.489,-0.695,0.561,-0.262,-0.714,0.697,-0.508,-0.503,0.054,-0.64,0.652,0.593,-0.617,0.562,0.173,0.682,0.17,-0.713,-0.394,-0.504,0.648,-0.492,-0.69
ARLP,0.644,0.184,-0.731,0.18,0.427,0.222,0.309,0.724,0.085,-0.661,-0.716,0.83,-0.413,-0.606,0.502,-0.733,0.0,-0.747,-0.187,-0.6,0.314,-0.536,-0.333,-0.603,0.411,-0.109,0.474,-0.447,-0.594,-0.225,-0.614,-0.828,-0.382,-0.705,0.197,-0.323,-0.853,-0.247,0.648,-0.788,0.584,0.748,-0.627,0.555,0.579,-0.513,-0.365,-0.714,-0.713,0.48,-0.558,0.22,0.67,-0.674,0.322,-0.728,-0.53,-0.341,0.508,0.252,-0.773,0.048,0.665,-0.419,-0.358,-0.1,-0.527,-0.657,0.185,0.384,-0.823,0.686,0.432,-0.635,0.6,-0.171,-0.763,0.541,-0.785,-0.722,-0.414,-0.731,0.504,0.427,0.299,0.468,-0.502,0.236,0.19,-0.549,-0.615,-0.581,-0.756,0.726,0.38,-0.823,-0.651,0.527,-0.582,-0.781,0.738,0.35,0.71,0.387,-0.617,0.523,0.017,-0.762,-0.618,-0.856,-0.586,-0.752,0.492,-0.708,-0.629,-0.647,0.635,-0.774,-0.442,-0.262,-0.728,-0.198,-0.713,0.426,0.392,-0.706,0.205,-0.741,-0.587,-0.086,0.658,0.594,-0.444,0.752,-0.68,0.055,0.668,0.163,-0.652,-0.566,0.391,0.436,0.031,0.006,0.575,0.812,-0.166,-0.577,-0.632,0.497,-0.337,-0.375,0.114,0.789,-0.405,0.472,0.072,-0.226,-0.454,0.391,0.427,-0.549,-0.555,-0.065,-0.337,-0.618,-0.597,-0.454,-0.704,-0.755,-0.64,-0.67,-0.503,-0.606,-0.413,0.03,0.222,-0.586,0.798,-0.759,-0.056,0.686,-0.811,0.475,0.598,-0.014,0.607,-0.757,-0.616,0.751,-0.679,-0.128,-0.878,-0.239,0.64,0.397,0.545,-0.566,0.41,0.696
ATEX,-0.652,0.077,0.631,-0.301,-0.13,-0.586,-0.641,-0.7,-0.305,0.433,0.875,-0.678,0.727,0.918,-0.563,0.658,-0.747,0.0,0.048,0.425,-0.716,0.571,0.457,0.461,-0.137,0.161,-0.244,0.318,0.778,0.332,0.702,0.804,0.525,0.694,-0.193,0.39,0.673,-0.065,-0.541,0.541,-0.901,-0.513,0.383,-0.183,-0.333,0.694,0.682,0.683,0.761,-0.434,0.863,0.189,-0.497,0.893,-0.47,0.702,0.131,0.602,-0.669,-0.275,0.783,0.137,-0.498,0.648,0.398,-0.128,0.855,0.443,0.075,-0.148,0.713,-0.649,-0.499,0.747,-0.337,0.331,0.793,-0.46,0.962,0.788,0.786,0.782,-0.511,-0.315,-0.102,-0.613,0.301,-0.648,0.044,0.758,0.483,0.778,0.714,-0.56,-0.424,0.8,0.739,-0.654,0.188,0.794,-0.558,-0.074,-0.648,-0.409,0.289,-0.534,0.241,0.74,0.83,0.815,0.321,0.617,-0.349,0.422,0.614,0.274,-0.617,0.768,0.522,0.112,0.557,0.627,0.679,-0.112,-0.049,0.471,-0.586,0.819,0.37,-0.024,-0.32,-0.404,0.736,-0.592,0.961,-0.278,-0.918,0.137,0.462,0.84,-0.543,-0.312,-0.377,-0.032,-0.547,-0.723,0.45,0.502,0.911,-0.77,0.642,0.292,-0.023,-0.577,0.136,-0.835,0.065,0.044,0.246,-0.113,-0.224,0.314,0.212,0.364,0.569,0.902,0.451,0.419,0.596,0.543,0.714,0.46,0.489,0.453,0.702,0.073,0.017,0.503,-0.628,0.744,0.015,-0.447,0.676,-0.692,-0.623,0.321,-0.434,0.948,0.308,-0.743,0.691,-0.131,0.847,0.632,-0.635,-0.32,-0.406,0.475,-0.188,-0.715
ATRA,-0.198,-0.527,0.547,0.171,-0.537,-0.249,0.117,0.14,-0.463,0.649,0.224,-0.323,-0.273,-0.001,-0.003,0.324,-0.187,0.048,0.0,0.126,0.3,-0.39,-0.259,0.495,-0.411,-0.683,-0.678,0.24,-0.034,-0.666,-0.176,0.146,0.048,0.006,-0.357,-0.318,0.468,0.64,-0.328,0.574,0.049,-0.522,0.458,-0.707,-0.019,-0.329,-0.342,-0.131,0.427,-0.403,-0.163,-0.548,-0.614,-0.166,-0.272,0.317,0.42,-0.442,-0.357,-0.429,-0.017,-0.558,-0.215,0.065,-0.456,0.671,-0.293,0.383,-0.076,-0.303,0.303,-0.166,-0.336,-0.071,-0.667,-0.508,0.049,-0.628,0.031,-0.064,-0.27,0.136,-0.161,-0.097,-0.599,-0.059,-0.194,0.12,-0.639,-0.186,-0.31,-0.317,-0.029,-0.538,-0.054,0.168,0.234,-0.456,0.62,0.297,-0.566,-0.66,-0.417,-0.534,0.351,0.187,-0.116,-0.015,-0.182,0.168,0.318,0.151,-0.278,0.281,0.599,0.506,-0.525,0.018,-0.432,-0.219,0.392,-0.403,-0.104,-0.424,-0.402,0.435,0.425,-0.015,0.08,-0.422,-0.365,-0.69,-0.459,-0.528,-0.006,-0.205,-0.219,-0.677,0.272,-0.038,0.508,-0.402,0.473,0.215,0.031,-0.379,0.363,0.05,-0.074,-0.0,-0.156,-0.089,-0.486,-0.396,0.712,0.043,-0.086,-0.041,0.327,-0.404,-0.709,0.315,0.085,-0.726,-0.454,-0.243,0.628,-0.072,0.169,0.648,-0.261,0.447,-0.332,0.321,-0.383,-0.7,-0.6,-0.15,-0.434,0.107,-0.521,-0.592,0.251,-0.079,-0.324,0.071,-0.585,-0.025,0.216,-0.254,-0.094,-0.045,0.204,-0.292,-0.484,0.006,0.102,0.366,-0.767,-0.52
AUTL,-0.512,-0.055,0.552,0.121,-0.533,0.084,-0.261,-0.641,0.304,0.503,0.52,-0.642,0.045,0.182,-0.167,0.381,-0.6,0.425,0.126,0.0,-0.065,0.451,0.556,0.701,-0.609,0.367,-0.475,0.002,0.494,-0.004,0.743,0.72,0.13,0.79,0.263,0.31,0.599,0.165,-0.673,0.532,-0.178,-0.686,0.747,-0.434,-0.593,0.512,0.544,0.782,0.481,-0.295,0.342,-0.273,-0.556,0.623,-0.204,0.59,0.522,0.246,-0.085,0.225,0.648,0.218,-0.519,0.249,0.723,0.032,0.304,0.467,-0.374,-0.617,0.64,-0.797,-0.176,0.381,-0.505,-0.259,0.7,-0.136,0.502,0.575,0.34,0.78,-0.207,-0.339,-0.24,-0.311,0.594,-0.011,0.167,0.127,0.587,0.598,0.736,-0.663,-0.276,0.638,0.65,-0.401,0.507,0.544,-0.677,-0.411,-0.605,-0.298,0.722,-0.819,-0.192,0.82,0.67,0.682,0.595,0.686,0.003,0.64,0.426,0.486,-0.696,0.602,0.709,0.263,0.694,-0.128,0.599,-0.345,-0.354,0.608,-0.173,0.661,0.8,0.413,-0.633,-0.474,0.209,-0.445,0.463,0.248,-0.302,-0.242,0.787,0.04,-0.197,-0.207,0.152,0.125,-0.43,-0.609,0.078,0.621,0.245,-0.036,0.395,0.481,-0.435,-0.703,0.269,-0.08,-0.391,0.463,0.321,-0.644,-0.194,0.175,0.248,0.213,0.452,0.351,0.458,0.839,0.84,0.572,0.602,0.735,0.468,0.324,0.242,0.083,-0.023,0.679,-0.775,0.769,0.523,-0.515,0.782,-0.334,-0.154,-0.425,-0.601,0.536,0.642,-0.692,0.546,0.26,0.68,-0.129,-0.213,-0.339,-0.705,0.664,-0.267,-0.446
AVDL,0.322,-0.403,-0.142,0.191,-0.16,0.473,0.795,0.529,0.303,-0.019,-0.472,0.279,-0.829,-0.783,0.554,-0.337,0.314,-0.716,0.3,-0.065,0.0,-0.437,-0.171,0.137,-0.143,-0.218,-0.132,0.042,-0.651,-0.414,-0.518,-0.421,-0.374,-0.478,0.135,-0.431,-0.18,0.48,0.25,-0.032,0.842,0.066,0.154,-0.287,0.217,-0.636,-0.659,-0.382,-0.477,0.114,-0.828,-0.593,0.007,-0.745,0.574,-0.24,0.363,-0.703,0.579,0.217,-0.377,-0.358,0.257,-0.479,-0.276,0.478,-0.875,0.161,-0.218,-0.083,-0.329,0.397,0.409,-0.613,-0.079,-0.488,-0.54,0.183,-0.702,-0.625,-0.575,-0.418,0.385,0.481,-0.118,0.686,-0.226,0.856,-0.301,-0.554,-0.347,-0.708,-0.308,0.131,0.413,-0.358,-0.553,0.365,0.396,-0.52,0.118,-0.169,0.304,0.158,0.152,0.361,-0.349,-0.427,-0.58,-0.457,0.145,-0.295,0.04,0.01,-0.267,0.326,0.222,-0.494,-0.401,0.135,-0.172,-0.649,-0.441,-0.132,-0.375,-0.023,0.844,-0.507,0.131,0.047,-0.142,-0.047,-0.868,0.192,-0.665,0.234,0.66,-0.439,0.037,-0.789,0.673,0.171,0.723,0.253,0.46,0.369,-0.441,-0.259,-0.839,0.824,-0.392,0.168,-0.066,0.106,0.39,0.852,-0.148,0.328,0.178,-0.209,-0.12,-0.006,0.089,-0.515,-0.595,-0.767,-0.045,-0.021,-0.18,-0.11,-0.503,-0.049,-0.268,0.054,-0.673,-0.276,-0.344,-0.301,0.216,-0.281,0.041,0.082,-0.251,0.664,0.463,-0.37,-0.048,-0.753,0.131,0.49,-0.439,0.149,-0.386,-0.755,0.378,0.13,0.246,-0.033,-0.191,0.342
BCRX,-0.175,0.362,0.209,0.052,0.153,0.058,-0.109,-0.682,0.319,0.193,0.519,-0.361,0.517,0.467,-0.301,0.372,-0.536,0.571,-0.39,0.451,-0.437,0.0,0.526,0.125,0.115,0.719,0.184,0.154,0.651,0.666,0.65,0.616,0.546,0.609,0.357,0.49,0.338,-0.068,-0.35,0.177,-0.455,-0.207,0.224,0.029,-0.398,0.601,0.716,0.694,0.402,0.022,0.654,0.138,-0.065,0.645,0.072,0.314,0.189,0.756,-0.052,0.32,0.749,0.539,-0.34,0.431,0.678,-0.385,0.605,0.412,-0.216,-0.222,0.375,-0.327,-0.014,0.649,-0.003,0.451,0.619,0.174,0.602,0.61,0.519,0.46,-0.129,-0.274,0.151,-0.222,0.656,-0.145,0.341,0.583,0.732,0.672,0.765,-0.256,0.044,0.655,0.387,-0.039,0.017,0.434,-0.172,0.133,-0.296,0.12,0.354,-0.574,0.09,0.737,0.651,0.584,0.33,0.529,-0.133,0.397,0.097,0.113,-0.116,0.645,0.665,0.594,0.362,0.436,0.606,-0.057,0.068,0.348,-0.438,0.671,0.345,0.525,-0.226,0.035,0.631,-0.1,0.533,0.323,-0.309,0.289,0.421,0.45,-0.598,0.075,-0.348,0.126,-0.365,-0.37,0.034,0.582,0.496,-0.358,0.428,0.468,0.329,-0.348,-0.228,-0.322,0.084,0.376,0.088,0.12,0.277,0.292,0.442,0.616,0.606,0.721,0.162,0.511,0.613,0.224,0.842,0.365,0.768,0.292,0.609,0.556,0.447,0.724,-0.275,0.637,0.466,-0.071,0.554,-0.12,-0.075,-0.154,-0.123,0.598,0.444,-0.427,0.602,0.344,0.515,0.396,-0.095,-0.24,-0.544,0.368,0.244,-0.121
BHAT,-0.293,0.301,0.194,-0.093,0.015,0.017,-0.226,-0.468,0.435,0.105,0.44,-0.312,0.179,0.257,-0.005,0.142,-0.333,0.457,-0.259,0.556,-0.171,0.526,0.0,0.399,-0.159,0.599,0.013,0.13,0.412,0.326,0.595,0.468,0.162,0.452,0.372,0.422,0.254,-0.121,-0.286,0.127,-0.247,-0.224,0.38,0.099,-0.268,0.569,0.548,0.604,0.216,-0.036,0.326,0.073,-0.154,0.551,0.14,0.4,0.187,0.472,0.126,0.317,0.575,0.404,-0.227,0.163,0.677,-0.215,0.397,0.359,-0.135,-0.236,0.289,-0.394,0.128,0.289,-0.007,-0.027,0.518,0.215,0.422,0.41,0.668,0.565,0.059,0.031,0.198,-0.179,0.408,0.002,0.395,0.274,0.54,0.539,0.658,-0.216,0.056,0.485,0.39,-0.124,0.148,0.264,-0.182,0.13,-0.218,-0.006,0.361,-0.646,0.2,0.591,0.67,0.412,0.396,0.424,0.067,0.316,0.075,0.193,-0.291,0.469,0.728,0.393,0.305,0.321,0.477,0.069,-0.085,0.229,-0.269,0.576,0.554,0.396,-0.194,-0.04,0.368,-0.086,0.521,0.184,-0.241,0.153,0.495,0.116,-0.27,-0.039,-0.074,0.172,-0.308,-0.253,-0.04,0.448,0.229,0.059,0.664,0.622,0.021,-0.275,-0.066,-0.149,-0.164,0.525,0.12,-0.178,0.176,-0.015,0.09,0.587,0.617,0.514,0.096,0.751,0.583,0.107,0.617,0.281,0.471,0.24,0.408,0.259,0.211,0.519,-0.305,0.639,0.6,-0.05,0.461,-0.134,0.024,-0.233,-0.198,0.438,0.339,-0.328,0.468,0.022,0.449,0.121,0.046,-0.127,-0.436,0.387,0.146,-0.123
BLBD,-0.61,-0.327,0.751,0.004,-0.593,-0.163,-0.086,-0.399,-0.002,0.693,0.604,-0.68,-0.058,0.243,-0.148,0.498,-0.603,0.461,0.495,0.701,0.137,0.125,0.399,0.0,-0.57,-0.095,-0.67,0.405,0.358,-0.189,0.495,0.665,0.097,0.534,0.006,0.067,0.771,0.487,-0.602,0.773,-0.172,-0.763,0.841,-0.63,-0.284,0.334,0.234,0.579,0.552,-0.538,0.197,-0.403,-0.759,0.404,-0.143,0.737,0.673,-0.048,-0.307,-0.135,0.574,-0.102,-0.475,0.29,0.321,0.462,0.136,0.725,-0.179,-0.492,0.668,-0.649,-0.349,0.276,-0.691,-0.347,0.558,-0.44,0.485,0.479,0.351,0.675,-0.301,-0.039,-0.381,-0.225,0.272,0.073,-0.278,0.168,0.326,0.298,0.586,-0.723,-0.213,0.629,0.563,-0.521,0.761,0.605,-0.757,-0.47,-0.641,-0.471,0.703,-0.473,-0.045,0.551,0.537,0.609,0.661,0.623,-0.272,0.642,0.667,0.718,-0.752,0.567,0.368,0.215,0.749,-0.091,0.523,-0.398,-0.556,0.677,0.104,0.551,0.767,0.067,-0.694,-0.72,-0.04,-0.619,0.515,-0.031,-0.472,-0.435,0.717,0.087,0.053,-0.39,0.368,0.303,-0.32,-0.626,0.183,0.516,0.245,-0.002,0.385,0.545,-0.339,-0.713,0.694,-0.096,-0.18,0.469,0.559,-0.696,-0.543,0.323,0.262,-0.14,0.193,0.262,0.701,0.66,0.7,0.685,0.374,0.671,0.216,0.631,0.082,-0.263,-0.38,0.38,-0.762,0.724,0.149,-0.645,0.723,-0.32,-0.378,-0.096,-0.734,0.444,0.621,-0.553,0.533,0.051,0.73,-0.237,-0.423,-0.324,-0.386,0.655,-0.578,-0.621
BMRN,0.682,0.227,-0.636,-0.175,0.787,0.0,0.234,0.278,-0.04,-0.515,-0.258,0.598,0.311,0.017,0.097,-0.278,0.411,-0.137,-0.411,-0.609,-0.143,0.115,-0.159,-0.57,0.0,0.175,0.74,-0.267,-0.18,0.307,-0.299,-0.436,0.296,-0.336,0.116,-0.103,-0.574,-0.255,0.632,-0.6,0.0,0.703,-0.654,0.567,0.584,-0.102,0.018,-0.35,-0.349,0.245,0.087,0.361,0.757,-0.256,0.28,-0.651,-0.694,0.288,0.193,0.332,-0.22,0.25,0.462,0.203,-0.242,-0.411,0.105,-0.276,0.191,0.529,-0.533,0.682,0.386,-0.009,0.692,0.487,-0.364,0.395,-0.185,-0.231,0.074,-0.541,0.08,0.367,0.375,0.493,-0.379,-0.08,0.16,0.263,-0.248,-0.231,-0.252,0.588,0.458,-0.372,-0.529,0.545,-0.658,-0.389,0.65,0.574,0.558,0.412,-0.58,0.41,0.324,-0.434,-0.236,-0.488,-0.634,-0.49,0.022,-0.496,-0.619,-0.547,0.666,-0.376,-0.247,0.151,-0.548,0.357,-0.283,0.387,0.451,-0.416,-0.048,-0.319,-0.451,0.078,0.573,0.723,0.151,0.593,-0.141,0.088,0.222,0.552,-0.538,0.156,-0.152,0.477,-0.579,-0.306,0.448,0.512,-0.143,-0.169,-0.015,-0.039,0.085,-0.162,0.631,0.548,-0.534,-0.024,0.665,-0.205,-0.598,0.769,0.658,-0.135,-0.196,0.335,-0.166,0.067,-0.57,-0.405,-0.478,-0.533,-0.128,-0.493,0.203,-0.366,0.153,0.423,0.595,-0.23,0.698,-0.478,-0.167,0.665,-0.505,0.268,0.318,0.206,0.579,-0.237,-0.384,0.624,-0.274,0.041,-0.523,0.407,0.435,0.435,0.244,-0.382,0.664,0.58
BNGO,0.096,0.583,-0.255,0.042,0.349,0.384,-0.057,-0.436,0.728,-0.206,0.049,0.023,0.214,0.015,-0.039,-0.145,-0.109,0.161,-0.683,0.367,-0.218,0.719,0.599,-0.095,0.175,0.0,0.509,-0.142,0.344,0.598,0.53,0.247,0.117,0.385,0.642,0.517,-0.105,-0.31,0.021,-0.277,-0.048,0.174,0.024,0.441,-0.25,0.521,0.646,0.51,-0.019,0.283,0.321,0.297,0.352,0.411,0.347,-0.036,-0.046,0.623,0.421,0.694,0.423,0.739,-0.064,0.115,0.758,-0.583,0.375,0.041,-0.239,-0.101,0.005,-0.127,0.387,0.24,0.379,0.297,0.362,0.626,0.195,0.303,0.431,0.215,0.182,-0.008,0.505,0.021,0.549,0.055,0.691,0.261,0.643,0.531,0.501,0.122,0.192,0.26,0.148,0.385,-0.249,0.025,0.225,0.415,0.095,0.411,0.165,-0.519,0.068,0.489,0.503,0.195,0.141,0.26,0.281,0.142,-0.347,-0.215,0.192,0.332,0.765,0.587,0.022,0.307,0.412,0.212,0.149,-0.007,-0.371,0.393,0.348,0.743,0.017,0.466,0.455,0.346,0.209,0.534,0.14,0.51,0.257,-0.012,-0.513,0.301,-0.349,0.135,-0.183,0.082,-0.215,0.409,0.104,0.092,0.362,0.408,0.319,0.037,-0.489,0.051,0.042,0.478,-0.093,0.116,0.677,-0.131,0.151,0.792,0.638,0.423,-0.233,0.572,0.384,-0.224,0.621,0.036,0.652,-0.082,0.448,0.745,0.684,0.613,0.07,0.376,0.823,0.34,0.223,0.078,0.32,-0.42,0.256,0.232,0.215,-0.039,0.378,0.306,0.131,0.165,0.444,0.033,-0.462,0.076,0.639,0.359
BUSE,0.536,0.588,-0.813,-0.203,0.904,0.15,0.114,0.324,0.319,-0.72,-0.451,0.739,0.126,-0.134,0.238,-0.526,0.474,-0.244,-0.678,-0.475,-0.132,0.184,0.013,-0.67,0.74,0.509,0.0,-0.26,-0.297,0.538,-0.176,-0.532,-0.082,-0.394,0.254,0.283,-0.733,-0.577,0.775,-0.793,0.122,0.886,-0.698,0.831,0.466,-0.01,0.102,-0.327,-0.461,0.513,0.003,0.633,0.896,-0.18,0.545,-0.568,-0.632,0.26,0.49,0.432,-0.291,0.467,0.602,-0.005,0.052,-0.416,0.117,-0.499,0.334,0.601,-0.496,0.622,0.62,-0.28,0.931,0.46,-0.344,0.675,-0.276,-0.296,0.15,-0.528,0.483,0.414,0.749,0.331,-0.204,-0.026,0.611,0.207,-0.104,-0.004,-0.302,0.806,0.388,-0.459,-0.474,0.707,-0.765,-0.513,0.86,0.871,0.751,0.779,-0.615,0.309,0.319,-0.345,-0.122,-0.516,-0.494,-0.527,0.456,-0.604,-0.739,-0.732,0.785,-0.364,0.046,0.178,-0.688,0.468,-0.288,0.699,0.519,-0.665,-0.209,-0.324,-0.33,0.169,0.711,0.952,0.253,0.742,-0.191,0.127,0.364,0.85,-0.571,-0.052,-0.268,0.646,-0.478,-0.139,0.436,0.677,-0.276,-0.292,-0.115,0.113,0.076,-0.075,0.534,0.773,-0.767,0.091,0.467,-0.024,-0.4,0.655,0.895,-0.451,-0.302,0.535,0.138,0.041,-0.72,-0.259,-0.438,-0.761,-0.089,-0.663,0.072,-0.509,0.283,0.531,0.655,-0.165,0.778,-0.392,0.267,0.889,-0.601,0.397,0.466,0.14,0.895,-0.286,-0.515,0.598,-0.233,-0.116,-0.501,0.371,0.708,0.563,0.279,-0.632,0.927,0.777
CAKE,-0.447,-0.057,0.477,0.021,-0.146,-0.152,0.113,-0.137,-0.039,0.427,0.356,-0.383,-0.007,0.264,-0.197,0.331,-0.447,0.318,0.24,0.002,0.042,0.154,0.13,0.405,-0.267,-0.142,-0.26,0.0,0.188,0.191,0.046,0.344,0.054,-0.001,-0.174,0.148,0.518,0.363,-0.257,0.474,-0.218,-0.334,0.331,-0.314,-0.206,0.043,-0.09,0.164,0.303,-0.136,0.035,-0.134,-0.468,0.107,0.172,0.617,0.608,-0.038,-0.277,-0.442,0.339,-0.207,-0.308,0.024,-0.06,0.412,0.024,0.54,0.097,-0.101,0.294,-0.123,-0.222,0.177,-0.362,0.01,0.233,-0.325,0.299,0.2,0.146,0.247,0.007,-0.016,0.019,-0.285,0.258,0.149,-0.268,0.272,0.256,0.066,0.271,-0.27,-0.077,0.459,0.198,-0.229,0.536,0.356,-0.255,-0.123,-0.297,-0.096,0.336,0.057,0.127,0.232,0.155,0.444,0.558,0.364,-0.35,0.401,0.505,0.504,-0.199,0.453,0.016,0.255,0.344,0.21,0.338,-0.186,-0.439,0.247,0.099,0.327,0.135,-0.16,-0.339,-0.446,0.021,-0.356,0.244,-0.154,-0.317,-0.174,0.273,0.209,0.005,-0.335,0.385,0.527,-0.297,-0.287,0.175,0.134,0.208,-0.163,0.099,0.415,0.237,-0.248,0.44,-0.14,-0.007,0.22,0.575,-0.156,-0.464,0.379,0.389,-0.249,0.105,0.228,0.564,0.082,0.294,0.326,0.235,0.176,-0.019,0.618,0.042,-0.24,-0.433,0.099,-0.244,0.414,-0.027,-0.344,0.309,0.052,-0.366,0.257,-0.255,0.219,0.294,-0.253,0.413,-0.133,0.47,-0.011,-0.395,-0.167,0.122,0.158,-0.42,-0.38
CASY,-0.386,0.249,0.578,0.213,-0.281,-0.14,-0.49,-0.863,0.006,0.525,0.722,-0.696,0.618,0.617,-0.589,0.632,-0.594,0.778,-0.034,0.494,-0.651,0.651,0.412,0.358,-0.18,0.344,-0.297,0.188,0.0,0.25,0.794,0.868,0.607,0.817,0.28,0.315,0.644,0.163,-0.737,0.482,-0.649,-0.579,0.468,-0.208,-0.568,0.748,0.794,0.802,0.704,-0.357,0.802,0.006,-0.434,0.805,-0.509,0.496,0.233,0.756,-0.481,0.003,0.827,0.426,-0.71,0.521,0.519,-0.371,0.692,0.467,-0.365,-0.544,0.505,-0.698,-0.526,0.885,-0.434,0.166,0.833,-0.209,0.808,0.85,0.525,0.728,-0.58,-0.55,-0.221,-0.614,0.672,-0.419,0.006,0.425,0.727,0.681,0.819,-0.669,-0.231,0.829,0.744,-0.438,0.188,0.767,-0.583,-0.322,-0.742,-0.492,0.538,-0.718,0.109,0.795,0.772,0.776,0.411,0.825,-0.341,0.634,0.504,0.23,-0.548,0.871,0.621,0.367,0.693,0.285,0.792,-0.387,-0.02,0.637,-0.506,0.855,0.279,0.377,-0.467,-0.384,0.597,-0.386,0.719,0.237,-0.606,-0.075,0.596,0.574,-0.478,-0.381,-0.397,0.191,-0.755,-0.708,0.52,0.765,0.705,-0.579,0.428,0.298,-0.019,-0.636,0.084,-0.562,-0.008,0.201,0.096,-0.122,-0.129,0.415,0.394,0.409,0.563,0.762,0.531,0.552,0.718,0.564,0.853,0.585,0.624,0.43,0.455,0.337,0.283,0.791,-0.63,0.725,0.168,-0.495,0.79,-0.595,-0.407,-0.144,-0.521,0.823,0.573,-0.678,0.778,0.339,0.687,0.303,-0.5,-0.482,-0.657,0.667,-0.162,-0.539
CCOI,-0.1,0.435,-0.11,-0.251,0.465,0.033,-0.078,-0.334,0.311,-0.29,0.198,0.005,0.374,0.333,-0.034,0.005,-0.225,0.332,-0.666,-0.004,-0.414,0.666,0.326,-0.189,0.307,0.598,0.538,0.191,0.25,0.0,0.318,0.196,0.194,0.152,0.192,0.546,-0.034,-0.395,0.109,-0.172,-0.351,0.237,-0.243,0.425,-0.113,0.392,0.432,0.332,-0.037,0.166,0.479,0.429,0.232,0.392,0.25,0.093,-0.089,0.517,0.082,0.08,0.361,0.453,0.019,0.171,0.497,-0.366,0.478,0.061,0.142,0.188,0.045,0.031,0.086,0.31,0.434,0.654,0.23,0.356,0.305,0.276,0.463,0.087,0.098,-0.016,0.434,-0.14,0.345,-0.163,0.466,0.552,0.438,0.508,0.301,0.248,-0.001,0.243,0.018,0.142,-0.312,0.049,0.293,0.587,0.137,0.393,-0.121,-0.231,0.147,0.307,0.395,0.193,0.063,0.105,0.031,-0.075,-0.191,-0.246,0.323,0.326,0.447,0.393,-0.107,0.662,0.331,0.298,0.346,-0.146,-0.478,0.328,0.066,0.251,0.141,0.376,0.589,0.201,0.337,0.047,-0.143,0.642,-0.027,0.331,-0.627,0.25,-0.333,0.116,-0.087,0.06,-0.133,0.102,0.375,-0.276,0.251,0.329,0.561,0.103,-0.468,-0.285,0.125,0.163,0.099,0.359,0.454,0.055,0.233,0.572,0.517,0.521,-0.203,0.144,0.099,-0.27,0.496,-0.141,0.404,0.184,0.562,0.587,0.366,0.335,0.162,0.294,0.377,0.311,0.067,0.105,0.034,0.107,0.331,0.338,-0.021,-0.081,0.365,0.027,0.217,0.463,0.11,-0.126,-0.074,-0.139,0.515,0.161
