,AAPL,ACRS,ADP,AFYA,AGNC,AGYS,ALT,AMGN,AMPH,AMZN,ANIP,AOSL,APDN,APLT,APVO,ARGX,ARLP,ATEX,ATRA,AUTL,AVDL,BCRX,BHAT,BLBD,BMRN,BNGO,BUSE,CAKE,CASY,CCOI,CEVA,CHY,CLDX,CLMT,COHU,COLM,COST,CPRT,CSWC,CSX,DBX,DCOM,DKNG,DMLP,DOX,EA,EDIT,ENPH,ENSG,ERNA,ESGR,ETNB,EXTR,FANG,FARO,FATE,FGEN,FIVE,FIVN,FLGT,FOLD,FORM,FOXA,FRPT,FSLR,FTAI,GBDC,GDYN,GGAL,GNLN,GRFS,GT,HCAT,HCM,HFWA,HOLX,HQY,HUBG,IAC,ICLR,IDCC,IEP,IHRT,ILMN,ILPT,IMAB,IMOS,INMD,INTZ,JAZZ,JKHY,JRVR,KIDS,LBRDK,LGND,LMAT,LPLA,LULU,MASI,MAT,MATW,MBIN,MBIO,MCRB,MDB,MDLZ,MELI,MIRM,MLKN,MNMD,MNRO,MPWR,MRCY,MRSN,MTVA,NAAS,NDAQ,NDSN,NEGG,NOVT,NVDA,NWE,NWSA,NXST,OCX,ODFL,OMAB,OPCH,OPRA,ORGO,OTRK,OZK,PAGP,PCH,PEGA,PENG,PENN,PFBC,PGNY,PHAT,PHUN,PINC,PLUG,PLXS,PYPL,QLYS,QNCX,QQQX,QVCGA,RAPT,RBBN,RCKT,REPL,RMBS,ROAD,ROKU,ROP,RUSHA,SANM,SATS,SBCF,SBLK,SBUX,SCHL,SCSC,SDGR,SEIC,SFIX,SGRY,SKYW,SLP,SNES,STAA,STLD,STOK,SWKS,TER,TFIN,TIGO,TILE,TPIC,TTEC,TTEK,TTGT,UXIN,VERU,VLYPP,VNOM,VRNS,VRSN,WDAY,WERN,WINA,WKHS,WRLD,XP,XTKG,YY,ZION,ZM
AAPL,0.0,-0.337,-0.021,0.693,-0.386,-0.356,-0.126,-0.363,0.09,-0.412,-0.057,-0.351,0.026,-0.118,0.161,-0.641,-0.384,0.256,-0.303,0.372,-0.285,0.51,-0.099,-0.457,-0.547,-0.155,-0.367,-0.135,-0.206,-0.18,0.121,0.511,-0.056,-0.489,-0.51,-0.148,0.074,-0.149,-0.534,0.265,0.304,-0.159,-0.142,-0.263,0.365,0.129,0.254,-0.292,0.134,0.119,-0.104,0.307,0.016,-0.293,-0.194,0.037,0.157,0.523,0.102,0.022,0.143,-0.684,-0.269,-0.403,-0.59,-0.405,-0.526,0.672,-0.172,0.171,-0.266,-0.299,0.24,0.25,-0.359,-0.282,0.438,-0.298,-0.185,0.38,0.326,-0.08,-0.142,0.054,-0.134,0.202,0.265,-0.071,0.243,0.589,0.12,-0.504,-0.24,0.586,-0.097,0.303,0.501,0.623,-0.444,0.076,-0.222,-0.284,0.054,-0.035,-0.04,0.558,0.061,0.255,0.466,-0.148,-0.327,-0.056,-0.152,0.201,0.032,-0.011,-0.101,-0.547,0.613,0.095,-0.182,-0.426,-0.038,-0.385,0.569,-0.467,-0.521,-0.213,0.224,0.061,-0.203,-0.456,-0.419,-0.401,0.164,-0.437,-0.008,-0.513,0.11,-0.488,0.42,0.108,-0.08,-0.606,-0.03,0.084,0.423,-0.481,0.006,-0.054,-0.368,0.359,0.313,-0.217,-0.459,0.453,0.193,-0.295,-0.231,-0.025,-0.219,-0.019,0.548,-0.082,-0.323,0.231,-0.375,-0.517,-0.194,-0.599,0.287,0.168,0.065,-0.251,-0.57,-0.223,-0.479,-0.026,-0.351,-0.132,-0.037,0.313,-0.688,-0.23,-0.006,-0.517,-0.231,-0.236,0.454,0.272,0.203,-0.253,0.048,0.167,-0.273,0.296,-0.42,-0.108,-0.514,0.381
ACRS,-0.337,0.0,-0.087,-0.168,0.198,-0.003,0.516,0.092,0.512,-0.161,-0.33,0.836,0.586,0.19,0.345,0.3,0.031,0.552,0.582,-0.512,-0.101,0.271,0.308,-0.086,0.406,0.796,0.756,0.601,-0.263,0.781,0.606,-0.039,0.756,0.756,0.576,0.546,0.258,-0.495,0.056,0.508,-0.293,0.257,-0.389,-0.372,0.333,0.508,0.54,0.914,0.374,-0.277,0.031,0.295,0.63,-0.424,0.45,0.76,-0.557,0.247,-0.461,0.631,0.742,0.62,-0.274,-0.193,0.577,-0.239,-0.119,0.039,-0.484,-0.374,0.25,-0.196,0.505,-0.668,0.837,0.372,-0.113,0.702,0.113,0.174,0.125,0.654,0.679,0.426,0.067,-0.229,-0.461,0.724,-0.023,-0.577,0.728,0.463,0.698,-0.028,0.374,0.111,-0.079,0.077,-0.081,0.43,0.514,0.825,0.59,0.746,0.675,-0.006,-0.092,0.332,-0.118,-0.193,0.841,0.68,0.768,0.555,0.613,0.63,-0.264,0.1,-0.295,0.512,-0.121,0.109,0.444,-0.028,-0.218,0.365,-0.118,0.389,-0.238,0.702,-0.261,0.387,-0.108,0.565,0.064,-0.067,0.565,0.385,-0.368,0.026,0.202,-0.21,0.773,0.61,-0.604,0.498,-0.146,0.106,0.676,0.568,-0.071,0.294,0.333,0.537,-0.175,-0.128,-0.14,-0.278,0.774,0.331,0.48,0.187,0.072,0.513,0.702,0.284,-0.034,0.452,0.661,0.343,0.175,0.58,-0.142,-0.372,0.195,0.57,0.239,-0.194,-0.363,-0.321,0.757,0.479,0.575,0.04,-0.271,0.326,-0.49,-0.458,0.273,0.383,-0.635,0.649,0.262,0.639,-0.059,-0.096,0.29,-0.126,0.581,0.224
ADP,-0.021,-0.087,0.0,-0.295,0.574,0.549,-0.261,0.544,0.023,0.527,0.609,-0.172,-0.061,0.58,-0.248,0.467,0.28,-0.258,0.155,0.475,0.687,0.177,-0.24,0.639,0.291,0.071,0.368,-0.032,0.616,-0.265,-0.238,0.038,-0.295,-0.073,0.216,-0.017,0.087,0.615,0.526,-0.097,0.414,0.731,0.6,0.357,-0.187,-0.345,-0.376,-0.023,0.321,0.228,0.503,-0.503,0.103,0.449,0.551,-0.222,0.43,-0.477,0.58,-0.363,-0.132,0.199,0.517,0.659,0.226,0.544,0.397,-0.021,0.546,0.398,0.224,0.7,-0.204,0.083,0.223,0.177,-0.182,0.337,0.69,0.041,0.108,-0.313,-0.155,0.471,0.751,0.346,0.696,-0.042,-0.16,0.354,0.011,0.349,0.293,-0.191,-0.036,0.068,0.007,-0.365,0.413,0.06,0.524,0.179,-0.013,-0.245,-0.184,-0.005,0.189,-0.459,-0.352,0.244,0.226,-0.301,-0.273,-0.379,-0.312,-0.04,0.647,0.606,-0.169,0.123,0.343,0.513,0.206,0.557,0.022,0.463,0.395,0.592,0.158,-0.418,0.499,0.645,0.403,0.452,0.472,0.674,-0.109,0.611,0.666,0.51,-0.148,0.615,-0.078,-0.01,0.575,-0.163,-0.225,0.699,-0.137,0.121,0.643,0.036,-0.302,0.239,0.536,0.201,0.708,0.658,-0.095,0.036,0.6,0.198,0.16,0.161,0.362,0.334,0.716,0.523,0.087,0.536,-0.111,-0.396,0.062,0.546,0.305,0.364,0.712,0.765,0.435,0.685,-0.058,-0.274,0.177,0.729,0.115,0.067,0.552,0.535,-0.286,-0.16,0.586,0.348,0.302,-0.456,0.739,0.29,0.205,-0.163,0.501,-0.16
AFYA,0.693,-0.168,-0.295,0.0,-0.6,-0.711,0.17,-0.615,0.366,-0.727,-0.275,-0.055,0.346,-0.206,0.53,-0.606,-0.737,0.603,-0.406,0.11,-0.385,0.584,0.16,-0.817,-0.85,0.03,-0.293,-0.157,-0.513,0.096,0.409,0.752,0.324,-0.273,-0.618,0.015,0.377,-0.487,-0.847,0.648,0.126,-0.238,-0.392,-0.685,0.686,0.453,0.623,-0.152,0.187,-0.114,-0.458,0.714,0.202,-0.678,-0.283,0.331,0.004,0.726,-0.341,0.4,0.351,-0.675,-0.726,-0.679,-0.785,-0.752,-0.855,0.827,-0.479,0.017,-0.577,-0.725,0.627,0.08,-0.271,-0.582,0.525,-0.239,-0.572,0.597,0.492,0.295,-0.04,0.042,-0.45,-0.122,0.004,0.23,0.685,0.428,0.254,-0.535,-0.411,0.738,-0.148,0.545,0.628,0.896,-0.75,0.102,-0.298,-0.074,0.371,0.28,0.327,0.782,0.288,0.679,0.725,-0.388,-0.289,0.344,0.121,0.609,0.468,0.1,-0.559,-0.811,0.907,0.343,-0.103,-0.781,0.032,-0.741,0.724,-0.337,-0.883,-0.381,0.041,0.302,-0.661,-0.675,-0.75,-0.472,0.115,-0.723,0.052,-0.701,-0.235,-0.733,0.655,-0.161,0.243,-0.528,-0.438,0.34,0.76,-0.745,0.282,0.053,-0.724,0.64,0.678,0.071,-0.845,0.287,-0.088,-0.677,0.052,0.126,-0.232,0.24,0.533,0.064,-0.295,0.324,-0.743,-0.601,-0.069,-0.753,0.467,0.566,-0.226,-0.643,-0.933,-0.299,-0.643,-0.359,-0.721,-0.419,0.068,0.619,-0.729,-0.519,0.077,-0.752,-0.589,-0.626,0.808,0.484,-0.088,-0.146,-0.094,0.491,-0.703,0.174,-0.589,-0.128,-0.738,0.575
AGNC,-0.386,0.198,0.574,-0.6,0.0,0.503,0.104,0.768,-0.122,0.545,0.4,0.169,0.04,0.368,-0.577,0.662,0.396,-0.316,0.448,0.082,0.613,-0.073,-0.134,0.68,0.535,0.178,0.583,0.055,0.387,0.08,0.02,-0.167,-0.069,0.266,0.495,0.243,-0.27,0.426,0.805,-0.175,0.052,0.626,0.42,0.353,-0.269,-0.16,-0.301,0.297,0.18,0.464,0.651,-0.462,0.127,0.456,0.42,-0.104,0.188,-0.558,0.51,-0.153,-0.138,0.546,0.646,0.733,0.698,0.533,0.64,-0.339,0.419,0.124,0.6,0.724,-0.286,0.085,0.492,0.416,-0.319,0.519,0.707,-0.161,-0.086,-0.392,0.247,0.405,0.744,0.517,0.361,-0.016,-0.443,-0.185,0.024,0.337,0.531,-0.239,0.086,-0.321,-0.429,-0.581,0.539,0.382,0.625,0.344,-0.215,-0.245,-0.178,-0.239,0.167,-0.444,-0.551,0.14,0.398,-0.134,0.067,-0.29,-0.272,0.181,0.59,0.682,-0.427,0.144,0.258,0.74,0.453,0.8,-0.286,0.564,0.524,0.696,0.439,-0.147,0.449,0.745,0.508,0.75,0.289,0.648,0.28,0.729,0.62,0.567,-0.365,0.45,-0.0,0.333,0.408,0.154,-0.38,0.832,0.145,-0.071,0.655,-0.084,-0.274,0.251,0.624,0.151,0.586,0.581,0.196,0.468,0.578,0.233,0.009,0.296,0.368,0.271,0.815,0.73,0.222,0.721,-0.204,-0.27,0.183,0.451,0.588,0.679,0.78,0.534,0.425,0.477,0.272,-0.26,0.517,0.786,0.082,0.441,0.47,0.477,-0.394,-0.313,0.285,0.592,0.192,-0.345,0.753,0.458,0.391,-0.135,0.739,-0.057
AGYS,-0.356,-0.003,0.549,-0.711,0.503,0.0,-0.363,0.468,-0.263,0.788,0.486,-0.172,-0.449,0.371,-0.359,0.422,0.717,-0.633,0.335,0.278,0.554,-0.274,-0.481,0.882,0.536,-0.116,0.231,0.12,0.782,-0.394,-0.581,-0.634,-0.572,0.113,0.587,-0.207,-0.189,0.734,0.743,-0.539,0.195,0.474,0.567,0.798,-0.636,-0.637,-0.739,-0.023,-0.116,0.094,0.527,-0.815,-0.234,0.8,0.464,-0.418,0.211,-0.719,0.456,-0.643,-0.302,0.514,0.791,0.704,0.593,0.869,0.761,-0.437,0.713,0.213,0.462,0.863,-0.623,0.049,0.132,0.503,-0.297,0.158,0.745,-0.421,-0.487,-0.339,-0.202,0.054,0.5,0.142,0.409,-0.283,-0.594,0.166,-0.144,0.642,0.346,-0.695,0.293,-0.25,-0.103,-0.746,0.765,-0.261,0.379,0.02,-0.22,-0.316,-0.426,-0.587,-0.421,-0.768,-0.734,0.548,0.195,-0.547,-0.366,-0.732,-0.619,-0.373,0.763,0.891,-0.685,-0.317,0.151,0.84,-0.315,0.598,-0.498,0.308,0.813,0.362,-0.181,-0.451,0.781,0.771,0.849,0.284,-0.059,0.814,-0.333,0.74,0.39,0.745,-0.506,0.424,-0.279,0.333,0.639,-0.575,-0.693,0.776,-0.455,0.137,0.859,-0.521,-0.732,-0.065,0.825,-0.264,0.262,0.879,-0.381,-0.363,0.379,-0.272,-0.351,-0.302,0.355,-0.081,0.761,0.648,-0.151,0.657,-0.365,-0.723,0.333,0.874,0.763,0.185,0.735,0.742,0.841,0.695,-0.212,-0.591,0.529,0.682,-0.121,0.557,0.784,0.807,-0.711,-0.413,0.323,0.016,0.26,-0.629,0.825,-0.2,0.711,0.192,0.686,-0.754
ALT,-0.126,0.516,-0.261,0.17,0.104,-0.363,0.0,-0.066,0.27,-0.293,-0.638,0.576,0.36,-0.373,0.342,-0.013,-0.403,0.518,0.094,-0.631,-0.312,0.105,0.324,-0.418,-0.148,0.463,0.388,0.533,-0.71,0.786,0.707,0.193,0.697,0.496,0.333,0.716,0.188,-0.456,-0.078,0.54,-0.301,-0.08,-0.654,-0.567,0.637,0.82,0.627,0.498,0.175,-0.14,0.167,0.578,0.258,-0.541,-0.16,0.629,-0.461,0.503,-0.509,0.626,0.427,0.338,-0.426,-0.339,0.229,-0.544,-0.193,0.088,-0.648,-0.589,-0.127,-0.4,0.469,-0.109,0.579,-0.028,0.317,0.463,-0.161,0.388,0.139,0.357,0.716,0.042,-0.228,-0.237,-0.488,0.658,0.157,-0.57,0.628,-0.235,0.327,0.389,0.204,0.157,-0.003,0.415,-0.362,0.526,0.17,0.447,0.321,0.345,0.598,0.128,0.193,0.593,-0.022,-0.646,0.202,0.7,0.807,0.658,0.497,0.356,-0.572,-0.252,0.108,0.371,-0.248,-0.149,0.392,-0.081,-0.071,0.177,-0.414,0.064,0.164,0.739,-0.53,-0.141,-0.401,0.131,-0.218,-0.489,0.786,-0.153,-0.362,-0.45,0.022,-0.405,0.47,0.432,-0.624,0.759,0.093,-0.113,0.736,0.155,-0.37,0.392,0.586,0.31,-0.447,0.083,-0.085,-0.558,0.755,0.712,0.026,0.132,0.299,0.202,0.252,0.205,-0.284,0.076,0.514,-0.02,0.073,0.662,-0.165,-0.602,-0.119,0.535,-0.087,-0.409,-0.531,-0.694,0.48,0.604,0.161,-0.289,-0.339,0.109,-0.576,-0.59,0.443,0.44,-0.579,0.471,0.28,0.652,-0.408,0.309,0.009,0.118,0.096,0.489
AMGN,-0.363,0.092,0.544,-0.615,0.768,0.468,-0.066,0.0,-0.01,0.457,0.564,-0.093,-0.047,0.462,-0.419,0.617,0.219,-0.356,0.095,0.273,0.554,-0.02,0.091,0.665,0.682,0.213,0.456,-0.083,0.499,-0.002,-0.252,-0.083,-0.14,-0.094,0.368,0.374,-0.051,0.499,0.664,-0.309,0.376,0.556,0.488,0.283,-0.348,-0.278,-0.327,0.082,0.424,0.281,0.632,-0.446,0.102,0.381,0.429,-0.211,0.495,-0.45,0.641,-0.158,-0.133,0.356,0.543,0.783,0.485,0.48,0.583,-0.426,0.448,0.081,0.359,0.647,-0.235,0.026,0.385,0.271,-0.364,0.423,0.648,0.009,0.165,-0.336,-0.018,0.478,0.793,0.429,0.295,-0.014,-0.607,-0.065,-0.143,0.342,0.422,-0.136,-0.365,-0.067,-0.38,-0.569,0.596,0.176,0.672,0.163,-0.133,-0.215,-0.116,-0.186,0.176,-0.477,-0.416,0.043,0.33,-0.151,-0.102,-0.39,-0.239,0.141,0.653,0.634,-0.436,0.139,0.38,0.587,0.443,0.713,-0.196,0.307,0.481,0.746,0.331,-0.286,0.57,0.689,0.299,0.693,0.473,0.673,0.178,0.588,0.714,0.655,-0.203,0.581,-0.052,0.052,0.495,-0.07,-0.242,0.712,0.019,0.057,0.694,-0.054,-0.229,0.291,0.607,0.389,0.667,0.606,0.113,0.184,0.582,0.053,0.159,0.336,0.345,0.152,0.817,0.593,0.403,0.697,-0.422,-0.363,-0.233,0.468,0.624,0.428,0.722,0.513,0.397,0.51,0.059,-0.2,0.263,0.718,0.358,0.183,0.429,0.444,-0.458,-0.404,0.392,0.396,0.419,-0.363,0.71,0.352,0.231,-0.403,0.584,-0.027
AMPH,0.09,0.512,0.023,0.366,-0.122,-0.263,0.27,-0.01,0.0,-0.423,0.023,0.495,0.707,0.439,0.671,0.013,-0.482,0.76,0.139,0.059,0.036,0.728,0.5,-0.351,-0.061,0.759,0.563,0.135,-0.144,0.464,0.475,0.586,0.683,0.219,0.025,0.56,0.713,-0.448,-0.46,0.692,0.386,0.323,-0.186,-0.662,0.603,0.399,0.696,0.544,0.717,-0.395,-0.111,0.488,0.845,-0.673,0.554,0.696,0.024,0.513,-0.313,0.716,0.85,-0.003,-0.647,-0.27,-0.121,-0.487,-0.607,0.548,-0.434,-0.165,-0.239,-0.423,0.862,-0.616,0.52,-0.211,-0.009,0.495,-0.071,0.744,0.664,0.726,0.268,0.66,0.113,-0.147,-0.164,0.755,0.276,0.058,0.551,0.276,0.424,0.383,-0.116,0.73,0.307,0.478,-0.287,0.238,0.503,0.72,0.857,0.847,0.796,0.585,0.269,0.582,0.38,-0.3,0.566,0.702,0.437,0.63,0.77,0.549,-0.304,-0.248,0.361,0.826,0.3,-0.384,0.495,-0.365,0.355,0.211,-0.585,0.465,-0.175,0.54,-0.391,0.138,-0.546,0.393,0.562,-0.184,0.3,0.101,-0.135,-0.105,0.729,0.07,0.848,-0.018,-0.531,0.303,0.511,-0.162,0.643,0.743,-0.234,0.748,0.67,0.697,-0.496,0.314,0.119,-0.361,0.56,0.158,0.572,0.318,0.531,0.633,0.539,0.645,-0.278,0.224,0.664,-0.01,0.394,0.609,-0.576,-0.501,-0.383,0.206,0.102,-0.049,-0.615,-0.215,0.573,0.744,-0.083,0.017,0.33,-0.455,-0.59,-0.572,0.663,0.406,-0.255,0.496,0.444,0.628,-0.229,0.014,-0.203,-0.529,0.052,0.522
AMZN,-0.412,-0.161,0.527,-0.727,0.545,0.788,-0.293,0.457,-0.423,0.0,0.468,-0.184,-0.488,0.266,-0.523,0.54,0.668,-0.728,0.255,0.223,0.556,-0.49,-0.353,0.85,0.487,-0.271,0.095,0.019,0.685,-0.45,-0.514,-0.595,-0.583,0.113,0.434,-0.259,-0.26,0.824,0.812,-0.654,0.149,0.366,0.636,0.813,-0.617,-0.601,-0.776,-0.154,-0.29,0.049,0.489,-0.803,-0.328,0.857,0.267,-0.524,0.191,-0.82,0.491,-0.622,-0.521,0.514,0.775,0.74,0.489,0.894,0.823,-0.523,0.778,0.242,0.414,0.844,-0.723,0.27,-0.014,0.388,-0.458,0.079,0.652,-0.506,-0.483,-0.416,-0.173,-0.104,0.438,0.26,0.4,-0.338,-0.488,0.008,-0.38,0.386,0.194,-0.74,0.248,-0.334,-0.36,-0.759,0.734,-0.231,0.108,-0.112,-0.488,-0.494,-0.454,-0.691,-0.087,-0.636,-0.619,0.609,-0.008,-0.549,-0.433,-0.739,-0.697,-0.473,0.651,0.83,-0.588,-0.346,0.325,0.695,-0.194,0.754,-0.43,0.442,0.847,0.297,0.155,-0.497,0.65,0.614,0.85,0.231,-0.075,0.801,-0.242,0.645,0.415,0.673,-0.681,0.191,-0.41,0.389,0.71,-0.44,-0.67,0.831,-0.491,-0.047,0.787,-0.508,-0.74,-0.101,0.904,-0.182,0.203,0.832,-0.306,-0.17,0.186,-0.124,-0.475,-0.339,0.213,-0.185,0.795,0.52,-0.243,0.711,-0.324,-0.712,0.386,0.823,0.695,0.227,0.67,0.634,0.848,0.664,-0.301,-0.773,0.544,0.579,0.002,0.56,0.83,0.822,-0.697,-0.584,0.462,0.012,0.046,-0.748,0.76,-0.005,0.449,0.334,0.576,-0.662
ANIP,-0.057,-0.33,0.609,-0.275,0.4,0.486,-0.638,0.564,0.023,0.468,0.0,-0.41,-0.134,0.681,-0.356,0.396,0.227,-0.445,-0.001,0.795,0.746,0.105,-0.079,0.624,0.319,-0.112,0.126,-0.582,0.83,-0.541,-0.555,0.099,-0.489,-0.385,-0.13,-0.24,0.079,0.64,0.349,-0.357,0.63,0.606,0.88,0.417,-0.503,-0.744,-0.525,-0.261,0.291,0.243,0.222,-0.561,0.039,0.504,0.515,-0.499,0.74,-0.576,0.736,-0.453,-0.25,-0.105,0.472,0.707,-0.025,0.629,0.318,-0.078,0.784,0.663,0.188,0.613,-0.281,0.125,-0.148,0.056,-0.508,0.073,0.491,-0.013,0.244,-0.346,-0.519,0.43,0.725,0.5,0.709,-0.348,-0.328,0.538,-0.454,0.375,0.023,-0.263,-0.326,0.139,-0.177,-0.498,0.575,-0.248,0.38,-0.074,-0.165,-0.281,-0.357,0.029,0.186,-0.544,-0.062,0.456,0.115,-0.478,-0.639,-0.578,-0.359,-0.129,0.763,0.536,-0.066,0.071,0.612,0.327,0.084,0.405,0.187,0.254,0.425,0.529,0.175,-0.645,0.606,0.524,0.373,0.373,0.646,0.758,-0.451,0.495,0.809,0.725,0.011,0.749,-0.2,-0.367,0.742,-0.504,0.012,0.534,-0.393,0.076,0.631,-0.044,-0.359,0.174,0.58,0.271,0.585,0.757,-0.418,-0.295,0.522,0.22,0.008,0.196,0.148,0.269,0.664,0.377,-0.084,0.432,-0.039,-0.604,-0.094,0.651,0.227,-0.104,0.55,0.743,0.501,0.88,-0.241,-0.438,-0.065,0.703,0.632,-0.201,0.648,0.632,-0.343,-0.622,0.792,0.002,0.054,-0.648,0.707,0.15,0.013,-0.428,0.212,-0.235
AOSL,-0.351,0.836,-0.172,-0.055,0.169,-0.172,0.576,-0.093,0.495,-0.184,-0.41,0.0,0.614,0.1,0.288,0.309,0.018,0.619,0.555,-0.634,-0.103,0.202,0.293,-0.216,0.193,0.699,0.697,0.476,-0.395,0.796,0.785,0.046,0.804,0.839,0.489,0.464,0.225,-0.587,-0.009,0.567,-0.447,0.167,-0.398,-0.446,0.443,0.591,0.614,0.914,0.243,-0.249,-0.045,0.397,0.662,-0.48,0.343,0.812,-0.654,0.221,-0.524,0.702,0.672,0.622,-0.376,-0.314,0.479,-0.305,-0.23,0.104,-0.557,-0.32,0.215,-0.281,0.539,-0.608,0.75,0.237,-0.152,0.679,-0.019,0.147,0.111,0.633,0.783,0.324,-0.029,-0.268,-0.455,0.698,0.184,-0.663,0.65,0.312,0.606,-0.022,0.454,0.053,-0.115,0.162,-0.261,0.416,0.336,0.824,0.536,0.681,0.665,0.022,0.1,0.446,-0.007,-0.167,0.718,0.782,0.825,0.659,0.688,0.674,-0.418,0.0,-0.119,0.585,-0.054,-0.029,0.487,-0.105,-0.141,0.521,-0.214,0.265,-0.135,0.773,-0.491,0.231,-0.151,0.497,0.038,-0.161,0.61,0.286,-0.462,-0.122,0.207,-0.364,0.784,0.658,-0.689,0.623,-0.025,0.028,0.732,0.398,-0.206,0.32,0.402,0.618,-0.252,-0.238,-0.224,-0.401,0.828,0.498,0.359,0.415,-0.023,0.524,0.563,0.354,-0.158,0.364,0.577,0.267,0.388,0.657,-0.028,-0.51,0.012,0.64,0.183,-0.289,-0.453,-0.395,0.799,0.467,0.576,-0.085,-0.222,0.263,-0.538,-0.545,0.421,0.411,-0.634,0.723,0.05,0.648,-0.184,-0.016,0.127,0.001,0.438,0.316
APDN,0.026,0.586,-0.061,0.346,0.04,-0.449,0.36,-0.047,0.707,-0.488,-0.134,0.614,0.0,0.293,0.386,0.148,-0.421,0.737,0.347,-0.184,-0.048,0.607,0.337,-0.352,-0.071,0.615,0.528,0.131,-0.351,0.559,0.704,0.557,0.786,0.397,-0.098,0.362,0.476,-0.62,-0.357,0.776,-0.015,0.209,-0.217,-0.647,0.579,0.531,0.718,0.618,0.524,-0.054,-0.305,0.442,0.823,-0.669,0.404,0.655,-0.188,0.425,-0.316,0.734,0.751,0.04,-0.566,-0.301,-0.013,-0.522,-0.556,0.416,-0.502,-0.08,-0.11,-0.435,0.779,-0.534,0.475,-0.266,0.026,0.391,-0.084,0.524,0.496,0.541,0.333,0.61,-0.001,-0.05,-0.131,0.597,0.498,-0.195,0.467,0.056,0.376,0.362,-0.018,0.299,0.148,0.429,-0.46,0.539,0.343,0.743,0.712,0.709,0.682,0.607,0.41,0.571,0.385,-0.347,0.543,0.694,0.503,0.72,0.757,0.734,-0.386,-0.36,0.37,0.715,0.197,-0.345,0.567,-0.336,0.417,0.409,-0.6,0.369,-0.063,0.497,-0.519,0.026,-0.472,0.45,0.476,-0.211,0.438,0.055,-0.196,-0.21,0.589,-0.066,0.749,0.014,-0.63,0.616,0.496,-0.119,0.674,0.296,-0.375,0.666,0.567,0.605,-0.515,0.114,0.054,-0.488,0.678,0.444,0.416,0.527,0.453,0.713,0.381,0.443,-0.303,0.166,0.499,-0.07,0.334,0.75,-0.401,-0.6,-0.42,0.34,0.057,-0.299,-0.698,-0.249,0.671,0.639,0.055,0.051,0.15,-0.295,-0.621,-0.595,0.615,0.461,-0.268,0.578,0.063,0.586,-0.263,0.139,-0.178,-0.411,0.067,0.637
APLT,-0.118,0.19,0.58,-0.206,0.368,0.371,-0.373,0.462,0.439,0.266,0.681,0.1,0.293,0.0,-0.007,0.505,0.162,0.055,0.309,0.494,0.652,0.426,0.091,0.435,0.38,0.321,0.523,-0.189,0.625,-0.133,-0.085,0.192,0.023,0.044,0.103,0.03,0.311,0.267,0.204,0.078,0.518,0.735,0.625,0.111,-0.141,-0.345,-0.082,0.216,0.49,-0.089,0.181,-0.307,0.512,0.138,0.821,0.058,0.42,-0.342,0.392,0.0,0.279,0.139,0.169,0.446,0.131,0.364,0.058,0.129,0.358,0.325,0.245,0.404,0.161,-0.31,0.305,0.015,-0.441,0.371,0.553,0.182,0.355,0.132,-0.135,0.684,0.689,0.302,0.456,0.163,-0.128,0.303,-0.001,0.603,0.362,-0.208,-0.165,0.28,-0.005,-0.262,0.272,-0.078,0.584,0.436,0.353,0.272,0.123,0.151,0.196,-0.24,0.004,0.283,0.518,0.0,-0.209,-0.166,0.125,0.227,0.463,0.415,-0.064,0.441,0.586,0.189,0.314,0.232,0.181,0.467,0.172,0.642,-0.068,-0.228,0.271,0.687,0.177,0.633,0.716,0.63,-0.187,0.663,0.434,0.58,0.306,0.5,0.357,-0.059,0.276,-0.175,0.027,0.461,0.055,0.435,0.525,0.255,-0.106,0.553,0.323,0.174,0.444,0.47,0.027,-0.138,0.763,0.329,0.149,0.514,0.47,0.471,0.462,0.569,0.298,0.514,0.106,-0.159,-0.254,0.307,0.15,0.217,0.639,0.582,0.172,0.608,0.215,-0.04,0.184,0.672,0.466,-0.157,0.265,0.242,-0.034,-0.161,0.426,0.409,0.229,-0.193,0.546,0.099,0.109,-0.456,0.463,-0.05
APVO,0.161,0.345,-0.248,0.53,-0.577,-0.359,0.342,-0.419,0.671,-0.523,-0.356,0.288,0.386,-0.007,0.0,-0.33,-0.607,0.722,-0.186,-0.111,-0.292,0.409,0.408,-0.565,-0.32,0.499,0.174,0.251,-0.352,0.433,0.336,0.408,0.549,0.165,-0.04,0.354,0.777,-0.472,-0.656,0.619,0.096,-0.056,-0.473,-0.652,0.583,0.483,0.643,0.251,0.412,-0.649,-0.344,0.632,0.453,-0.689,0.098,0.595,-0.173,0.675,-0.618,0.609,0.679,-0.107,-0.777,-0.564,-0.348,-0.597,-0.659,0.493,-0.538,-0.32,-0.673,-0.655,0.723,-0.437,0.25,-0.313,0.265,0.152,-0.407,0.593,0.444,0.817,0.085,0.159,-0.407,-0.546,-0.363,0.671,0.4,0.055,0.507,0.037,0.022,0.379,-0.0,0.703,0.481,0.615,-0.458,-0.1,0.069,0.333,0.743,0.718,0.752,0.437,0.006,0.657,0.398,-0.367,0.173,0.615,0.362,0.616,0.666,0.182,-0.626,-0.433,0.383,0.447,-0.026,-0.569,-0.007,-0.65,0.24,-0.084,-0.627,-0.076,-0.512,0.511,-0.524,-0.254,-0.606,-0.205,0.028,-0.505,0.107,-0.301,-0.527,-0.359,0.617,-0.3,0.582,-0.052,-0.61,0.193,0.446,-0.509,0.334,0.625,-0.453,0.548,0.616,0.361,-0.682,-0.004,-0.261,-0.56,0.346,-0.063,0.108,-0.052,0.32,0.139,0.28,0.205,-0.609,-0.215,0.41,-0.319,0.324,0.583,-0.474,-0.569,-0.494,-0.134,-0.291,-0.296,-0.602,-0.506,0.132,0.68,-0.265,-0.44,0.029,-0.438,-0.664,-0.654,0.661,0.514,-0.433,0.034,0.248,0.661,-0.616,-0.251,-0.184,-0.102,-0.278,0.292
ARGX,-0.641,0.3,0.467,-0.606,0.662,0.422,-0.013,0.617,0.013,0.54,0.396,0.309,0.148,0.505,-0.33,0.0,0.345,-0.19,0.425,0.009,0.641,-0.1,0.063,0.594,0.573,0.23,0.554,-0.083,0.434,0.092,0.002,-0.141,0.058,0.355,0.398,0.164,0.008,0.336,0.608,-0.117,0.041,0.582,0.48,0.254,-0.296,-0.216,-0.215,0.316,0.151,0.052,0.317,-0.412,0.241,0.329,0.55,-0.029,0.127,-0.662,0.286,-0.045,-0.032,0.63,0.388,0.656,0.538,0.509,0.472,-0.415,0.361,0.094,0.394,0.54,-0.143,-0.248,0.451,0.161,-0.569,0.444,0.535,-0.165,-0.02,-0.041,0.171,0.454,0.582,0.227,0.186,0.112,-0.233,-0.28,-0.1,0.505,0.391,-0.462,-0.017,-0.151,-0.424,-0.558,0.44,0.024,0.465,0.417,0.028,-0.002,0.05,-0.282,0.306,-0.31,-0.329,0.211,0.469,0.024,0.054,-0.234,-0.019,0.221,0.396,0.641,-0.398,0.196,0.427,0.455,0.362,0.566,-0.241,0.702,0.479,0.543,0.068,-0.187,0.262,0.71,0.4,0.697,0.324,0.708,0.061,0.728,0.307,0.639,-0.244,0.25,0.183,0.398,0.273,0.041,-0.302,0.718,0.1,0.11,0.581,-0.027,-0.256,0.516,0.568,-0.083,0.263,0.486,0.254,0.207,0.573,0.343,-0.173,0.391,0.419,0.161,0.638,0.678,0.315,0.75,-0.16,-0.21,-0.055,0.338,0.491,0.476,0.765,0.404,0.335,0.493,0.216,-0.283,0.583,0.604,0.199,0.312,0.372,0.319,-0.352,-0.364,0.229,0.504,0.109,-0.272,0.565,0.121,0.257,-0.157,0.681,-0.168
ARLP,-0.384,0.031,0.28,-0.737,0.396,0.717,-0.403,0.219,-0.482,0.668,0.227,0.018,-0.421,0.162,-0.607,0.345,0.0,-0.604,0.491,-0.055,0.288,-0.451,-0.517,0.711,0.556,-0.247,0.054,0.162,0.532,-0.343,-0.39,-0.798,-0.496,0.267,0.478,-0.421,-0.604,0.435,0.699,-0.597,-0.275,0.165,0.385,0.806,-0.673,-0.548,-0.676,0.084,-0.432,0.225,0.295,-0.761,-0.286,0.755,0.242,-0.361,-0.179,-0.738,0.321,-0.623,-0.406,0.471,0.768,0.44,0.634,0.761,0.714,-0.524,0.492,0.198,0.727,0.712,-0.707,0.032,0.013,0.625,-0.394,0.014,0.511,-0.762,-0.697,-0.409,0.013,-0.195,0.333,0.174,0.186,-0.473,-0.465,-0.151,-0.205,0.508,0.276,-0.799,0.462,-0.67,-0.357,-0.745,0.567,-0.157,0.049,-0.037,-0.429,-0.356,-0.582,-0.729,-0.491,-0.731,-0.661,0.679,0.187,-0.546,-0.225,-0.627,-0.563,-0.191,0.583,0.688,-0.753,-0.486,-0.152,0.756,-0.271,0.549,-0.602,0.231,0.825,0.075,-0.095,-0.346,0.61,0.548,0.875,0.224,-0.244,0.614,-0.26,0.614,0.134,0.536,-0.608,0.115,-0.331,0.487,0.445,-0.439,-0.801,0.572,-0.399,-0.168,0.581,-0.721,-0.801,-0.293,0.776,-0.45,-0.016,0.644,-0.315,-0.298,0.056,-0.197,-0.601,-0.261,0.112,-0.283,0.581,0.455,-0.329,0.508,-0.222,-0.601,0.629,0.682,0.73,0.177,0.448,0.391,0.764,0.49,-0.01,-0.703,0.667,0.431,-0.332,0.766,0.65,0.675,-0.73,-0.372,0.102,-0.005,-0.175,-0.539,0.676,-0.279,0.63,0.296,0.621,-0.708
ATEX,0.256,0.552,-0.258,0.603,-0.316,-0.633,0.518,-0.356,0.76,-0.728,-0.445,0.619,0.737,0.055,0.722,-0.19,-0.604,0.0,0.08,-0.286,-0.314,0.66,0.484,-0.72,-0.302,0.671,0.411,0.238,-0.598,0.718,0.804,0.647,0.87,0.322,-0.08,0.51,0.573,-0.796,-0.659,0.874,-0.085,0.031,-0.57,-0.885,0.814,0.752,0.953,0.578,0.515,-0.334,-0.28,0.807,0.755,-0.915,0.178,0.876,-0.348,0.76,-0.566,0.881,0.871,-0.08,-0.839,-0.669,-0.22,-0.808,-0.814,0.635,-0.813,-0.335,-0.347,-0.727,0.947,-0.549,0.483,-0.288,0.224,0.372,-0.373,0.671,0.597,0.761,0.482,0.43,-0.227,-0.299,-0.398,0.786,0.496,-0.157,0.682,-0.09,0.237,0.598,0.029,0.546,0.348,0.759,-0.698,0.336,0.202,0.62,0.797,0.82,0.842,0.644,0.288,0.799,0.523,-0.554,0.414,0.865,0.692,0.903,0.926,0.68,-0.685,-0.596,0.515,0.738,-0.095,-0.612,0.478,-0.581,0.378,0.058,-0.814,0.071,-0.18,0.75,-0.775,-0.236,-0.764,0.13,0.26,-0.603,0.484,-0.24,-0.469,-0.516,0.746,-0.26,0.833,0.004,-0.817,0.641,0.585,-0.52,0.769,0.462,-0.606,0.769,0.847,0.559,-0.819,0.176,-0.099,-0.767,0.691,0.389,0.232,0.311,0.536,0.574,0.273,0.481,-0.629,-0.135,0.603,-0.324,0.556,0.893,-0.372,-0.861,-0.598,0.223,-0.286,-0.415,-0.881,-0.618,0.627,0.887,-0.184,-0.361,0.004,-0.426,-0.888,-0.887,0.867,0.659,-0.514,0.43,0.161,0.895,-0.62,0.095,-0.336,-0.299,-0.165,0.729
ATRA,-0.303,0.582,0.155,-0.406,0.448,0.335,0.094,0.095,0.139,0.255,-0.001,0.555,0.347,0.309,-0.186,0.425,0.491,0.08,0.0,-0.283,0.29,0.056,-0.106,0.358,0.432,0.364,0.545,0.37,0.114,0.226,0.294,-0.323,0.249,0.711,0.423,-0.003,-0.201,-0.107,0.377,0.131,-0.273,0.285,0.079,0.207,-0.1,0.02,0.009,0.648,0.011,0.113,0.044,-0.32,0.41,0.14,0.527,0.225,-0.396,-0.313,-0.118,0.087,0.306,0.529,0.235,0.161,0.672,0.261,0.229,-0.177,-0.005,-0.004,0.595,0.278,0.011,-0.415,0.487,0.371,-0.327,0.391,0.395,-0.294,-0.329,0.124,0.423,0.288,0.244,0.145,0.014,0.132,-0.052,-0.347,0.3,0.498,0.628,-0.455,0.597,-0.351,-0.303,-0.327,0.24,0.316,0.322,0.62,0.197,0.298,0.107,-0.153,-0.12,-0.13,-0.317,0.229,0.605,0.085,0.294,0.058,0.08,0.356,0.146,0.354,-0.409,0.138,-0.038,0.416,0.199,0.301,-0.335,0.548,0.281,0.358,-0.149,0.196,0.101,0.537,0.44,0.585,0.03,0.332,0.154,0.64,-0.105,0.331,-0.192,-0.072,0.366,0.589,-0.187,0.151,-0.409,0.447,0.266,0.147,0.236,-0.083,-0.212,0.194,0.282,-0.371,-0.024,0.178,0.312,0.166,0.385,0.146,-0.207,0.281,0.426,0.174,0.245,0.622,0.114,0.391,0.184,0.08,0.379,0.122,0.334,0.473,0.444,0.103,0.122,0.134,0.557,-0.101,0.735,0.437,-0.266,0.566,0.069,0.119,-0.144,0.041,-0.203,0.484,-0.062,0.034,0.359,-0.116,0.49,0.042,0.669,-0.167
AUTL,0.372,-0.512,0.475,0.11,0.082,0.278,-0.631,0.273,0.059,0.223,0.795,-0.634,-0.184,0.494,-0.111,0.009,-0.055,-0.286,-0.283,0.0,0.522,0.283,-0.121,0.303,-0.059,-0.197,-0.137,-0.613,0.68,-0.632,-0.547,0.318,-0.517,-0.632,-0.377,-0.272,0.159,0.556,-0.015,-0.227,0.754,0.424,0.675,0.257,-0.319,-0.647,-0.37,-0.467,0.23,0.133,0.148,-0.325,-0.055,0.32,0.312,-0.474,0.796,-0.249,0.631,-0.414,-0.183,-0.454,0.245,0.437,-0.378,0.356,0.028,0.239,0.63,0.587,-0.104,0.368,-0.146,0.189,-0.347,-0.168,-0.188,-0.191,0.264,0.177,0.348,-0.283,-0.646,0.334,0.471,0.448,0.663,-0.325,-0.158,0.834,-0.401,0.097,-0.218,0.042,-0.408,0.344,0.145,-0.125,0.332,-0.357,0.179,-0.273,-0.084,-0.239,-0.315,0.257,0.149,-0.33,0.129,0.331,-0.15,-0.491,-0.703,-0.47,-0.333,-0.272,0.571,0.185,0.255,0.025,0.427,0.042,-0.085,0.112,0.401,-0.11,0.119,0.28,0.142,-0.58,0.432,0.211,0.098,0.018,0.552,0.434,-0.543,0.146,0.703,0.404,0.209,0.705,-0.232,-0.636,0.669,-0.52,0.217,0.204,-0.433,0.116,0.391,0.141,-0.165,-0.021,0.256,0.464,0.499,0.532,-0.583,-0.381,0.328,0.02,0.24,0.006,-0.056,0.268,0.34,0.037,-0.208,0.032,0.008,-0.511,-0.141,0.481,-0.096,-0.354,0.2,0.666,0.328,0.679,-0.345,-0.241,-0.469,0.46,0.596,-0.466,0.471,0.458,-0.117,-0.484,0.765,-0.264,0.159,-0.506,0.408,0.176,-0.148,-0.431,-0.117,-0.119
AVDL,-0.285,-0.101,0.687,-0.385,0.613,0.554,-0.312,0.554,0.036,0.556,0.746,-0.103,-0.048,0.652,-0.292,0.641,0.288,-0.314,0.29,0.522,0.0,0.051,-0.095,0.676,0.297,0.066,0.4,-0.335,0.721,-0.312,-0.302,0.011,-0.294,0.038,0.133,-0.068,0.051,0.593,0.493,-0.157,0.375,0.744,0.717,0.39,-0.385,-0.509,-0.408,0.01,0.191,0.181,0.361,-0.552,0.124,0.496,0.618,-0.297,0.532,-0.681,0.471,-0.334,-0.156,0.223,0.486,0.78,0.266,0.627,0.404,-0.167,0.647,0.371,0.257,0.688,-0.215,-0.031,0.183,0.025,-0.472,0.285,0.56,-0.093,0.073,-0.249,-0.166,0.439,0.732,0.419,0.603,-0.137,-0.204,0.299,-0.202,0.495,0.185,-0.359,-0.066,0.048,-0.252,-0.538,0.55,-0.194,0.471,0.211,-0.007,-0.165,-0.187,-0.008,0.268,-0.455,-0.3,0.35,0.244,-0.325,-0.321,-0.455,-0.247,-0.071,0.609,0.668,-0.165,0.117,0.476,0.443,0.177,0.517,-0.015,0.525,0.467,0.533,0.081,-0.482,0.449,0.716,0.449,0.537,0.449,0.768,-0.326,0.719,0.617,0.74,-0.155,0.568,0.023,0.024,0.573,-0.323,-0.146,0.696,-0.132,0.106,0.697,0.036,-0.3,0.325,0.599,0.053,0.478,0.724,-0.168,0.005,0.666,0.244,-0.036,0.233,0.241,0.396,0.692,0.633,0.022,0.583,-0.024,-0.493,0.022,0.575,0.307,0.177,0.752,0.782,0.491,0.736,-0.035,-0.365,0.238,0.765,0.403,0.055,0.613,0.572,-0.348,-0.471,0.557,0.283,0.144,-0.537,0.694,0.15,0.182,-0.258,0.471,-0.3
BCRX,0.51,0.271,0.177,0.584,-0.073,-0.274,0.105,-0.02,0.728,-0.49,0.105,0.202,0.607,0.426,0.409,-0.1,-0.451,0.66,0.056,0.283,0.051,0.0,0.226,-0.366,-0.273,0.512,0.344,-0.028,-0.113,0.22,0.449,0.743,0.452,-0.061,-0.24,0.334,0.489,-0.338,-0.472,0.699,0.446,0.4,-0.05,-0.585,0.635,0.337,0.62,0.3,0.638,-0.085,-0.011,0.406,0.673,-0.573,0.435,0.54,0.166,0.491,0.001,0.465,0.707,-0.298,-0.444,-0.248,-0.297,-0.468,-0.652,0.778,-0.309,0.069,-0.143,-0.294,0.746,-0.304,0.285,-0.295,0.247,0.285,0.055,0.713,0.655,0.369,0.179,0.709,0.205,0.139,0.185,0.495,0.322,0.411,0.501,-0.007,0.253,0.567,-0.126,0.633,0.549,0.619,-0.443,0.336,0.389,0.485,0.675,0.547,0.495,0.764,0.313,0.44,0.473,-0.275,0.353,0.414,0.258,0.534,0.552,0.448,-0.094,-0.345,0.574,0.707,0.081,-0.361,0.481,-0.314,0.607,0.058,-0.65,0.319,0.058,0.34,-0.336,0.064,-0.527,0.253,0.638,-0.191,0.241,-0.019,0.126,-0.248,0.704,0.279,0.615,-0.324,-0.285,0.335,0.542,-0.218,0.537,0.454,-0.253,0.81,0.597,0.514,-0.501,0.503,0.357,-0.292,0.302,0.204,0.474,0.325,0.764,0.533,0.275,0.722,-0.227,0.073,0.392,-0.187,0.45,0.523,-0.312,-0.419,-0.515,0.149,-0.013,0.097,-0.581,-0.022,0.514,0.662,-0.338,0.105,0.208,-0.571,-0.434,-0.454,0.673,0.453,0.038,0.419,0.354,0.478,-0.13,0.322,-0.277,-0.547,-0.052,0.587
BHAT,-0.099,0.308,-0.24,0.16,-0.134,-0.481,0.324,0.091,0.5,-0.353,-0.079,0.293,0.337,0.091,0.408,0.063,-0.517,0.484,-0.106,-0.121,-0.095,0.226,0.0,-0.4,0.104,0.492,0.295,-0.073,-0.313,0.509,0.334,0.431,0.567,0.067,-0.113,0.585,0.46,-0.391,-0.322,0.32,0.121,0.038,-0.222,-0.622,0.361,0.365,0.551,0.275,0.44,-0.386,-0.104,0.534,0.44,-0.578,0.035,0.459,-0.005,0.409,-0.252,0.656,0.448,-0.036,-0.549,-0.188,-0.153,-0.44,-0.382,0.096,-0.393,-0.286,-0.297,-0.461,0.56,-0.284,0.338,-0.172,-0.241,0.346,-0.318,0.444,0.605,0.559,0.301,0.278,0.004,-0.077,-0.394,0.551,0.014,-0.302,0.14,-0.026,0.11,0.329,-0.337,0.458,-0.22,0.294,-0.23,0.096,0.163,0.298,0.352,0.499,0.637,0.253,0.368,0.527,0.431,-0.425,0.27,0.595,0.367,0.485,0.601,0.396,-0.433,-0.259,0.191,0.553,0.189,-0.496,0.531,-0.131,0.218,0.009,-0.371,0.204,0.071,0.402,-0.362,-0.112,-0.583,0.203,0.29,-0.275,0.338,-0.125,-0.144,-0.096,0.406,-0.162,0.491,-0.021,-0.38,0.317,0.379,-0.282,0.486,0.388,-0.258,0.494,0.606,0.437,-0.363,0.334,-0.044,-0.41,0.521,0.273,0.175,0.156,0.257,0.521,0.222,0.219,-0.234,-0.089,0.628,0.055,0.258,0.495,-0.505,-0.527,-0.224,0.045,-0.169,-0.29,-0.51,-0.362,0.275,0.462,-0.142,-0.282,0.428,-0.351,-0.525,-0.551,0.438,0.033,-0.253,0.275,0.12,0.519,-0.365,0.145,-0.451,-0.413,-0.136,0.513
BLBD,-0.457,-0.086,0.639,-0.817,0.68,0.882,-0.418,0.665,-0.351,0.85,0.624,-0.216,-0.352,0.435,-0.565,0.594,0.711,-0.72,0.358,0.303,0.676,-0.366,-0.4,0.0,0.666,-0.165,0.233,-0.024,0.813,-0.423,-0.58,-0.576,-0.579,0.059,0.45,-0.235,-0.288,0.785,0.871,-0.619,0.182,0.491,0.715,0.831,-0.726,-0.669,-0.8,-0.077,-0.065,0.277,0.488,-0.899,-0.198,0.866,0.453,-0.55,0.325,-0.863,0.619,-0.651,-0.442,0.476,0.877,0.871,0.592,0.935,0.862,-0.582,0.806,0.335,0.517,0.942,-0.687,0.118,0.095,0.447,-0.459,0.143,0.774,-0.495,-0.419,-0.501,-0.273,0.123,0.643,0.334,0.491,-0.398,-0.569,0.068,-0.35,0.552,0.317,-0.707,0.108,-0.413,-0.362,-0.888,0.817,-0.14,0.377,-0.013,-0.37,-0.45,-0.515,-0.559,-0.18,-0.837,-0.696,0.571,0.171,-0.602,-0.454,-0.781,-0.667,-0.281,0.845,0.909,-0.692,-0.31,0.309,0.852,-0.124,0.772,-0.462,0.439,0.884,0.483,0.016,-0.609,0.828,0.779,0.87,0.444,0.118,0.928,-0.299,0.78,0.559,0.857,-0.571,0.468,-0.369,0.25,0.733,-0.505,-0.638,0.897,-0.478,-0.078,0.895,-0.535,-0.792,-0.055,0.943,-0.18,0.398,0.937,-0.324,-0.224,0.391,-0.137,-0.372,-0.133,0.27,-0.144,0.902,0.67,-0.147,0.736,-0.422,-0.759,0.268,0.899,0.79,0.228,0.807,0.704,0.866,0.793,-0.235,-0.723,0.542,0.809,0.059,0.546,0.854,0.885,-0.804,-0.549,0.489,0.089,0.106,-0.766,0.918,-0.059,0.591,0.07,0.687,-0.648
BMRN,-0.547,0.406,0.291,-0.85,0.535,0.536,-0.148,0.682,-0.061,0.487,0.319,0.193,-0.071,0.38,-0.32,0.573,0.556,-0.302,0.432,-0.059,0.297,-0.273,0.104,0.666,0.0,0.288,0.492,0.16,0.442,0.142,-0.23,-0.498,-0.046,0.262,0.577,0.169,-0.147,0.243,0.673,-0.424,-0.02,0.334,0.325,0.402,-0.519,-0.322,-0.339,0.364,0.202,0.029,0.351,-0.478,0.13,0.383,0.452,-0.06,-0.0,-0.469,0.347,-0.109,0.004,0.603,0.495,0.54,0.726,0.544,0.618,-0.612,0.302,0.015,0.519,0.532,-0.305,-0.277,0.459,0.622,-0.594,0.451,0.522,-0.341,-0.124,-0.044,0.105,0.269,0.551,0.146,-0.054,0.008,-0.677,-0.422,-0.065,0.592,0.595,-0.532,0.032,-0.307,-0.584,-0.713,0.624,0.067,0.513,0.273,-0.125,0.013,-0.057,-0.539,-0.231,-0.507,-0.505,0.287,0.569,-0.088,0.014,-0.352,-0.174,0.228,0.507,0.676,-0.807,-0.018,0.152,0.627,0.226,0.608,-0.536,0.319,0.674,0.582,-0.063,-0.118,0.572,0.689,0.496,0.637,0.178,0.623,0.119,0.682,0.254,0.71,-0.275,0.223,0.025,0.397,0.256,-0.179,-0.549,0.602,-0.077,0.174,0.614,-0.372,-0.414,0.142,0.648,-0.065,0.198,0.512,0.157,-0.094,0.436,-0.122,-0.298,0.265,0.488,-0.143,0.661,0.561,0.385,0.74,-0.294,-0.305,0.023,0.431,0.829,0.36,0.578,0.29,0.452,0.346,0.16,-0.329,0.628,0.496,0.081,0.562,0.316,0.376,-0.552,-0.362,0.029,0.302,0.177,-0.219,0.629,-0.111,0.445,-0.173,0.743,-0.275
BNGO,-0.155,0.796,0.071,0.03,0.178,-0.116,0.463,0.213,0.759,-0.271,-0.112,0.699,0.615,0.321,0.499,0.23,-0.247,0.671,0.364,-0.197,0.066,0.512,0.492,-0.165,0.288,0.0,0.797,0.409,-0.197,0.729,0.574,0.313,0.77,0.514,0.41,0.706,0.503,-0.415,-0.096,0.613,0.026,0.409,-0.287,-0.557,0.463,0.497,0.646,0.828,0.684,-0.295,0.088,0.429,0.795,-0.552,0.537,0.765,-0.244,0.369,-0.317,0.743,0.823,0.398,-0.42,-0.157,0.339,-0.351,-0.297,0.251,-0.458,-0.246,0.022,-0.24,0.704,-0.67,0.825,0.205,-0.109,0.794,0.078,0.486,0.5,0.698,0.552,0.667,0.241,-0.162,-0.297,0.839,0.042,-0.312,0.713,0.373,0.644,0.247,0.112,0.448,0.019,0.231,-0.1,0.379,0.668,0.829,0.715,0.782,0.796,0.29,0.136,0.437,0.058,-0.313,0.813,0.744,0.708,0.618,0.71,0.68,-0.221,0.033,-0.028,0.738,0.074,-0.053,0.625,-0.062,0.032,0.335,-0.305,0.575,-0.131,0.683,-0.291,0.366,-0.346,0.597,0.393,-0.096,0.539,0.319,-0.117,0.013,0.431,0.021,0.856,0.33,-0.53,0.479,0.153,0.059,0.738,0.71,-0.085,0.586,0.569,0.69,-0.281,0.223,0.133,-0.281,0.765,0.354,0.654,0.286,0.351,0.657,0.714,0.552,-0.034,0.41,0.804,0.272,0.318,0.589,-0.368,-0.435,-0.008,0.492,0.246,-0.047,-0.478,-0.27,0.704,0.636,0.27,0.088,0.095,-0.018,-0.555,-0.511,0.463,0.344,-0.434,0.693,0.428,0.66,-0.078,0.054,0.059,-0.411,0.42,0.443
BUSE,-0.367,0.756,0.368,-0.293,0.583,0.231,0.388,0.456,0.563,0.095,0.126,0.697,0.528,0.523,0.174,0.554,0.054,0.411,0.545,-0.137,0.4,0.344,0.295,0.233,0.492,0.797,0.0,0.333,0.101,0.617,0.451,0.133,0.567,0.616,0.61,0.608,0.37,-0.137,0.319,0.407,0.043,0.706,0.033,-0.233,0.227,0.254,0.337,0.804,0.592,-0.102,0.396,0.075,0.706,-0.19,0.704,0.603,-0.119,-0.023,-0.037,0.49,0.622,0.64,-0.029,0.227,0.601,0.05,0.067,0.028,-0.142,-0.164,0.275,0.192,0.421,-0.528,0.933,0.31,-0.287,0.895,0.447,0.302,0.322,0.431,0.545,0.705,0.551,0.042,-0.046,0.676,-0.188,-0.333,0.572,0.56,0.812,-0.033,0.183,0.226,-0.144,-0.123,0.154,0.389,0.852,0.886,0.529,0.542,0.564,0.066,0.155,0.104,-0.222,-0.159,0.857,0.545,0.553,0.308,0.461,0.618,0.091,0.4,-0.248,0.686,0.24,0.31,0.616,0.303,-0.117,0.643,0.042,0.772,-0.05,0.433,-0.016,0.708,0.032,0.83,0.421,0.31,0.488,0.693,0.116,0.347,0.208,0.206,0.715,0.471,-0.224,0.391,-0.08,0.468,0.62,0.566,0.328,0.388,0.261,0.738,0.096,0.101,0.323,0.109,0.677,0.452,0.857,0.343,0.217,0.667,0.804,0.549,0.363,0.708,0.766,0.622,0.165,0.326,-0.201,-0.088,0.294,0.733,0.646,0.301,-0.13,0.057,0.657,0.358,0.526,0.473,0.081,0.196,-0.167,-0.152,0.168,0.135,-0.208,0.851,0.416,0.332,0.33,0.198,0.262,-0.316,0.732,0.243
CAKE,-0.135,0.601,-0.032,-0.157,0.055,0.12,0.533,-0.083,0.135,0.019,-0.582,0.476,0.131,-0.189,0.251,-0.083,0.162,0.238,0.37,-0.613,-0.335,-0.028,-0.073,-0.024,0.16,0.409,0.333,0.0,-0.357,0.474,0.378,-0.37,0.388,0.604,0.632,0.343,-0.041,-0.203,0.17,0.262,-0.349,-0.024,-0.551,-0.052,0.311,0.532,0.24,0.51,0.023,-0.23,0.199,0.117,0.143,-0.138,0.075,0.457,-0.615,0.264,-0.458,0.249,0.333,0.504,-0.061,-0.249,0.509,-0.167,0.115,-0.023,-0.412,-0.515,0.185,-0.068,0.116,-0.214,0.538,0.391,0.321,0.369,0.143,-0.049,-0.32,0.286,0.559,-0.089,-0.169,-0.31,-0.382,0.476,-0.007,-0.449,0.672,0.17,0.495,-0.067,0.529,-0.11,0.135,0.1,-0.061,0.389,0.172,0.395,0.266,0.312,0.321,-0.249,-0.383,0.194,-0.387,-0.178,0.308,0.339,0.587,0.321,0.156,0.134,-0.254,0.089,-0.385,0.015,-0.404,0.255,0.02,0.075,-0.44,0.09,0.002,0.045,-0.173,0.533,-0.105,0.167,0.081,0.109,-0.399,-0.212,0.503,0.165,-0.431,-0.232,-0.203,-0.404,0.301,0.686,-0.447,0.336,-0.416,0.102,0.394,0.333,-0.069,-0.02,0.057,0.014,-0.065,-0.201,-0.18,-0.227,0.49,0.196,0.022,-0.206,-0.02,-0.116,0.44,-0.092,-0.054,0.231,0.276,0.155,-0.155,0.338,0.114,-0.18,0.276,0.493,0.089,-0.213,-0.11,-0.439,0.366,0.267,0.515,-0.121,-0.672,0.535,-0.298,-0.219,0.042,0.537,-0.627,0.315,0.327,0.416,-0.049,-0.17,0.408,0.371,0.44,-0.042
CASY,-0.206,-0.263,0.616,-0.513,0.387,0.782,-0.71,0.499,-0.144,0.685,0.83,-0.395,-0.351,0.625,-0.352,0.434,0.532,-0.598,0.114,0.68,0.721,-0.113,-0.313,0.813,0.442,-0.197,0.101,-0.357,0.0,-0.636,-0.714,-0.284,-0.652,-0.239,0.165,-0.347,-0.062,0.786,0.518,-0.559,0.481,0.547,0.855,0.705,-0.709,-0.861,-0.736,-0.251,0.035,0.097,0.311,-0.771,-0.12,0.743,0.543,-0.56,0.582,-0.759,0.656,-0.639,-0.346,0.137,0.671,0.767,0.193,0.856,0.55,-0.26,0.862,0.488,0.307,0.794,-0.511,0.031,-0.117,0.219,-0.521,-0.029,0.636,-0.274,-0.149,-0.333,-0.547,0.219,0.639,0.346,0.58,-0.415,-0.465,0.47,-0.463,0.611,0.083,-0.579,-0.131,-0.067,-0.126,-0.701,0.718,-0.475,0.336,-0.114,-0.216,-0.302,-0.48,-0.325,-0.128,-0.753,-0.356,0.668,0.127,-0.626,-0.683,-0.79,-0.545,-0.338,0.837,0.737,-0.38,-0.167,0.481,0.553,-0.221,0.468,-0.144,0.26,0.686,0.404,-0.098,-0.697,0.744,0.679,0.663,0.303,0.339,0.888,-0.609,0.657,0.594,0.838,-0.187,0.62,-0.287,-0.102,0.799,-0.711,-0.336,0.662,-0.582,0.118,0.832,-0.337,-0.662,0.018,0.772,-0.021,0.386,0.918,-0.563,-0.51,0.461,-0.097,-0.263,-0.069,0.169,0.026,0.73,0.499,-0.207,0.568,-0.231,-0.791,0.082,0.872,0.498,-0.112,0.659,0.809,0.776,0.903,-0.325,-0.625,0.181,0.75,0.38,0.121,0.821,0.803,-0.613,-0.634,0.648,-0.113,0.116,-0.743,0.794,-0.133,0.359,-0.164,0.421,-0.612
CCOI,-0.18,0.781,-0.265,0.096,0.08,-0.394,0.786,-0.002,0.464,-0.45,-0.541,0.796,0.559,-0.133,0.433,0.092,-0.343,0.718,0.226,-0.632,-0.312,0.22,0.509,-0.423,0.142,0.729,0.617,0.474,-0.636,0.0,0.792,0.237,0.885,0.584,0.399,0.721,0.331,-0.691,-0.139,0.617,-0.394,0.026,-0.64,-0.684,0.569,0.782,0.764,0.769,0.432,-0.195,0.014,0.661,0.563,-0.686,0.078,0.839,-0.541,0.539,-0.522,0.829,0.685,0.422,-0.522,-0.403,0.32,-0.565,-0.307,0.121,-0.739,-0.501,-0.06,-0.473,0.64,-0.454,0.763,0.161,0.062,0.671,-0.189,0.392,0.353,0.613,0.75,0.299,-0.094,-0.288,-0.578,0.785,0.08,-0.668,0.707,0.03,0.483,0.358,0.16,0.2,-0.082,0.354,-0.365,0.51,0.373,0.648,0.512,0.625,0.771,0.179,0.123,0.561,0.075,-0.579,0.574,0.885,0.904,0.77,0.752,0.724,-0.552,-0.209,-0.005,0.592,-0.18,-0.174,0.562,-0.178,-0.059,0.206,-0.399,0.229,-0.041,0.833,-0.549,-0.002,-0.469,0.35,0.011,-0.433,0.782,-0.016,-0.415,-0.287,0.327,-0.32,0.705,0.406,-0.753,0.759,0.161,-0.192,0.806,0.337,-0.347,0.426,0.652,0.537,-0.483,0.027,-0.096,-0.593,0.893,0.62,0.247,0.268,0.268,0.531,0.456,0.265,-0.274,0.098,0.772,0.083,0.244,0.776,-0.261,-0.693,-0.064,0.567,-0.05,-0.427,-0.637,-0.653,0.661,0.711,0.243,-0.269,-0.196,0.074,-0.742,-0.725,0.524,0.475,-0.68,0.6,0.193,0.813,-0.384,0.164,-0.053,-0.102,0.214,0.58
CEVA,0.121,0.606,-0.238,0.409,0.02,-0.581,0.707,-0.252,0.475,-0.514,-0.555,0.785,0.704,-0.085,0.336,0.002,-0.39,0.804,0.294,-0.547,-0.302,0.449,0.334,-0.58,-0.23,0.574,0.451,0.378,-0.714,0.792,0.0,0.45,0.872,0.552,0.092,0.501,0.227,-0.727,-0.317,0.803,-0.358,0.013,-0.58,-0.731,0.777,0.862,0.857,0.689,0.311,-0.099,-0.102,0.69,0.628,-0.739,0.05,0.834,-0.553,0.561,-0.506,0.817,0.679,0.186,-0.577,-0.551,0.084,-0.673,-0.543,0.432,-0.758,-0.332,-0.028,-0.539,0.726,-0.338,0.552,-0.1,0.197,0.472,-0.224,0.417,0.341,0.515,0.769,0.33,-0.173,-0.137,-0.347,0.692,0.436,-0.446,0.685,-0.2,0.351,0.482,0.271,0.185,0.094,0.599,-0.62,0.619,0.142,0.625,0.515,0.578,0.681,0.43,0.347,0.711,0.317,-0.485,0.411,0.829,0.828,0.888,0.757,0.693,-0.624,-0.443,0.347,0.645,-0.168,-0.366,0.604,-0.277,0.242,0.266,-0.626,0.085,0.144,0.821,-0.752,-0.165,-0.532,0.265,0.099,-0.529,0.75,-0.143,-0.391,-0.539,0.395,-0.391,0.71,0.292,-0.776,0.905,0.314,-0.283,0.857,0.186,-0.536,0.624,0.706,0.507,-0.612,0.092,-0.073,-0.707,0.823,0.739,0.142,0.467,0.375,0.529,0.254,0.457,-0.434,-0.011,0.496,-0.145,0.493,0.871,-0.078,-0.795,-0.413,0.568,-0.158,-0.461,-0.771,-0.608,0.754,0.707,0.119,-0.272,-0.222,-0.089,-0.754,-0.781,0.736,0.616,-0.531,0.643,0.026,0.788,-0.467,0.333,-0.227,-0.054,0.042,0.714
