,AAPL,ACRS,ADP,AFYA,AGNC,AGYS,ALT,AMGN,AMPH,AMZN,ANIP,AOSL,APDN,APLT,APVO,ARGX,ARLP,ATEX,ATRA,AUTL,AVDL,BCRX,BHAT,BLBD,BMRN,BNGO,BUSE,CAKE,CASY,CCOI,CEVA,CHY,CLDX,CLMT,COHU,COLM,COST,CPRT,CSWC,CSX,DBX,DCOM,DKNG,DMLP,DOX,EA,EDIT,ENPH,ENSG,ERNA,ESGR,ETNB,EXTR,FANG,FARO,FATE,FGEN,FIVE,FIVN,FLGT,FOLD,FORM,FOXA,FRPT,FSLR,FTAI,GBDC,GDYN,GGAL,GNLN,GRFS,GT,HCAT,HCM,HFWA,HOLX,HQY,HUBG,IAC,ICLR,IDCC,IEP,IHRT,ILMN,ILPT,IMAB,IMOS,INMD,INTZ,JAZZ,JKHY,JRVR,KIDS,LBRDK,LGND,LMAT,LPLA,LULU,MASI,MAT,MATW,MBIN,MBIO,MCRB,MDB,MDLZ,MELI,MIRM,MLKN,MNMD,MNRO,MPWR,MRCY,MRSN,MTVA,NAAS,NDAQ,NDSN,NEGG,NOVT,NVDA,NWE,NWSA,NXST,OCX,ODFL,OMAB,OPCH,OPRA,ORGO,OTRK,OZK,PAGP,PCH,PEGA,PENG,PENN,PFBC,PGNY,PHAT,PHUN,PINC,PLUG,PLXS,PYPL,QLYS,QNCX,QQQX,QVCGA,RAPT,RBBN,RCKT,REPL,RMBS,ROAD,ROKU,ROP,RUSHA,SANM,SATS,SBCF,SBLK,SBUX,SCHL,SCSC,SDGR,SEIC,SFIX,SGRY,SKYW,SLP,SNES,STAA,STLD,STOK,SWKS,TER,TFIN,TIGO,TILE,TPIC,TTEC,TTEK,TTGT,UXIN,VERU,VLYPP,VNOM,VRNS,VRSN,WDAY,WERN,WINA,WKHS,WRLD,XP,XTKG,YY,ZION,ZM
AAPL,0.0,0.096,0.131,0.879,0.548,0.612,0.629,0.231,0.742,0.661,0.32,0.319,0.453,-0.217,0.095,0.386,0.525,0.274,-0.067,-0.09,-0.183,0.095,0.052,0.247,0.486,0.242,0.332,0.745,0.362,0.704,0.752,0.719,0.184,0.767,0.219,0.192,0.633,0.647,0.322,0.049,0.551,0.352,0.504,0.699,0.242,0.311,-0.104,0.742,0.378,0.254,0.029,0.175,0.819,0.562,0.594,-0.104,-0.006,0.781,-0.275,-0.257,0.575,0.593,0.365,0.296,0.803,0.752,0.308,-0.109,0.575,0.543,-0.178,0.217,0.343,-0.233,0.449,-0.329,0.478,0.257,0.781,0.581,-0.124,0.509,0.04,0.611,0.129,0.241,0.511,-0.132,0.66,0.121,-0.057,0.307,0.058,-0.141,0.59,0.507,0.649,0.678,0.228,0.539,0.115,0.289,0.666,-0.044,0.763,0.075,0.277,0.539,0.419,-0.176,0.118,0.779,0.708,-0.001,0.27,0.003,0.542,0.351,0.528,0.588,0.867,0.571,0.786,-0.003,0.177,0.311,0.51,0.685,0.758,0.184,0.339,0.189,0.523,-0.222,0.5,0.518,0.772,0.236,-0.09,0.796,0.085,0.14,0.254,0.582,0.513,-0.092,-0.388,0.907,-0.175,-0.122,0.525,0.036,0.528,0.325,0.717,0.828,0.468,0.297,0.491,-0.133,0.352,0.309,0.655,0.735,0.547,0.384,0.767,0.082,0.142,0.36,0.151,0.165,0.045,-0.084,0.476,0.473,0.692,0.313,0.101,0.688,0.419,-0.159,-0.009,-0.222,0.25,0.279,0.333,0.524,0.426,0.105,0.778,0.22,0.435,0.05,0.28,0.751,-0.36,0.692,0.233,0.503
ACRS,0.096,0.0,-0.642,0.112,-0.206,0.129,0.296,0.835,-0.208,0.662,0.768,0.813,-0.057,-0.74,-0.101,-0.694,0.754,0.718,0.872,0.88,0.584,-0.346,0.864,0.64,-0.553,0.89,0.871,0.44,0.581,-0.445,-0.269,-0.425,0.856,-0.368,0.9,-0.476,-0.572,0.476,0.876,0.39,0.725,0.821,0.831,-0.263,0.653,-0.195,0.924,0.392,0.015,0.297,0.789,0.904,0.086,0.266,0.71,0.933,0.787,0.368,0.833,-0.393,-0.604,0.675,-0.67,-0.782,0.112,0.419,0.914,-0.602,-0.649,-0.561,0.831,0.918,0.695,-0.607,0.749,-0.587,0.8,0.689,0.331,0.525,-0.854,0.751,0.798,-0.343,0.787,0.916,0.611,0.797,-0.068,0.056,0.73,0.802,0.91,-0.115,0.613,0.764,0.611,0.551,-0.791,0.163,0.79,0.816,-0.102,0.866,0.436,-0.774,-0.8,-0.028,0.704,0.836,0.035,-0.29,-0.266,0.891,0.771,0.817,-0.438,0.662,0.625,0.36,0.087,0.54,0.213,0.893,0.675,0.601,0.726,0.279,-0.326,0.851,0.8,0.903,0.696,0.503,0.149,0.813,0.283,0.866,0.89,-0.316,0.86,0.649,0.924,0.497,-0.54,0.882,0.7,0.303,0.811,0.898,0.711,0.916,0.656,0.801,0.256,0.306,0.491,-0.354,0.607,0.749,0.805,0.827,-0.486,0.478,0.568,0.868,0.458,0.924,0.454,0.748,0.892,0.792,0.703,0.821,0.488,0.768,0.339,0.816,-0.784,0.412,0.735,0.887,-0.737,0.865,0.714,0.865,-0.752,-0.64,-0.583,0.504,0.44,0.66,0.782,0.853,0.78,-0.331,0.438,-0.343,0.869,0.766
ADP,0.131,-0.642,0.0,0.044,0.4,-0.003,-0.115,-0.401,0.401,-0.337,-0.357,-0.712,0.313,0.597,0.116,0.693,-0.585,-0.424,-0.648,-0.484,-0.43,0.028,-0.606,-0.457,0.427,-0.43,-0.634,-0.099,-0.144,0.562,0.245,0.436,-0.694,0.428,-0.664,0.572,0.391,0.083,-0.555,0.098,-0.382,-0.471,-0.442,0.101,-0.1,0.769,-0.674,-0.224,0.166,-0.512,-0.752,-0.533,0.133,-0.289,-0.535,-0.674,-0.892,-0.027,-0.587,0.481,0.413,-0.53,0.618,0.642,-0.055,-0.118,-0.614,0.713,0.476,0.413,-0.646,-0.679,-0.553,0.226,-0.25,0.724,-0.524,-0.427,-0.169,-0.105,0.694,-0.333,-0.285,0.521,-0.535,-0.552,-0.581,-0.631,0.013,0.409,-0.321,-0.409,-0.719,0.501,-0.279,-0.49,-0.417,-0.34,0.396,0.193,-0.545,-0.754,0.21,-0.563,-0.243,0.876,0.645,-0.034,-0.144,-0.694,0.588,0.425,0.348,-0.742,-0.612,-0.687,0.636,-0.094,-0.325,-0.346,0.106,0.097,-0.147,-0.434,-0.591,-0.054,-0.625,-0.112,0.365,-0.711,-0.516,-0.589,-0.362,-0.042,0.324,-0.554,0.034,-0.609,-0.623,0.328,-0.761,-0.191,-0.54,-0.176,0.803,-0.598,-0.642,-0.021,-0.679,-0.643,-0.52,-0.75,-0.319,-0.773,-0.085,-0.026,0.044,0.786,-0.418,-0.434,-0.662,-0.734,0.517,-0.187,-0.199,-0.485,-0.054,-0.566,-0.372,-0.703,-0.59,-0.395,-0.616,-0.511,-0.253,-0.553,-0.285,-0.527,0.707,-0.059,-0.595,-0.616,0.811,-0.613,-0.646,-0.706,0.688,0.454,0.784,0.184,-0.102,-0.283,-0.631,-0.738,-0.765,0.246,-0.582,0.146,-0.65,-0.256
AFYA,0.879,0.112,0.044,0.0,0.466,0.647,0.686,0.215,0.755,0.704,0.325,0.403,0.461,-0.293,0.235,0.345,0.54,0.371,-0.101,-0.101,-0.223,0.296,0.046,0.371,0.488,0.278,0.399,0.779,0.466,0.698,0.819,0.686,0.263,0.782,0.275,0.167,0.635,0.557,0.344,0.013,0.601,0.431,0.543,0.743,0.225,0.214,-0.077,0.825,0.456,0.188,0.1,0.168,0.889,0.634,0.658,-0.07,0.109,0.834,-0.238,-0.288,0.563,0.656,0.373,0.284,0.789,0.777,0.332,-0.188,0.582,0.542,-0.17,0.265,0.388,-0.232,0.456,-0.468,0.53,0.328,0.819,0.562,-0.223,0.474,0.066,0.647,0.175,0.227,0.472,-0.054,0.724,0.009,-0.067,0.334,0.127,-0.173,0.641,0.449,0.705,0.739,0.239,0.589,0.18,0.385,0.769,-0.044,0.84,-0.028,0.276,0.583,0.428,-0.154,-0.042,0.807,0.766,0.05,0.326,0.04,0.552,0.382,0.541,0.721,0.869,0.487,0.814,0.005,0.246,0.325,0.538,0.693,0.73,0.262,0.366,0.226,0.546,-0.227,0.514,0.551,0.801,0.323,-0.066,0.826,0.114,0.108,0.287,0.64,0.441,-0.056,-0.379,0.861,-0.169,-0.129,0.532,0.094,0.588,0.426,0.783,0.875,0.503,0.197,0.559,-0.125,0.44,0.338,0.62,0.788,0.573,0.395,0.743,0.118,0.257,0.401,0.159,0.148,0.041,-0.025,0.548,0.541,0.723,0.397,-0.001,0.703,0.475,-0.156,-0.111,-0.239,0.307,0.318,0.288,0.56,0.371,0.039,0.846,0.306,0.523,0.076,0.327,0.814,-0.283,0.702,0.312,0.526
AGNC,0.548,-0.206,0.4,0.466,0.0,0.41,0.38,-0.188,0.537,0.246,-0.072,-0.047,0.458,0.253,0.23,0.501,-0.003,0.097,-0.333,-0.343,-0.093,0.272,-0.342,0.108,0.528,-0.065,-0.054,0.456,0.279,0.636,0.568,0.672,-0.232,0.515,-0.14,0.538,0.532,0.221,0.035,0.126,0.124,0.018,0.081,0.419,0.066,0.474,-0.311,0.236,0.472,0.19,-0.361,-0.224,0.526,0.316,0.091,-0.312,-0.317,0.401,-0.321,0.153,0.504,0.164,0.665,0.572,0.364,0.528,-0.067,0.29,0.537,0.293,-0.249,-0.206,0.012,0.152,0.079,0.177,0.063,0.051,0.429,0.382,0.263,0.09,0.046,0.675,-0.156,-0.126,0.026,-0.22,0.298,0.447,-0.111,-0.081,-0.209,0.168,0.142,0.12,0.055,0.362,0.42,0.385,-0.088,-0.155,0.518,-0.353,0.313,0.248,0.478,0.267,0.175,-0.366,0.169,0.613,0.48,-0.28,-0.007,-0.105,0.47,0.078,0.102,0.275,0.506,0.181,0.45,-0.112,0.042,0.145,-0.022,0.192,0.65,-0.125,0.052,-0.105,0.384,-0.055,0.211,0.016,0.483,-0.118,-0.385,0.563,-0.225,-0.117,-0.044,0.192,0.667,-0.315,-0.426,0.513,-0.24,-0.358,0.155,-0.3,0.057,-0.119,0.419,0.545,0.102,0.497,0.191,-0.102,-0.043,-0.053,0.45,0.235,0.282,-0.045,0.448,-0.192,-0.073,-0.049,-0.07,-0.043,-0.049,-0.182,0.302,-0.003,0.405,-0.066,0.318,0.294,-0.07,-0.366,0.403,-0.325,-0.06,-0.107,0.484,0.586,0.598,0.085,0.363,0.032,-0.077,-0.233,-0.195,0.505,-0.227,0.569,-0.069,0.164
AGYS,0.612,0.129,-0.003,0.647,0.41,0.0,0.556,0.148,0.592,0.71,0.301,0.481,0.058,-0.18,0.067,0.481,0.359,0.559,0.158,0.082,0.093,0.336,0.118,0.677,0.299,0.16,0.455,0.75,0.61,0.531,0.552,0.371,0.368,0.419,0.361,0.38,0.31,0.327,0.459,0.451,0.624,0.519,0.464,0.565,0.504,0.327,0.111,0.644,0.719,0.276,0.104,0.253,0.668,0.845,0.631,0.121,0.156,0.377,-0.007,0.042,0.41,0.544,0.367,0.179,0.562,0.707,0.358,-0.248,0.375,0.249,0.035,0.333,0.514,0.075,0.512,-0.291,0.578,0.584,0.841,0.538,-0.257,0.385,0.267,0.473,0.396,0.214,0.595,0.216,0.215,0.105,0.281,0.502,0.148,0.262,0.728,0.34,0.494,0.465,0.243,0.728,0.444,0.364,0.633,0.144,0.69,-0.243,-0.02,0.682,0.546,0.175,0.129,0.496,0.37,0.237,0.431,0.199,0.591,0.552,0.578,0.756,0.507,0.422,0.817,0.174,0.479,0.549,0.477,0.34,0.73,0.406,0.397,0.402,0.576,0.176,0.586,0.507,0.858,0.474,0.092,0.477,0.347,0.35,0.29,0.743,0.29,0.174,-0.004,0.693,0.16,0.111,0.317,0.272,0.329,0.377,0.869,0.625,0.246,0.26,0.728,0.045,0.546,0.469,0.258,0.64,0.818,0.465,0.72,0.293,0.661,0.475,0.398,0.356,0.345,0.321,0.732,0.535,0.39,0.537,-0.275,0.535,0.559,0.069,-0.19,0.031,0.406,0.433,-0.008,0.394,0.428,0.158,0.596,0.575,0.553,0.25,0.259,0.481,0.012,0.513,0.475,0.521
ALT,0.629,0.296,-0.115,0.686,0.38,0.556,0.0,0.366,0.726,0.624,0.292,0.432,0.663,-0.322,-0.045,0.177,0.52,0.405,0.005,0.07,0.09,0.415,0.023,0.37,0.483,0.353,0.516,0.72,0.517,0.535,0.621,0.498,0.475,0.536,0.354,0.006,0.408,0.33,0.412,0.026,0.66,0.49,0.525,0.586,0.296,0.123,0.094,0.811,0.443,0.295,0.289,0.339,0.692,0.54,0.613,0.103,0.271,0.74,-0.023,-0.167,0.457,0.609,0.256,0.069,0.59,0.822,0.425,-0.196,0.393,0.213,0.068,0.349,0.53,-0.372,0.523,-0.48,0.588,0.355,0.682,0.441,-0.334,0.391,0.27,0.609,0.31,0.306,0.442,0.071,0.441,0.243,0.016,0.332,0.29,-0.182,0.564,0.468,0.647,0.619,0.15,0.404,0.222,0.528,0.71,0.105,0.815,-0.165,0.151,0.566,0.396,0.011,-0.144,0.618,0.5,0.122,0.297,0.107,0.434,0.339,0.42,0.685,0.761,0.421,0.692,0.155,0.584,0.375,0.451,0.562,0.531,0.412,0.494,0.309,0.53,-0.101,0.424,0.519,0.783,0.417,0.065,0.584,0.246,0.087,0.391,0.694,0.25,0.056,-0.096,0.706,0.063,0.063,0.53,0.243,0.617,0.496,0.601,0.828,0.46,0.008,0.574,0.021,0.492,0.406,0.362,0.65,0.545,0.389,0.59,0.285,0.239,0.418,0.244,0.376,0.228,0.08,0.681,0.527,0.571,0.477,-0.18,0.618,0.518,-0.01,-0.17,-0.049,0.417,0.393,0.129,0.378,0.172,0.096,0.736,0.354,0.479,0.148,0.386,0.606,0.082,0.587,0.404,0.582
AMGN,0.231,0.835,-0.401,0.215,-0.188,0.148,0.366,0.0,0.037,0.634,0.832,0.67,0.034,-0.732,-0.158,-0.492,0.725,0.619,0.74,0.761,0.316,-0.407,0.781,0.484,-0.446,0.825,0.762,0.481,0.558,-0.288,-0.216,-0.307,0.758,-0.18,0.781,-0.476,-0.387,0.676,0.793,0.429,0.724,0.739,0.77,-0.17,0.676,-0.011,0.768,0.428,0.038,0.157,0.681,0.887,0.161,0.246,0.661,0.754,0.614,0.463,0.617,-0.312,-0.428,0.585,-0.586,-0.709,0.138,0.42,0.824,-0.55,-0.481,-0.392,0.639,0.81,0.715,-0.689,0.753,-0.452,0.756,0.591,0.304,0.531,-0.73,0.746,0.676,-0.209,0.66,0.821,0.525,0.591,-0.027,0.074,0.654,0.743,0.794,-0.081,0.647,0.789,0.631,0.521,-0.745,0.261,0.685,0.689,0.017,0.794,0.458,-0.534,-0.671,0.034,0.69,0.653,0.141,-0.124,-0.154,0.731,0.602,0.658,-0.226,0.673,0.701,0.289,0.175,0.687,0.299,0.736,0.552,0.592,0.638,0.472,-0.183,0.717,0.712,0.784,0.598,0.402,0.322,0.746,0.363,0.755,0.826,-0.141,0.719,0.696,0.771,0.523,-0.342,0.773,0.538,0.359,0.645,0.758,0.636,0.775,0.739,0.667,0.26,0.363,0.673,-0.153,0.513,0.542,0.683,0.654,-0.31,0.508,0.547,0.849,0.527,0.813,0.394,0.642,0.745,0.709,0.59,0.651,0.423,0.743,0.306,0.728,-0.585,0.453,0.686,0.74,-0.598,0.69,0.63,0.762,-0.595,-0.54,-0.399,0.575,0.484,0.601,0.693,0.711,0.688,-0.204,0.25,-0.293,0.726,0.759
AMPH,0.742,-0.208,0.401,0.755,0.537,0.592,0.726,0.037,0.0,0.414,0.064,0.025,0.626,0.058,0.053,0.657,0.175,0.085,-0.397,-0.294,-0.297,0.331,-0.325,0.078,0.67,-0.006,0.073,0.625,0.329,0.84,0.776,0.758,-0.029,0.792,-0.076,0.379,0.7,0.385,0.019,0.034,0.366,0.147,0.197,0.719,0.181,0.482,-0.369,0.614,0.459,0.032,-0.241,-0.047,0.742,0.45,0.298,-0.372,-0.275,0.648,-0.453,0.043,0.762,0.295,0.612,0.468,0.537,0.644,-0.006,0.128,0.728,0.527,-0.366,-0.093,0.242,-0.139,0.267,-0.041,0.241,0.081,0.604,0.338,0.119,0.138,-0.049,0.846,-0.105,-0.08,0.145,-0.346,0.461,0.312,-0.222,0.069,-0.167,0.056,0.358,0.166,0.386,0.414,0.453,0.53,-0.087,0.015,0.758,-0.285,0.602,0.313,0.524,0.502,0.225,-0.424,0.167,0.843,0.695,-0.298,-0.063,-0.289,0.774,0.204,0.275,0.469,0.746,0.379,0.65,-0.235,0.108,0.23,0.134,0.481,0.853,-0.056,0.118,-0.075,0.265,-0.226,0.546,0.171,0.761,0.005,-0.343,0.835,-0.224,-0.027,-0.041,0.494,0.707,-0.335,-0.502,0.672,-0.351,-0.381,0.2,-0.24,0.331,0.026,0.594,0.71,0.362,0.452,0.325,-0.322,0.082,-0.04,0.67,0.499,0.409,0.094,0.561,-0.143,0.048,0.03,-0.151,0.006,-0.093,-0.288,0.391,0.184,0.419,0.105,0.273,0.466,0.133,-0.412,0.265,-0.46,0.01,-0.027,0.53,0.69,0.65,0.079,0.603,0.118,0.13,-0.27,-0.042,0.773,-0.371,0.702,-0.028,0.309
AMZN,0.661,0.662,-0.337,0.704,0.246,0.71,0.624,0.634,0.414,0.0,0.729,0.838,0.181,-0.608,0.099,-0.089,0.816,0.774,0.521,0.511,0.27,-0.004,0.577,0.789,-0.038,0.727,0.853,0.895,0.763,0.217,0.403,0.211,0.717,0.274,0.788,-0.007,0.044,0.669,0.831,0.422,0.909,0.878,0.925,0.386,0.672,0.114,0.546,0.81,0.466,0.314,0.484,0.694,0.691,0.733,0.939,0.567,0.549,0.738,0.401,-0.318,0.018,0.917,-0.09,-0.263,0.59,0.86,0.825,-0.561,-0.004,-0.011,0.431,0.778,0.755,-0.452,0.838,-0.638,0.916,0.825,0.863,0.792,-0.698,0.812,0.622,0.258,0.699,0.738,0.772,0.547,0.365,0.061,0.517,0.821,0.654,-0.061,0.894,0.768,0.863,0.861,-0.295,0.641,0.742,0.768,0.466,0.545,0.872,-0.555,-0.374,0.44,0.827,0.484,0.086,0.357,0.324,0.634,0.745,0.584,0.196,0.771,0.815,0.819,0.622,0.7,0.771,0.605,0.646,0.735,0.848,0.584,0.405,0.749,0.837,0.789,0.878,0.293,0.549,0.916,0.824,0.807,0.527,0.351,0.66,0.58,0.788,0.838,0.022,0.554,0.227,0.831,0.469,0.501,0.798,0.674,0.745,0.784,0.831,0.764,0.609,0.033,0.883,0.426,0.865,0.806,0.094,0.851,0.9,0.864,0.888,0.698,0.599,0.801,0.743,0.663,0.588,0.596,0.758,0.874,0.686,0.845,-0.614,0.713,0.818,0.486,-0.541,0.419,0.701,0.803,-0.321,0.011,0.006,0.375,0.857,0.748,0.887,0.636,0.71,0.33,0.097,0.275,0.829,0.875
ANIP,0.32,0.768,-0.357,0.325,-0.072,0.301,0.292,0.832,0.064,0.729,0.0,0.705,-0.007,-0.709,-0.09,-0.395,0.673,0.603,0.709,0.716,0.359,-0.367,0.727,0.619,-0.391,0.836,0.751,0.62,0.64,-0.155,-0.153,-0.197,0.675,-0.06,0.799,-0.261,-0.311,0.697,0.821,0.444,0.73,0.794,0.823,-0.107,0.673,0.127,0.718,0.411,0.21,0.124,0.52,0.807,0.255,0.367,0.721,0.722,0.528,0.495,0.572,-0.348,-0.393,0.654,-0.468,-0.554,0.242,0.503,0.815,-0.555,-0.402,-0.258,0.541,0.801,0.609,-0.499,0.752,-0.463,0.74,0.662,0.43,0.68,-0.721,0.86,0.703,-0.169,0.642,0.797,0.541,0.605,0.053,-0.02,0.608,0.791,0.708,0.04,0.746,0.717,0.621,0.61,-0.709,0.36,0.702,0.634,0.088,0.723,0.488,-0.579,-0.62,0.153,0.761,0.617,0.234,-0.026,-0.052,0.722,0.657,0.632,-0.131,0.761,0.728,0.392,0.267,0.649,0.366,0.733,0.465,0.658,0.649,0.445,-0.065,0.674,0.714,0.797,0.661,0.479,0.394,0.791,0.476,0.762,0.807,-0.038,0.707,0.689,0.796,0.552,-0.217,0.781,0.432,0.481,0.572,0.72,0.662,0.743,0.631,0.639,0.469,0.39,0.568,-0.065,0.588,0.469,0.695,0.691,-0.178,0.539,0.678,0.838,0.631,0.784,0.465,0.64,0.781,0.704,0.555,0.685,0.446,0.756,0.405,0.751,-0.61,0.512,0.709,0.699,-0.601,0.632,0.581,0.754,-0.549,-0.426,-0.21,0.572,0.539,0.683,0.727,0.704,0.626,-0.118,0.154,-0.164,0.755,0.776
AOSL,0.319,0.813,-0.712,0.403,-0.047,0.481,0.432,0.67,0.025,0.838,0.705,0.0,-0.113,-0.764,0.025,-0.461,0.828,0.807,0.758,0.677,0.453,-0.063,0.778,0.814,-0.375,0.752,0.937,0.652,0.659,-0.222,0.082,-0.192,0.877,-0.128,0.938,-0.327,-0.269,0.412,0.883,0.368,0.827,0.89,0.859,0.126,0.619,-0.27,0.793,0.619,0.271,0.455,0.73,0.764,0.346,0.621,0.912,0.802,0.869,0.466,0.675,-0.443,-0.29,0.882,-0.438,-0.578,0.367,0.63,0.911,-0.728,-0.34,-0.309,0.683,0.931,0.862,-0.439,0.742,-0.786,0.92,0.805,0.664,0.619,-0.899,0.717,0.639,-0.163,0.809,0.825,0.794,0.792,0.157,-0.181,0.637,0.838,0.863,-0.201,0.755,0.799,0.76,0.747,-0.48,0.344,0.839,0.933,0.15,0.736,0.688,-0.838,-0.666,0.283,0.684,0.768,-0.214,-0.031,-0.033,0.879,0.866,0.836,-0.224,0.652,0.74,0.709,0.274,0.482,0.574,0.708,0.771,0.56,0.896,0.444,0.037,0.909,0.843,0.903,0.814,0.325,0.179,0.933,0.537,0.923,0.751,-0.004,0.893,0.584,0.845,0.659,-0.469,0.772,0.543,0.517,0.749,0.743,0.796,0.892,0.636,0.955,0.603,0.499,0.464,-0.414,0.822,0.605,0.962,0.955,-0.286,0.681,0.747,0.854,0.644,0.842,0.673,0.896,0.871,0.724,0.792,0.762,0.671,0.923,0.579,0.899,-0.819,0.526,0.882,0.731,-0.84,0.686,0.836,0.941,-0.662,-0.315,-0.44,0.263,0.604,0.719,0.953,0.881,0.86,0.012,0.411,0.017,0.947,0.769
APDN,0.453,-0.057,0.313,0.461,0.458,0.058,0.663,0.034,0.626,0.181,-0.007,-0.113,0.0,0.03,0.027,0.233,0.146,-0.101,-0.419,-0.233,-0.135,0.213,-0.36,-0.168,0.579,0.134,0.03,0.379,0.159,0.589,0.552,0.624,-0.052,0.598,-0.124,0.153,0.488,0.217,-0.045,-0.216,0.2,0.039,0.147,0.439,-0.048,0.313,-0.299,0.422,0.156,-0.077,-0.147,-0.066,0.487,0.038,0.089,-0.284,-0.205,0.666,-0.304,-0.077,0.461,0.184,0.432,0.314,0.324,0.524,0.005,0.235,0.461,0.305,-0.223,-0.127,-0.032,-0.329,0.17,-0.042,0.087,-0.109,0.258,0.183,0.1,0.104,0.019,0.696,-0.137,0.012,-0.107,-0.333,0.462,0.427,-0.326,-0.111,-0.108,-0.162,0.059,0.123,0.278,0.366,0.238,0.154,-0.237,0.021,0.574,-0.287,0.406,0.312,0.51,0.19,0.062,-0.457,0.029,0.603,0.547,-0.343,-0.163,-0.29,0.432,0.005,-0.056,0.233,0.643,0.243,0.256,-0.123,0.086,0.097,-0.042,0.371,0.377,-0.128,0.135,-0.151,0.162,-0.223,0.265,0.045,0.398,-0.106,-0.313,0.575,-0.295,-0.219,0.049,0.249,0.548,-0.361,-0.432,0.447,-0.369,-0.334,0.246,-0.25,0.31,-0.025,0.167,0.579,0.351,0.271,0.044,-0.21,-0.064,-0.126,0.526,0.29,0.076,-0.07,0.277,-0.143,-0.336,-0.11,-0.23,0.062,-0.221,-0.347,0.201,0.013,0.353,-0.027,0.279,0.355,-0.04,-0.359,0.308,-0.38,-0.072,-0.151,0.496,0.47,0.338,0.082,0.468,-0.073,-0.065,-0.299,-0.046,0.555,-0.211,0.496,-0.106,0.245
APLT,-0.217,-0.74,0.597,-0.293,0.253,-0.18,-0.322,-0.732,0.058,-0.608,-0.709,-0.764,0.03,0.0,-0.044,0.545,-0.68,-0.602,-0.695,-0.679,-0.289,0.285,-0.784,-0.532,0.454,-0.772,-0.798,-0.487,-0.546,0.288,0.08,0.323,-0.785,0.145,-0.829,0.581,0.348,-0.454,-0.764,-0.267,-0.739,-0.743,-0.731,0.042,-0.579,0.18,-0.729,-0.44,-0.182,-0.186,-0.668,-0.751,-0.21,-0.273,-0.731,-0.727,-0.784,-0.432,-0.618,0.569,0.426,-0.639,0.567,0.679,-0.23,-0.442,-0.829,0.606,0.456,0.262,-0.6,-0.846,-0.668,0.673,-0.688,0.674,-0.76,-0.518,-0.395,-0.499,0.858,-0.673,-0.513,0.243,-0.624,-0.785,-0.558,-0.608,-0.104,0.21,-0.543,-0.748,-0.774,0.154,-0.65,-0.714,-0.674,-0.557,0.644,-0.245,-0.63,-0.788,-0.083,-0.75,-0.499,0.662,0.657,-0.221,-0.548,-0.632,0.256,0.142,0.096,-0.751,-0.694,-0.712,0.195,-0.6,-0.598,-0.393,-0.144,-0.509,-0.333,-0.674,-0.541,-0.43,-0.641,-0.544,0.205,-0.73,-0.664,-0.765,-0.566,-0.326,-0.224,-0.785,-0.348,-0.79,-0.773,0.107,-0.765,-0.609,-0.712,-0.5,0.481,-0.729,-0.491,-0.316,-0.564,-0.719,-0.61,-0.79,-0.649,-0.754,-0.303,-0.369,-0.605,0.414,-0.479,-0.459,-0.742,-0.748,0.256,-0.526,-0.484,-0.74,-0.489,-0.782,-0.479,-0.651,-0.706,-0.732,-0.537,-0.605,-0.426,-0.834,-0.342,-0.769,0.664,-0.47,-0.734,-0.703,0.774,-0.634,-0.734,-0.754,0.67,0.467,0.462,-0.434,-0.514,-0.642,-0.761,-0.761,-0.721,0.083,-0.264,0.155,-0.759,-0.723
APVO,0.095,-0.101,0.116,0.235,0.23,0.067,-0.045,-0.158,0.053,0.099,-0.09,0.025,0.027,-0.044,0.0,0.02,0.02,0.158,-0.188,-0.088,-0.056,0.136,0.019,0.05,0.059,0.048,0.027,0.076,0.227,0.175,0.326,0.221,-0.028,0.169,-0.051,0.108,0.118,-0.119,0.046,0.061,-0.032,0.056,0.093,0.249,0.06,0.056,-0.065,0.16,0.165,-0.216,-0.081,-0.106,0.296,0.012,-0.012,-0.056,-0.054,0.196,0.057,0.017,0.003,0.052,0.256,0.264,0.155,0.162,-0.029,0.221,0.115,0.159,-0.071,-0.066,-0.05,0.02,0.072,-0.141,0.049,0.083,0.101,0.056,0.012,0.049,0.113,0.293,-0.118,-0.093,-0.119,0.015,0.26,0.035,-0.03,0.028,-0.037,0.099,0.019,-0.098,0.16,0.152,0.069,0.347,0.032,0.009,0.299,-0.1,0.142,0.022,0.183,0.113,0.164,-0.064,0.026,0.265,0.315,-0.064,0.137,-0.02,0.204,0.122,0.007,0.205,0.155,0.084,-0.038,0.068,-0.101,0.177,0.024,0.102,0.042,-0.051,0.015,-0.018,0.163,0.046,0.19,0.028,0.092,0.02,-0.167,0.182,-0.16,-0.082,0.001,0.197,0.163,-0.102,-0.237,0.102,-0.185,-0.169,-0.055,-0.098,0.171,-0.0,0.118,0.214,0.135,0.219,0.059,0.227,0.045,-0.067,0.163,0.207,-0.019,0.001,0.152,-0.037,0.132,-0.02,-0.052,-0.042,-0.1,0.013,0.161,0.011,0.077,0.083,0.126,0.254,-0.11,-0.107,0.152,-0.091,-0.027,-0.043,0.185,0.249,0.072,0.073,0.317,0.172,0.054,-0.077,-0.066,0.211,-0.108,0.115,0.005,0.089
ARGX,0.386,-0.694,0.693,0.345,0.501,0.481,0.177,-0.492,0.657,-0.089,-0.395,-0.461,0.233,0.545,0.02,0.0,-0.411,-0.268,-0.624,-0.654,-0.439,0.394,-0.689,-0.168,0.705,-0.586,-0.493,0.134,-0.053,0.798,0.556,0.636,-0.526,0.634,-0.573,0.658,0.701,-0.012,-0.427,0.004,-0.188,-0.385,-0.378,0.507,-0.153,0.573,-0.731,0.072,0.43,-0.124,-0.681,-0.541,0.379,0.27,-0.23,-0.737,-0.689,0.013,-0.747,0.388,0.788,-0.267,0.813,0.781,0.255,0.132,-0.543,0.41,0.803,0.635,-0.712,-0.595,-0.287,0.464,-0.247,0.451,-0.313,-0.258,0.235,-0.041,0.629,-0.326,-0.441,0.69,-0.485,-0.593,-0.182,-0.63,0.189,0.232,-0.426,-0.359,-0.7,0.333,-0.021,-0.357,-0.228,-0.17,0.762,0.354,-0.45,-0.525,0.503,-0.625,0.063,0.608,0.695,0.436,-0.194,-0.663,0.254,0.617,0.481,-0.659,-0.472,-0.63,0.797,-0.162,-0.114,0.058,0.309,-0.079,0.341,-0.61,-0.297,-0.1,-0.359,-0.033,0.767,-0.518,-0.431,-0.528,-0.206,-0.277,0.323,-0.39,0.357,-0.475,-0.696,0.603,-0.549,-0.276,-0.561,0.052,0.781,-0.657,-0.613,0.245,-0.607,-0.676,-0.383,-0.655,-0.28,-0.523,0.294,0.192,-0.181,0.644,-0.086,-0.635,-0.414,-0.466,0.612,-0.024,0.052,-0.396,0.108,-0.584,-0.08,-0.416,-0.502,-0.399,-0.425,-0.521,0.041,-0.338,-0.06,-0.398,0.569,0.002,-0.288,-0.72,0.638,-0.724,-0.396,-0.489,0.713,0.763,0.859,-0.129,0.038,-0.225,-0.373,-0.636,-0.57,0.57,-0.428,0.576,-0.488,-0.259
ARLP,0.525,0.754,-0.585,0.54,-0.003,0.359,0.52,0.725,0.175,0.816,0.673,0.828,0.146,-0.68,0.02,-0.411,0.0,0.685,0.577,0.517,0.264,-0.126,0.678,0.594,-0.162,0.742,0.852,0.643,0.523,-0.037,0.231,0.078,0.783,0.114,0.786,-0.347,-0.047,0.563,0.805,0.169,0.78,0.763,0.856,0.301,0.455,-0.277,0.627,0.736,0.049,0.386,0.757,0.721,0.454,0.569,0.858,0.621,0.702,0.678,0.454,-0.522,-0.122,0.878,-0.341,-0.457,0.528,0.666,0.839,-0.636,-0.154,-0.132,0.543,0.812,0.749,-0.538,0.718,-0.749,0.874,0.639,0.637,0.578,-0.754,0.772,0.521,0.012,0.656,0.794,0.789,0.536,0.389,-0.083,0.435,0.695,0.763,-0.402,0.685,0.857,0.887,0.803,-0.396,0.348,0.662,0.84,0.269,0.56,0.755,-0.623,-0.454,0.22,0.63,0.546,-0.146,0.151,0.196,0.694,0.717,0.648,-0.152,0.535,0.73,0.688,0.503,0.6,0.584,0.569,0.628,0.487,0.929,0.602,0.122,0.784,0.802,0.752,0.784,0.076,0.26,0.89,0.515,0.783,0.59,0.183,0.695,0.469,0.81,0.661,-0.272,0.574,0.316,0.661,0.529,0.554,0.854,0.734,0.79,0.877,0.54,0.62,0.565,-0.305,0.747,0.499,0.853,0.802,-0.037,0.782,0.623,0.81,0.679,0.677,0.443,0.849,0.677,0.552,0.59,0.509,0.587,0.817,0.67,0.768,-0.562,0.628,0.801,0.548,-0.673,0.496,0.701,0.825,-0.407,-0.146,-0.384,0.195,0.727,0.518,0.874,0.725,0.872,0.206,0.192,0.161,0.777,0.737
ATEX,0.274,0.718,-0.424,0.371,0.097,0.559,0.405,0.619,0.085,0.774,0.603,0.807,-0.101,-0.602,0.158,-0.268,0.685,0.0,0.655,0.628,0.441,-0.028,0.672,0.82,-0.307,0.706,0.834,0.662,0.729,-0.082,0.113,-0.133,0.753,-0.117,0.814,-0.059,-0.275,0.427,0.853,0.581,0.778,0.832,0.767,0.113,0.722,0.004,0.738,0.54,0.402,0.305,0.619,0.714,0.444,0.621,0.767,0.73,0.639,0.402,0.625,-0.158,-0.278,0.72,-0.225,-0.451,0.288,0.585,0.815,-0.497,-0.311,-0.326,0.619,0.799,0.759,-0.333,0.763,-0.511,0.825,0.798,0.643,0.597,-0.745,0.682,0.738,0.001,0.762,0.751,0.679,0.754,0.034,0.007,0.715,0.827,0.732,0.066,0.775,0.69,0.666,0.61,-0.416,0.564,0.828,0.706,0.26,0.673,0.624,-0.688,-0.584,0.24,0.805,0.702,0.043,0.029,-0.023,0.752,0.777,0.722,-0.017,0.76,0.717,0.671,0.234,0.608,0.515,0.748,0.7,0.69,0.735,0.363,0.106,0.818,0.746,0.84,0.813,0.502,0.421,0.791,0.555,0.852,0.643,-0.031,0.743,0.649,0.777,0.7,-0.249,0.722,0.463,0.51,0.683,0.658,0.616,0.783,0.636,0.726,0.616,0.485,0.448,-0.124,0.787,0.646,0.853,0.795,-0.253,0.66,0.788,0.819,0.667,0.79,0.738,0.788,0.818,0.684,0.712,0.778,0.735,0.786,0.402,0.835,-0.658,0.568,0.734,0.671,-0.634,0.643,0.693,0.815,-0.575,-0.238,-0.196,0.42,0.595,0.798,0.803,0.76,0.694,-0.025,0.432,-0.029,0.853,0.786
ATRA,-0.067,0.872,-0.648,-0.101,-0.333,0.158,0.005,0.74,-0.397,0.521,0.709,0.758,-0.419,-0.695,-0.188,-0.624,0.577,0.655,0.0,0.882,0.587,-0.448,0.915,0.63,-0.742,0.711,0.751,0.272,0.466,-0.614,-0.49,-0.647,0.777,-0.572,0.853,-0.466,-0.709,0.37,0.811,0.524,0.599,0.706,0.665,-0.427,0.667,-0.199,0.932,0.143,0.017,0.281,0.705,0.836,-0.149,0.261,0.602,0.932,0.76,0.022,0.846,-0.302,-0.694,0.493,-0.756,-0.828,-0.037,0.178,0.819,-0.664,-0.756,-0.624,0.823,0.87,0.673,-0.413,0.622,-0.44,0.697,0.661,0.221,0.427,-0.794,0.636,0.689,-0.573,0.767,0.82,0.605,0.826,-0.308,-0.083,0.821,0.793,0.823,0.051,0.55,0.663,0.406,0.309,-0.783,0.112,0.806,0.697,-0.323,0.921,0.208,-0.789,-0.951,-0.048,0.602,0.936,0.04,-0.516,-0.495,0.927,0.737,0.863,-0.491,0.617,0.614,0.202,-0.218,0.42,0.143,0.837,0.582,0.503,0.622,0.124,-0.384,0.805,0.665,0.871,0.548,0.585,0.045,0.704,0.148,0.81,0.936,-0.513,0.911,0.742,0.772,0.348,-0.67,0.935,0.824,0.102,0.896,0.954,0.501,0.911,0.391,0.677,0.171,0.033,0.301,-0.372,0.507,0.709,0.728,0.791,-0.643,0.291,0.528,0.81,0.34,0.895,0.574,0.69,0.905,0.756,0.767,0.873,0.342,0.698,0.107,0.739,-0.82,0.201,0.692,0.941,-0.774,0.933,0.694,0.831,-0.884,-0.768,-0.58,0.493,0.171,0.652,0.709,0.899,0.681,-0.528,0.461,-0.489,0.81,0.603
AUTL,-0.09,0.88,-0.484,-0.101,-0.343,0.082,0.07,0.761,-0.294,0.511,0.716,0.677,-0.233,-0.679,-0.088,-0.654,0.517,0.628,0.882,0.0,0.605,-0.535,0.868,0.57,-0.748,0.829,0.765,0.297,0.557,-0.554,-0.472,-0.638,0.779,-0.552,0.827,-0.469,-0.78,0.411,0.77,0.571,0.628,0.774,0.69,-0.448,0.781,-0.045,0.933,0.176,0.012,0.04,0.669,0.901,-0.122,0.101,0.539,0.945,0.66,0.139,0.904,-0.21,-0.757,0.43,-0.734,-0.847,-0.147,0.212,0.812,-0.45,-0.807,-0.682,0.848,0.839,0.615,-0.606,0.744,-0.38,0.683,0.666,0.159,0.385,-0.798,0.644,0.813,-0.45,0.759,0.852,0.446,0.812,-0.381,0.099,0.834,0.838,0.834,0.187,0.523,0.572,0.424,0.279,-0.885,0.154,0.819,0.645,-0.246,0.938,0.219,-0.694,-0.883,-0.116,0.718,0.886,0.246,-0.467,-0.465,0.861,0.676,0.766,-0.383,0.727,0.539,0.148,-0.181,0.549,0.006,0.937,0.561,0.642,0.506,0.124,-0.432,0.743,0.695,0.876,0.5,0.739,0.225,0.658,0.173,0.81,0.928,-0.51,0.798,0.784,0.801,0.446,-0.566,0.922,0.778,0.071,0.817,0.936,0.439,0.874,0.494,0.597,0.115,0.077,0.473,-0.238,0.449,0.777,0.677,0.674,-0.62,0.324,0.526,0.799,0.351,0.937,0.496,0.561,0.86,0.827,0.689,0.884,0.373,0.637,0.0,0.786,-0.777,0.282,0.608,0.957,-0.669,0.933,0.609,0.749,-0.834,-0.797,-0.528,0.659,0.259,0.73,0.646,0.806,0.605,-0.556,0.364,-0.585,0.788,0.71
AVDL,-0.183,0.584,-0.43,-0.223,-0.093,0.093,0.09,0.316,-0.297,0.27,0.359,0.453,-0.135,-0.289,-0.056,-0.439,0.264,0.441,0.587,0.605,0.0,-0.063,0.436,0.411,-0.36,0.452,0.474,0.119,0.304,-0.35,-0.336,-0.397,0.496,-0.451,0.472,-0.171,-0.539,-0.056,0.488,0.286,0.278,0.423,0.357,-0.291,0.431,-0.13,0.62,0.048,0.08,0.167,0.439,0.495,-0.156,0.076,0.288,0.63,0.452,-0.086,0.648,0.028,-0.445,0.244,-0.357,-0.427,-0.057,0.146,0.47,-0.266,-0.533,-0.52,0.554,0.474,0.321,-0.133,0.363,-0.262,0.377,0.463,0.096,0.2,-0.426,0.35,0.6,-0.326,0.544,0.473,0.363,0.578,-0.308,0.189,0.478,0.414,0.475,0.088,0.245,0.266,0.142,0.119,-0.421,0.003,0.466,0.406,-0.174,0.487,0.067,-0.569,-0.541,0.014,0.353,0.609,0.055,-0.385,-0.441,0.534,0.432,0.475,-0.338,0.345,0.188,0.177,-0.159,0.155,-0.093,0.612,0.493,0.397,0.285,-0.113,-0.342,0.496,0.462,0.518,0.338,0.498,-0.019,0.351,0.064,0.501,0.526,-0.424,0.533,0.314,0.529,0.226,-0.412,0.558,0.548,0.031,0.633,0.635,0.239,0.562,0.18,0.362,0.029,-0.036,-0.001,-0.199,0.306,0.582,0.424,0.515,-0.428,0.055,0.305,0.415,0.098,0.549,0.345,0.369,0.576,0.548,0.537,0.586,0.376,0.305,-0.02,0.462,-0.555,0.129,0.339,0.586,-0.365,0.637,0.406,0.459,-0.535,-0.454,-0.374,0.27,0.036,0.437,0.349,0.487,0.337,-0.433,0.522,-0.264,0.509,0.337
BCRX,0.095,-0.346,0.028,0.296,0.272,0.336,0.415,-0.407,0.331,-0.004,-0.367,-0.063,0.213,0.285,0.136,0.394,-0.126,-0.028,-0.448,-0.535,-0.063,0.0,-0.487,0.077,0.651,-0.393,-0.127,0.084,-0.021,0.454,0.542,0.474,-0.112,0.438,-0.254,0.347,0.533,-0.423,-0.216,-0.329,-0.09,-0.152,-0.164,0.511,-0.334,-0.124,-0.4,0.296,0.402,0.149,-0.131,-0.402,0.375,0.291,0.01,-0.396,-0.077,0.06,-0.401,0.217,0.587,0.07,0.559,0.573,0.35,0.217,-0.274,0.094,0.595,0.424,-0.434,-0.273,-0.077,0.429,-0.241,-0.192,-0.112,-0.034,0.247,-0.092,0.228,-0.296,-0.274,0.423,-0.134,-0.441,-0.019,-0.217,0.403,-0.079,-0.403,-0.311,-0.315,-0.162,0.01,-0.3,0.012,0.053,0.67,0.1,-0.28,-0.007,0.473,-0.477,0.271,0.128,0.511,0.449,-0.245,-0.342,-0.444,0.463,0.435,-0.342,-0.116,-0.34,0.38,-0.24,-0.161,0.415,0.35,-0.356,0.272,-0.435,0.098,-0.131,-0.039,0.006,0.382,-0.078,-0.14,-0.308,-0.049,-0.386,0.033,-0.125,0.231,-0.15,-0.465,0.452,-0.235,-0.483,-0.236,0.132,0.226,-0.404,-0.408,0.149,-0.307,-0.45,-0.125,-0.268,-0.056,0.009,0.297,0.261,-0.262,-0.025,0.123,-0.307,-0.029,-0.071,0.407,0.066,0.001,-0.3,-0.07,-0.357,0.125,-0.04,-0.317,-0.308,-0.215,-0.297,0.257,-0.087,0.2,-0.12,0.138,0.135,-0.029,-0.503,0.173,-0.491,-0.073,-0.177,0.403,0.641,0.281,-0.537,0.139,-0.093,-0.054,-0.331,-0.155,0.567,0.179,0.625,-0.137,-0.219
BHAT,0.052,0.864,-0.606,0.046,-0.342,0.118,0.023,0.781,-0.325,0.577,0.727,0.778,-0.36,-0.784,0.019,-0.689,0.678,0.672,0.915,0.868,0.436,-0.487,0.0,0.578,-0.73,0.771,0.802,0.319,0.464,-0.559,-0.353,-0.545,0.784,-0.457,0.876,-0.513,-0.634,0.463,0.813,0.489,0.653,0.756,0.732,-0.314,0.666,-0.226,0.905,0.261,-0.044,0.202,0.747,0.839,-0.016,0.216,0.657,0.911,0.775,0.196,0.831,-0.395,-0.665,0.578,-0.746,-0.814,0.036,0.229,0.848,-0.643,-0.702,-0.518,0.791,0.902,0.7,-0.563,0.69,-0.545,0.742,0.657,0.276,0.438,-0.848,0.692,0.67,-0.51,0.782,0.856,0.603,0.815,-0.13,-0.165,0.803,0.832,0.862,-0.056,0.557,0.701,0.567,0.42,-0.808,0.185,0.81,0.734,-0.258,0.898,0.309,-0.714,-0.889,-0.079,0.654,0.886,0.016,-0.403,-0.323,0.91,0.801,0.859,-0.437,0.657,0.662,0.263,-0.103,0.567,0.164,0.84,0.517,0.511,0.708,0.303,-0.35,0.817,0.706,0.879,0.593,0.501,0.133,0.775,0.171,0.831,0.908,-0.385,0.85,0.74,0.788,0.407,-0.624,0.906,0.691,0.176,0.804,0.881,0.574,0.897,0.532,0.734,0.219,0.133,0.494,-0.385,0.51,0.753,0.768,0.776,-0.524,0.453,0.507,0.84,0.418,0.887,0.54,0.727,0.862,0.707,0.689,0.82,0.334,0.754,0.201,0.785,-0.763,0.328,0.68,0.916,-0.793,0.88,0.696,0.823,-0.837,-0.707,-0.594,0.494,0.327,0.663,0.779,0.889,0.754,-0.404,0.3,-0.45,0.813,0.68
BLBD,0.247,0.64,-0.457,0.371,0.108,0.677,0.37,0.484,0.078,0.789,0.619,0.814,-0.168,-0.532,0.05,-0.168,0.594,0.82,0.63,0.57,0.411,0.077,0.578,0.0,-0.268,0.628,0.782,0.668,0.775,-0.052,0.071,-0.131,0.697,-0.093,0.784,0.027,-0.254,0.343,0.807,0.529,0.733,0.827,0.745,0.118,0.654,0.021,0.669,0.518,0.494,0.353,0.493,0.62,0.352,0.737,0.774,0.68,0.615,0.327,0.561,-0.154,-0.242,0.72,-0.194,-0.344,0.301,0.607,0.751,-0.534,-0.234,-0.259,0.557,0.752,0.68,-0.147,0.683,-0.503,0.799,0.845,0.663,0.62,-0.689,0.622,0.665,-0.024,0.715,0.654,0.649,0.731,-0.004,-0.025,0.635,0.783,0.652,0.163,0.804,0.585,0.562,0.585,-0.348,0.53,0.816,0.692,0.232,0.621,0.587,-0.733,-0.55,0.371,0.748,0.673,0.024,0.03,-0.03,0.745,0.763,0.682,0.002,0.714,0.697,0.67,0.225,0.414,0.563,0.672,0.669,0.696,0.694,0.223,0.17,0.759,0.697,0.814,0.776,0.522,0.374,0.752,0.61,0.828,0.626,-0.007,0.769,0.611,0.759,0.689,-0.248,0.703,0.474,0.473,0.655,0.623,0.568,0.75,0.466,0.711,0.7,0.444,0.313,-0.114,0.837,0.503,0.834,0.805,-0.262,0.564,0.839,0.758,0.644,0.74,0.769,0.751,0.819,0.648,0.692,0.795,0.699,0.758,0.41,0.815,-0.74,0.489,0.784,0.615,-0.62,0.584,0.679,0.811,-0.544,-0.19,-0.122,0.336,0.524,0.798,0.797,0.737,0.604,0.005,0.411,0.031,0.861,0.688
BMRN,0.486,-0.553,0.427,0.488,0.528,0.299,0.483,-0.446,0.67,-0.038,-0.391,-0.375,0.579,0.454,0.059,0.705,-0.162,-0.307,-0.742,-0.748,-0.36,0.651,-0.73,-0.268,0.0,-0.478,-0.367,0.181,-0.176,0.849,0.76,0.864,-0.41,0.803,-0.528,0.507,0.881,-0.112,-0.395,-0.428,-0.148,-0.379,-0.246,0.704,-0.442,0.216,-0.743,0.313,0.287,0.075,-0.443,-0.515,0.54,0.202,-0.113,-0.733,-0.486,0.309,-0.77,0.139,0.898,-0.041,0.832,0.81,0.484,0.298,-0.441,0.362,0.905,0.73,-0.695,-0.537,-0.305,0.327,-0.296,0.086,-0.258,-0.32,0.271,-0.043,0.54,-0.256,-0.467,0.762,-0.441,-0.54,-0.111,-0.669,0.569,0.181,-0.674,-0.489,-0.585,-0.182,-0.071,-0.25,0.016,0.087,0.819,0.169,-0.565,-0.3,0.661,-0.762,0.289,0.531,0.854,0.429,-0.302,-0.762,-0.127,0.759,0.7,-0.688,-0.39,-0.654,0.661,-0.351,-0.239,0.266,0.628,-0.167,0.351,-0.653,-0.149,-0.218,-0.198,0.173,0.679,-0.432,-0.317,-0.569,-0.121,-0.61,0.181,-0.267,0.324,-0.47,-0.76,0.75,-0.571,-0.598,-0.443,0.074,0.725,-0.754,-0.743,0.401,-0.69,-0.748,-0.108,-0.616,-0.026,-0.291,0.245,0.424,-0.151,0.349,-0.057,-0.613,-0.321,-0.35,0.786,0.119,-0.095,-0.419,0.075,-0.629,-0.283,-0.247,-0.571,-0.443,-0.521,-0.686,0.097,-0.275,0.268,-0.391,0.575,0.154,-0.256,-0.807,0.56,-0.812,-0.332,-0.444,0.823,0.904,0.631,-0.444,0.248,-0.362,-0.299,-0.666,-0.33,0.801,-0.311,0.819,-0.451,-0.23
BNGO,0.242,0.89,-0.43,0.278,-0.065,0.16,0.353,0.825,-0.006,0.727,0.836,0.752,0.134,-0.772,0.048,-0.586,0.742,0.706,0.711,0.829,0.452,-0.393,0.771,0.628,-0.478,0.0,0.847,0.591,0.695,-0.25,-0.112,-0.241,0.765,-0.147,0.862,-0.388,-0.442,0.62,0.843,0.381,0.766,0.867,0.891,-0.119,0.715,0.031,0.826,0.477,0.14,0.092,0.63,0.869,0.263,0.246,0.716,0.829,0.64,0.588,0.729,-0.371,-0.534,0.691,-0.536,-0.661,0.202,0.544,0.9,-0.46,-0.534,-0.43,0.7,0.865,0.627,-0.715,0.836,-0.54,0.804,0.682,0.398,0.636,-0.828,0.841,0.811,-0.135,0.704,0.916,0.496,0.702,0.042,0.1,0.655,0.831,0.834,-0.014,0.689,0.751,0.677,0.655,-0.797,0.333,0.754,0.736,0.088,0.792,0.528,-0.64,-0.648,0.015,0.816,0.673,0.163,-0.061,-0.069,0.778,0.713,0.709,-0.218,0.78,0.645,0.404,0.267,0.685,0.257,0.881,0.54,0.696,0.666,0.45,-0.207,0.736,0.831,0.867,0.711,0.563,0.363,0.824,0.411,0.83,0.818,-0.125,0.711,0.705,0.932,0.588,-0.31,0.804,0.478,0.436,0.629,0.778,0.71,0.81,0.747,0.717,0.355,0.45,0.676,-0.147,0.588,0.665,0.748,0.733,-0.259,0.58,0.633,0.864,0.608,0.881,0.401,0.648,0.81,0.8,0.595,0.741,0.497,0.781,0.406,0.825,-0.682,0.574,0.693,0.784,-0.641,0.734,0.636,0.793,-0.594,-0.512,-0.372,0.63,0.616,0.723,0.745,0.767,0.698,-0.162,0.254,-0.235,0.82,0.859
BUSE,0.332,0.871,-0.634,0.399,-0.054,0.455,0.516,0.762,0.073,0.853,0.751,0.937,0.03,-0.798,0.027,-0.493,0.852,0.834,0.751,0.765,0.474,-0.127,0.802,0.782,-0.367,0.847,0.0,0.692,0.709,-0.193,0.058,-0.196,0.931,-0.126,0.961,-0.346,-0.334,0.481,0.924,0.426,0.908,0.959,0.911,0.097,0.711,-0.169,0.839,0.658,0.261,0.338,0.783,0.869,0.367,0.553,0.906,0.848,0.837,0.545,0.722,-0.381,-0.341,0.858,-0.452,-0.642,0.315,0.663,0.962,-0.645,-0.399,-0.357,0.747,0.961,0.858,-0.592,0.878,-0.747,0.954,0.832,0.642,0.616,-0.929,0.791,0.743,-0.093,0.873,0.893,0.762,0.803,0.106,-0.036,0.7,0.902,0.906,-0.139,0.795,0.807,0.825,0.719,-0.569,0.404,0.884,0.92,0.2,0.795,0.724,-0.794,-0.676,0.247,0.79,0.781,-0.093,-0.035,-0.027,0.87,0.87,0.812,-0.146,0.754,0.743,0.686,0.303,0.632,0.517,0.811,0.804,0.693,0.857,0.502,0.004,0.94,0.903,0.95,0.826,0.438,0.354,0.94,0.565,0.97,0.8,-0.04,0.878,0.66,0.906,0.759,-0.415,0.813,0.571,0.523,0.742,0.779,0.777,0.924,0.75,0.919,0.566,0.551,0.583,-0.345,0.806,0.669,0.971,0.918,-0.284,0.728,0.781,0.905,0.68,0.911,0.654,0.873,0.894,0.81,0.764,0.796,0.709,0.917,0.49,0.967,-0.806,0.615,0.878,0.784,-0.812,0.734,0.818,0.934,-0.677,-0.363,-0.412,0.394,0.678,0.809,0.942,0.87,0.871,-0.019,0.388,-0.034,0.971,0.889
CAKE,0.745,0.44,-0.099,0.779,0.456,0.75,0.72,0.481,0.625,0.895,0.62,0.652,0.379,-0.487,0.076,0.134,0.643,0.662,0.272,0.297,0.119,0.084,0.319,0.668,0.181,0.591,0.692,0.0,0.743,0.441,0.547,0.407,0.504,0.449,0.622,0.199,0.243,0.665,0.671,0.396,0.841,0.755,0.784,0.489,0.595,0.339,0.317,0.765,0.604,0.284,0.245,0.497,0.782,0.714,0.825,0.332,0.329,0.793,0.191,-0.218,0.225,0.819,0.166,-0.066,0.59,0.907,0.664,-0.344,0.202,0.125,0.223,0.588,0.64,-0.363,0.734,-0.474,0.774,0.658,0.894,0.809,-0.532,0.68,0.517,0.49,0.531,0.57,0.619,0.357,0.392,0.165,0.35,0.678,0.458,0.035,0.823,0.672,0.752,0.849,-0.104,0.658,0.559,0.555,0.602,0.321,0.854,-0.336,-0.119,0.49,0.722,0.227,0.115,0.549,0.429,0.408,0.593,0.399,0.407,0.705,0.69,0.8,0.708,0.658,0.815,0.436,0.531,0.663,0.646,0.607,0.598,0.551,0.677,0.605,0.821,0.238,0.593,0.768,0.915,0.63,0.311,0.512,0.445,0.447,0.616,0.773,0.293,0.352,0.039,0.869,0.257,0.275,0.723,0.452,0.623,0.59,0.863,0.863,0.583,0.157,0.769,0.217,0.685,0.63,0.286,0.794,0.858,0.683,0.901,0.51,0.447,0.621,0.551,0.553,0.442,0.4,0.702,0.747,0.701,0.693,-0.367,0.711,0.65,0.259,-0.359,0.196,0.538,0.601,-0.122,0.226,0.285,0.361,0.849,0.655,0.697,0.423,0.513,0.476,-0.036,0.439,0.659,0.818
CASY,0.362,0.581,-0.144,0.466,0.279,0.61,0.517,0.558,0.329,0.763,0.64,0.659,0.159,-0.546,0.227,-0.053,0.523,0.729,0.466,0.557,0.304,-0.021,0.464,0.775,-0.176,0.695,0.709,0.743,0.0,0.133,0.179,0.005,0.629,0.073,0.666,0.003,-0.185,0.491,0.761,0.624,0.756,0.815,0.753,0.126,0.811,0.377,0.56,0.552,0.626,0.056,0.365,0.626,0.472,0.545,0.656,0.556,0.4,0.53,0.496,-0.082,-0.195,0.593,-0.061,-0.252,0.298,0.755,0.694,-0.239,-0.167,-0.232,0.47,0.636,0.633,-0.388,0.795,-0.348,0.77,0.753,0.592,0.68,-0.587,0.637,0.763,0.279,0.55,0.617,0.432,0.55,-0.006,0.335,0.607,0.756,0.572,0.408,0.775,0.561,0.56,0.59,-0.396,0.638,0.701,0.567,0.431,0.573,0.595,-0.499,-0.369,0.406,0.83,0.484,0.253,0.224,0.107,0.566,0.57,0.54,0.237,0.826,0.651,0.56,0.339,0.612,0.498,0.693,0.584,0.782,0.5,0.37,0.213,0.59,0.668,0.733,0.762,0.621,0.563,0.672,0.731,0.754,0.537,0.128,0.569,0.663,0.712,0.77,0.032,0.58,0.33,0.515,0.464,0.51,0.498,0.586,0.592,0.534,0.634,0.6,0.595,0.193,0.704,0.491,0.685,0.572,-0.119,0.613,0.805,0.72,0.74,0.716,0.623,0.503,0.693,0.71,0.546,0.688,0.782,0.7,0.331,0.789,-0.511,0.657,0.667,0.51,-0.351,0.479,0.576,0.654,-0.336,-0.125,0.076,0.678,0.676,0.83,0.656,0.545,0.41,0.08,0.21,0.038,0.731,0.813
CCOI,0.704,-0.445,0.562,0.698,0.636,0.531,0.535,-0.288,0.84,0.217,-0.155,-0.222,0.589,0.288,0.175,0.798,-0.037,-0.082,-0.614,-0.554,-0.35,0.454,-0.559,-0.052,0.849,-0.25,-0.193,0.441,0.133,0.0,0.843,0.89,-0.281,0.909,-0.352,0.539,0.855,0.213,-0.191,-0.101,0.104,-0.124,-0.026,0.76,-0.093,0.495,-0.619,0.467,0.456,-0.044,-0.434,-0.354,0.731,0.37,0.087,-0.609,-0.509,0.498,-0.676,0.127,0.856,0.098,0.833,0.75,0.61,0.495,-0.264,0.335,0.888,0.757,-0.623,-0.366,-0.144,0.165,0.019,0.101,-0.031,-0.118,0.497,0.194,0.39,-0.004,-0.263,0.871,-0.311,-0.343,0.019,-0.571,0.566,0.242,-0.449,-0.193,-0.495,0.076,0.207,-0.091,0.195,0.241,0.665,0.464,-0.345,-0.221,0.811,-0.565,0.449,0.497,0.745,0.558,0.035,-0.648,0.176,0.891,0.8,-0.563,-0.245,-0.552,0.842,0.005,0.053,0.378,0.742,0.192,0.551,-0.437,-0.106,0.064,-0.061,0.325,0.834,-0.31,-0.131,-0.348,0.095,-0.365,0.481,-0.064,0.608,-0.253,-0.611,0.858,-0.45,-0.266,-0.261,0.332,0.847,-0.59,-0.73,0.62,-0.632,-0.618,-0.007,-0.503,0.131,-0.216,0.509,0.601,0.137,0.569,0.148,-0.507,-0.159,-0.242,0.838,0.37,0.217,-0.172,0.407,-0.427,-0.076,-0.18,-0.376,-0.239,-0.407,-0.496,0.299,-0.071,0.332,-0.156,0.49,0.369,-0.063,-0.662,0.494,-0.699,-0.229,-0.297,0.757,0.882,0.785,-0.109,0.475,-0.097,-0.108,-0.524,-0.289,0.852,-0.462,0.804,-0.278,0.065
CEVA,0.752,-0.269,0.245,0.819,0.568,0.552,0.621,-0.216,0.776,0.403,-0.153,0.082,0.552,0.08,0.326,0.556,0.231,0.113,-0.49,-0.472,-0.336,0.542,-0.353,0.071,0.76,-0.112,0.058,0.547,0.179,0.843,0.0,0.88,-0.06,0.877,-0.114,0.384,0.833,0.176,-0.04,-0.187,0.265,0.065,0.18,0.888,-0.086,0.18,-0.449,0.683,0.442,0.124,-0.185,-0.241,0.872,0.46,0.325,-0.434,-0.159,0.65,-0.503,-0.095,0.802,0.4,0.709,0.61,0.736,0.635,-0.047,0.109,0.824,0.703,-0.459,-0.126,0.092,0.002,0.121,-0.281,0.188,0.04,0.679,0.281,0.116,0.077,-0.213,0.82,-0.109,-0.165,0.222,-0.338,0.766,0.062,-0.37,-0.04,-0.239,-0.21,0.284,0.096,0.452,0.507,0.633,0.471,-0.174,0.101,0.809,-0.442,0.674,0.26,0.624,0.547,0.09,-0.48,-0.151,0.898,0.868,-0.338,0.012,-0.3,0.693,0.046,0.154,0.647,0.83,0.203,0.668,-0.336,0.08,0.066,0.245,0.484,0.808,-0.06,0.081,-0.162,0.276,-0.459,0.368,0.198,0.643,-0.046,-0.508,0.889,-0.268,-0.263,-0.076,0.44,0.627,-0.471,-0.658,0.72,-0.473,-0.505,0.252,-0.284,0.299,0.131,0.62,0.75,0.234,0.282,0.33,-0.307,0.12,0.032,0.794,0.583,0.288,-0.015,0.493,-0.269,0.048,0.104,-0.233,-0.151,-0.237,-0.375,0.41,0.187,0.587,0.049,0.272,0.494,0.109,-0.53,0.21,-0.574,0.043,-0.063,0.601,0.856,0.523,-0.247,0.66,0.004,0.174,-0.294,0.02,0.941,-0.338,0.861,-0.043,0.19
