,AAPL,ACRS,ADP,AFYA,AGNC,AGYS,ALT,AMGN,AMPH,AMZN,ANIP,AOSL,APDN,APLT,APVO,ARGX,ARLP,ATEX,ATRA,AUTL,AVDL,BCRX,BHAT,BLBD,BMRN,BNGO,BUSE,CAKE,CASY,CCOI,CEVA,CHY,CLDX,CLMT,COHU,COLM,COST,CPRT,CSWC,CSX,DBX,DCOM,DKNG,DMLP,DOX,EA,EDIT,ENPH,ENSG,ERNA,ESGR,ETNB,EXTR,FANG,FARO,FATE,FGEN,FIVE,FIVN,FLGT,FOLD,FORM,FOXA,FRPT,FSLR,FTAI,GBDC,GDYN,GGAL,GNLN,GRFS,GT,HCAT,HCM,HFWA,HOLX,HQY,HUBG,IAC,ICLR,IDCC,IEP,IHRT,ILMN,ILPT,IMAB,IMOS,INMD,INTZ,JAZZ,JKHY,JRVR,KIDS,LBRDK,LGND,LMAT,LPLA,LULU,MASI,MAT,MATW,MBIN,MBIO,MCRB,MDB,MDLZ,MELI,MIRM,MLKN,MNMD,MNRO,MPWR,MRCY,MRSN,MTVA,NAAS,NDAQ,NDSN,NEGG,NOVT,NVDA,NWE,NWSA,NXST,OCX,ODFL,OMAB,OPCH,OPRA,ORGO,OTRK,OZK,PAGP,PCH,PEGA,PENG,PENN,PFBC,PGNY,PHAT,PHUN,PINC,PLUG,PLXS,PYPL,QLYS,QNCX,QQQX,QVCGA,RAPT,RBBN,RCKT,REPL,RMBS,ROAD,ROKU,ROP,RUSHA,SANM,SATS,SBCF,SBLK,SBUX,SCHL,SCSC,SDGR,SEIC,SFIX,SGRY,SKYW,SLP,SNES,STAA,STLD,STOK,SWKS,TER,TFIN,TIGO,TILE,TPIC,TTEC,TTEK,TTGT,UXIN,VERU,VLYPP,VNOM,VRNS,VRSN,WDAY,WERN,WINA,WKHS,WRLD,XP,XTKG,YY,ZION,ZM
AAPL,0.0,0.529,-0.357,-0.059,0.38,0.454,-0.199,-0.017,0.251,-0.213,0.034,0.546,0.514,-0.051,0.025,-0.305,0.414,-0.206,-0.395,-0.578,-0.397,0.031,-0.257,-0.232,0.53,0.491,0.593,-0.109,0.216,0.429,0.498,0.019,0.293,-0.048,0.758,0.248,-0.324,0.08,0.273,-0.351,0.431,0.474,-0.106,0.527,0.506,0.471,0.331,0.092,0.009,0.085,0.725,0.214,0.557,-0.066,0.015,-0.494,-0.426,0.443,0.685,0.557,-0.143,0.727,0.173,0.522,0.327,-0.249,0.701,-0.141,-0.059,0.066,-0.189,0.471,-0.173,-0.036,0.492,0.404,-0.08,0.727,0.285,0.265,0.552,-0.5,-0.143,0.182,0.219,0.105,0.035,-0.081,0.26,-0.009,0.105,0.091,0.278,0.334,0.392,-0.02,-0.075,0.621,-0.298,-0.149,0.391,0.401,0.272,0.138,-0.146,-0.109,0.538,-0.182,0.236,-0.39,-0.089,0.009,0.185,-0.153,-0.548,-0.461,0.65,-0.079,0.091,0.488,-0.175,0.168,0.011,0.247,0.266,-0.007,-0.257,0.113,-0.414,0.311,0.145,0.657,0.335,0.557,-0.022,0.582,0.631,0.544,-0.225,0.344,0.374,0.318,-0.315,0.172,0.505,0.382,-0.101,0.25,0.227,-0.064,0.394,-0.095,0.179,0.42,-0.347,0.174,0.654,0.097,-0.433,0.043,0.692,-0.118,-0.101,0.716,0.244,0.387,-0.18,0.111,0.033,-0.189,0.355,-0.258,0.468,-0.24,0.299,0.819,0.77,0.371,0.365,-0.046,0.248,0.567,-0.184,-0.02,-0.258,-0.291,0.275,-0.245,-0.113,0.644,0.172,0.552,-0.536,0.324,0.72,0.393,-0.165,-0.006,0.64,0.632
ACRS,0.529,0.0,-0.409,-0.049,0.517,0.349,-0.221,0.081,0.449,-0.277,-0.122,0.573,0.367,0.03,-0.063,-0.341,0.379,-0.132,-0.529,-0.475,-0.589,0.172,0.121,-0.25,0.339,0.633,0.689,0.075,0.226,0.6,0.542,-0.04,0.019,-0.241,0.652,0.489,-0.443,-0.237,0.272,-0.439,0.043,0.555,-0.237,0.713,0.263,0.536,0.377,0.023,-0.084,0.361,0.583,0.445,0.528,0.205,0.212,-0.224,-0.298,0.473,0.718,0.388,-0.1,0.756,0.294,0.23,0.508,-0.2,0.61,-0.282,0.111,0.144,-0.106,0.375,0.079,-0.123,0.567,0.349,0.0,0.691,0.197,0.159,0.634,-0.356,0.282,0.098,0.663,-0.076,0.253,-0.123,0.583,0.084,0.252,0.378,0.133,0.491,0.287,-0.047,0.059,0.502,-0.354,-0.169,0.581,0.574,0.457,0.357,-0.191,-0.059,0.483,0.0,0.357,-0.235,-0.034,-0.022,0.584,-0.138,-0.429,-0.501,0.59,0.05,0.423,0.342,-0.269,0.572,0.078,0.536,0.247,-0.299,-0.528,0.185,-0.473,0.221,0.258,0.637,0.504,0.528,-0.012,0.381,0.551,0.679,-0.308,0.019,0.271,0.312,-0.152,0.369,0.219,0.465,-0.013,0.047,0.467,-0.091,0.316,0.063,0.281,0.605,-0.517,0.022,0.315,0.123,-0.247,0.066,0.63,-0.332,-0.253,0.752,0.576,0.604,-0.151,0.111,-0.025,-0.307,0.426,-0.361,0.218,-0.269,0.481,0.628,0.616,0.26,0.404,0.074,0.614,0.7,-0.308,0.253,-0.065,-0.042,0.557,-0.164,-0.222,0.379,0.202,0.213,-0.398,0.43,0.637,0.496,0.113,-0.161,0.673,0.611
ADP,-0.357,-0.409,0.0,-0.356,-0.806,0.361,-0.065,-0.12,-0.5,0.852,0.578,-0.784,-0.618,0.463,-0.056,0.727,-0.726,0.773,0.705,0.267,0.152,-0.404,0.125,0.835,-0.807,-0.55,-0.588,0.72,-0.228,-0.094,-0.136,0.744,-0.439,0.093,-0.272,-0.003,0.914,0.821,-0.813,0.917,0.527,-0.88,0.862,-0.76,-0.362,-0.289,-0.652,0.376,0.537,0.197,-0.06,-0.877,-0.952,0.26,0.396,0.841,0.87,-0.562,-0.446,-0.681,0.53,-0.5,-0.361,0.321,-0.2,0.739,-0.348,0.828,0.33,-0.674,0.717,-0.521,-0.251,-0.264,-0.883,-0.24,0.647,-0.359,0.583,0.555,-0.567,0.853,0.323,0.271,-0.351,0.242,0.235,0.754,-0.793,0.435,0.294,0.298,-0.122,-0.83,0.364,0.73,0.639,-0.736,0.91,0.776,-0.852,-0.507,-0.653,-0.777,0.788,0.237,0.097,0.491,0.481,0.776,0.738,0.655,-0.656,0.782,0.819,0.836,-0.448,0.665,-0.387,0.258,0.87,-0.536,0.571,-0.41,-0.743,0.835,0.694,0.1,0.272,-0.494,-0.856,-0.844,-0.275,-0.769,0.724,-0.321,-0.646,-0.715,0.81,-0.626,0.456,-0.636,0.834,-0.032,-0.347,-0.803,-0.225,0.432,-0.263,0.552,0.351,0.603,-0.338,-0.79,0.869,0.654,-0.193,0.641,0.758,-0.708,-0.811,0.789,0.664,-0.362,-0.093,-0.103,0.868,0.524,0.497,0.868,0.197,0.729,-0.121,0.841,-0.634,-0.299,-0.723,0.064,-0.881,0.768,-0.151,-0.727,0.758,0.373,-0.562,0.073,-0.612,0.651,0.717,-0.713,0.55,0.286,0.793,-0.887,-0.352,-0.461,-0.035,0.779,-0.703,-0.845
AFYA,-0.059,-0.049,-0.356,0.0,0.181,-0.449,0.42,-0.34,0.499,-0.324,0.098,0.136,0.234,-0.809,0.047,-0.408,0.421,-0.233,-0.09,0.333,0.362,0.584,-0.159,-0.648,0.437,0.21,-0.279,-0.629,0.702,-0.373,0.308,-0.218,0.73,0.454,0.25,-0.425,-0.269,-0.252,0.099,-0.458,-0.442,0.165,-0.452,-0.012,-0.238,0.08,0.653,-0.001,-0.026,-0.643,-0.164,0.376,0.274,-0.212,-0.747,-0.482,-0.409,0.497,-0.061,0.493,-0.074,0.17,-0.376,-0.595,0.063,-0.673,-0.205,-0.346,-0.798,-0.055,-0.739,-0.197,-0.233,0.757,0.153,-0.408,-0.467,-0.141,-0.396,-0.387,-0.118,-0.183,-0.651,-0.794,-0.379,-0.67,0.221,-0.399,0.233,-0.822,-0.106,-0.644,0.572,0.043,-0.53,-0.094,-0.355,0.245,-0.473,-0.426,0.09,-0.42,-0.259,0.448,-0.152,-0.657,-0.561,0.009,-0.674,-0.225,-0.677,-0.017,0.214,-0.415,-0.146,-0.424,-0.277,-0.171,0.328,-0.228,-0.356,-0.186,-0.382,-0.38,0.595,-0.304,-0.313,0.473,0.04,0.634,0.488,0.054,-0.377,0.413,-0.596,0.552,0.34,-0.152,-0.146,0.395,-0.511,0.245,-0.672,0.403,-0.043,0.211,0.755,-0.021,-0.198,-0.45,-0.704,-0.666,-0.025,0.079,-0.439,-0.457,-0.314,-0.592,-0.547,0.76,0.186,-0.319,-0.154,-0.301,-0.25,-0.275,-0.351,-0.149,0.173,-0.479,-0.042,-0.065,0.079,-0.518,0.063,-0.083,0.34,0.272,0.404,-0.55,-0.199,-0.109,-0.046,-0.496,0.64,-0.539,-0.314,-0.31,-0.139,0.211,-0.439,-0.128,-0.216,0.335,-0.275,-0.146,-0.307,-0.28,-0.162,0.268
AGNC,0.38,0.517,-0.806,0.181,0.0,-0.212,0.076,0.288,0.38,-0.696,-0.445,0.782,0.48,-0.136,0.134,-0.558,0.574,-0.553,-0.635,-0.345,-0.2,0.354,-0.026,-0.61,0.68,0.526,0.736,-0.408,0.049,0.319,0.124,-0.633,0.263,-0.28,0.253,0.204,-0.798,-0.667,0.742,-0.747,-0.314,0.84,-0.697,0.78,0.521,0.309,0.475,-0.334,-0.492,0.035,0.155,0.749,0.842,-0.204,-0.022,-0.616,-0.678,0.495,0.562,0.603,-0.421,0.481,0.574,-0.074,0.265,-0.461,0.364,-0.608,-0.051,0.701,-0.477,0.7,0.408,0.051,0.852,0.455,-0.529,0.491,-0.315,-0.418,0.727,-0.788,-0.01,0.041,0.6,0.003,-0.241,-0.498,0.739,-0.109,-0.214,-0.087,0.044,0.845,-0.074,-0.568,-0.61,0.685,-0.709,-0.587,0.887,0.678,0.788,0.673,-0.71,0.007,0.109,-0.415,-0.219,-0.683,-0.48,-0.619,0.602,-0.615,-0.718,-0.685,0.638,-0.496,0.323,-0.062,-0.756,0.776,-0.424,0.633,0.538,-0.72,-0.493,-0.148,-0.276,0.33,0.696,0.824,0.378,0.707,-0.371,0.173,0.589,0.785,-0.705,0.502,-0.298,0.634,-0.532,0.044,0.439,0.794,0.095,-0.35,0.447,-0.33,-0.08,-0.294,0.419,0.78,-0.726,-0.399,0.315,-0.368,-0.557,0.51,0.754,-0.63,-0.476,0.476,0.201,0.317,-0.668,-0.42,-0.391,-0.72,-0.053,-0.679,0.185,-0.654,0.783,0.389,0.623,-0.145,0.818,-0.517,0.298,0.819,-0.703,0.068,0.384,0.123,0.713,-0.551,-0.594,0.655,-0.346,-0.234,-0.655,0.802,0.51,0.596,0.261,-0.627,0.763,0.789
AGYS,0.454,0.349,0.361,-0.449,-0.212,0.0,-0.318,-0.382,0.084,0.488,0.209,-0.259,0.046,0.322,-0.099,0.386,-0.419,0.55,-0.133,-0.148,-0.472,-0.059,0.326,0.5,-0.307,0.277,0.313,0.609,-0.023,0.6,0.494,0.72,-0.28,0.163,0.491,0.506,0.453,0.541,-0.452,0.416,0.688,-0.279,0.62,-0.001,-0.167,0.497,-0.254,0.653,0.284,0.48,0.664,-0.468,-0.186,0.603,0.589,0.337,0.464,0.178,0.508,-0.027,0.513,0.381,-0.204,0.662,0.472,0.344,0.601,0.553,0.303,-0.527,0.55,-0.028,0.014,-0.258,-0.202,0.381,0.69,0.524,0.807,0.918,0.155,0.359,0.381,0.346,0.249,0.264,0.572,0.698,-0.163,0.542,0.781,0.708,0.151,-0.292,0.735,0.637,0.57,0.135,0.502,0.612,-0.222,0.158,-0.152,-0.401,0.583,0.011,0.594,0.539,0.852,0.513,0.683,0.66,-0.315,0.638,0.085,0.318,0.367,0.722,0.203,0.822,0.591,-0.09,0.775,-0.003,-0.494,0.622,0.222,0.237,-0.031,0.016,-0.612,0.036,0.561,-0.175,0.648,0.294,0.223,0.087,0.513,-0.362,0.52,-0.263,0.43,0.006,-0.109,-0.378,-0.554,0.713,0.337,0.589,0.72,0.625,0.167,-0.268,0.309,0.827,0.384,0.818,0.325,-0.649,0.083,0.6,0.579,0.634,0.527,0.67,0.508,0.767,0.544,0.526,0.772,0.361,0.465,0.551,-0.061,0.548,0.134,0.583,-0.424,0.751,0.514,-0.022,0.539,0.469,-0.681,-0.289,0.019,0.631,0.575,-0.153,0.802,0.784,0.285,-0.449,0.464,-0.087,-0.377,0.575,0.259,-0.062
ALT,-0.199,-0.221,-0.065,0.42,0.076,-0.318,0.0,-0.299,0.343,-0.107,0.285,-0.108,0.162,-0.378,-0.116,-0.055,-0.051,0.141,0.046,0.311,0.597,0.583,0.072,-0.225,0.338,0.146,-0.251,-0.275,0.348,-0.104,0.155,0.038,0.523,0.362,-0.025,-0.334,-0.0,0.023,0.09,-0.082,-0.135,-0.044,-0.181,-0.284,-0.198,-0.121,0.335,0.191,-0.01,-0.308,-0.178,0.039,0.012,-0.293,-0.221,-0.184,-0.065,0.289,-0.039,0.334,0.357,-0.166,-0.288,-0.289,0.097,-0.32,-0.352,0.184,-0.516,0.011,-0.349,0.065,0.144,0.594,-0.039,-0.066,-0.243,-0.303,-0.141,-0.286,-0.164,-0.011,-0.388,-0.285,-0.217,0.071,0.061,0.04,-0.066,-0.271,-0.007,-0.481,0.443,-0.105,-0.261,0.176,-0.467,0.052,-0.133,-0.228,-0.049,-0.272,-0.121,0.297,0.075,-0.273,-0.528,0.13,-0.374,0.053,-0.364,0.009,-0.144,-0.066,-0.076,0.065,-0.214,-0.049,0.088,0.046,-0.155,-0.035,-0.181,-0.391,0.262,-0.005,-0.019,0.378,0.471,0.447,0.112,-0.117,-0.434,0.105,-0.196,0.226,0.118,-0.211,0.166,0.402,-0.299,0.17,-0.257,0.198,-0.125,0.023,0.31,-0.017,-0.154,0.127,-0.461,-0.071,0.388,-0.218,-0.083,-0.026,-0.201,-0.233,-0.162,0.528,-0.014,0.038,0.157,-0.312,-0.355,0.043,-0.156,0.078,0.139,-0.161,0.081,0.177,0.356,-0.067,0.094,-0.15,0.011,0.169,0.163,-0.171,-0.071,-0.153,0.146,-0.046,0.553,-0.171,-0.341,-0.167,0.171,0.039,-0.283,0.043,0.171,0.257,-0.407,-0.148,-0.217,0.021,-0.201,0.048
AMGN,-0.017,0.081,-0.12,-0.34,0.288,-0.382,-0.299,0.0,-0.548,-0.185,-0.22,0.487,-0.309,0.555,0.216,-0.149,0.278,-0.371,0.158,-0.494,-0.036,-0.559,-0.348,0.059,-0.001,-0.338,0.234,0.093,-0.619,-0.083,-0.616,-0.563,-0.367,-0.807,-0.367,0.038,-0.312,-0.255,0.423,-0.097,-0.059,0.349,-0.178,0.286,0.782,-0.439,-0.299,-0.812,-0.161,0.129,-0.221,0.252,0.113,-0.441,0.193,0.058,-0.202,-0.555,-0.154,-0.286,-0.674,-0.202,0.823,0.155,-0.448,0.371,-0.081,-0.324,0.595,0.651,0.114,0.455,0.039,-0.66,0.252,0.074,-0.301,-0.016,-0.164,-0.417,0.295,-0.397,0.376,0.521,0.314,0.146,-0.763,-0.317,0.095,0.167,-0.695,-0.011,-0.63,0.443,0.041,-0.524,-0.121,-0.158,-0.099,-0.159,0.331,0.429,0.507,0.103,-0.534,0.684,0.338,-0.667,-0.07,-0.482,-0.007,-0.654,0.395,-0.347,0.008,-0.198,0.162,-0.531,-0.555,-0.42,-0.305,0.424,-0.459,0.723,-0.016,-0.412,0.044,-0.691,-0.303,-0.617,0.264,0.158,-0.018,0.032,0.033,-0.616,-0.403,0.281,-0.55,0.023,0.283,0.281,0.159,-0.163,0.531,0.379,-0.012,-0.623,0.023,-0.218,0.228,-0.063,-0.314,0.507,-0.015,-0.358,0.18,-0.16,0.08,-0.121,-0.035,-0.376,-0.534,-0.041,-0.112,-0.333,-0.109,-0.641,-0.52,-0.136,-0.628,-0.479,-0.586,-0.166,0.243,-0.187,-0.185,-0.769,0.233,-0.184,-0.249,0.383,-0.626,0.09,-0.164,0.77,0.44,-0.468,-0.547,0.191,-0.271,-0.588,-0.269,0.24,0.228,0.52,0.823,-0.345,0.085,0.031
AMPH,0.251,0.449,-0.5,0.499,0.38,0.084,0.343,-0.548,0.0,-0.455,0.041,0.298,0.503,-0.684,-0.146,-0.527,0.312,-0.137,-0.641,0.075,0.045,0.771,0.071,-0.629,0.583,0.815,0.329,-0.397,0.682,0.381,0.743,0.004,0.598,0.429,0.639,0.155,-0.338,-0.314,0.314,-0.562,-0.263,0.437,-0.431,0.378,-0.234,0.514,0.778,0.382,-0.089,-0.281,0.349,0.514,0.552,0.161,-0.338,-0.464,-0.393,0.724,0.62,0.713,0.135,0.648,-0.287,-0.312,0.655,-0.722,0.387,-0.28,-0.655,0.005,-0.588,-0.005,0.002,0.573,0.496,0.201,-0.241,0.406,-0.092,-0.053,0.412,-0.282,-0.422,-0.545,0.167,-0.417,0.545,-0.198,0.608,-0.432,0.39,-0.099,0.737,0.309,-0.305,0.071,-0.258,0.679,-0.501,-0.441,0.406,0.15,0.062,0.64,-0.081,-0.704,-0.228,0.255,-0.168,-0.101,-0.49,0.131,0.337,-0.305,-0.524,-0.504,0.307,0.093,0.794,0.295,-0.388,0.252,-0.045,-0.083,0.554,-0.274,-0.618,0.709,0.137,0.835,0.375,0.518,0.188,0.629,-0.398,0.778,0.766,0.443,-0.098,0.426,-0.382,0.396,-0.619,0.524,0.035,0.393,0.18,0.11,0.189,-0.162,-0.386,-0.337,0.457,0.293,-0.643,-0.127,-0.031,-0.215,-0.431,0.594,0.648,-0.336,0.035,0.348,0.317,0.442,-0.426,0.244,0.189,-0.538,0.505,-0.218,0.524,-0.428,0.447,0.511,0.667,0.651,0.482,-0.242,0.529,0.33,-0.041,-0.17,0.449,-0.611,0.143,-0.154,-0.084,0.4,-0.057,0.285,-0.193,0.518,0.219,0.038,-0.449,-0.349,0.427,0.658
AMZN,-0.213,-0.277,0.852,-0.324,-0.696,0.488,-0.107,-0.185,-0.455,0.0,0.383,-0.765,-0.453,0.404,-0.149,0.816,-0.791,0.85,0.723,0.285,-0.009,-0.344,0.23,0.867,-0.775,-0.502,-0.446,0.728,-0.227,-0.149,-0.043,0.752,-0.445,0.192,-0.193,0.046,0.91,0.849,-0.802,0.914,0.658,-0.87,0.923,-0.718,-0.389,-0.084,-0.666,0.397,0.666,0.277,0.003,-0.875,-0.82,0.309,0.49,0.769,0.864,-0.357,-0.342,-0.575,0.599,-0.352,-0.397,0.473,-0.254,0.748,-0.192,0.854,0.355,-0.732,0.788,-0.417,-0.038,-0.284,-0.87,-0.288,0.791,-0.34,0.696,0.699,-0.553,0.791,0.423,0.276,-0.25,0.282,0.311,0.823,-0.77,0.509,0.44,0.344,-0.129,-0.87,0.579,0.72,0.747,-0.521,0.913,0.935,-0.845,-0.484,-0.596,-0.766,0.875,0.319,0.276,0.535,0.545,0.788,0.782,0.736,-0.636,0.877,0.791,0.841,-0.432,0.721,-0.359,0.394,0.955,-0.584,0.663,-0.412,-0.817,0.878,0.738,0.063,0.235,-0.426,-0.841,-0.749,-0.102,-0.785,0.789,-0.185,-0.562,-0.644,0.816,-0.62,0.423,-0.706,0.74,-0.159,-0.39,-0.855,-0.211,0.695,-0.08,0.628,0.488,0.632,-0.338,-0.753,0.848,0.758,0.099,0.739,0.668,-0.742,-0.711,0.84,0.631,-0.239,-0.022,0.025,0.922,0.553,0.621,0.954,0.268,0.795,-0.001,0.8,-0.594,-0.31,-0.567,0.144,-0.901,0.791,-0.143,-0.707,0.817,0.358,-0.588,0.019,-0.498,0.72,0.791,-0.682,0.676,0.358,0.73,-0.882,-0.253,-0.231,-0.186,0.814,-0.573,-0.752
ANIP,0.034,-0.122,0.578,0.098,-0.445,0.209,0.285,-0.22,0.041,0.383,0.0,-0.284,-0.222,0.053,-0.061,0.176,-0.22,0.486,0.329,0.118,0.338,0.073,-0.173,0.257,-0.123,-0.02,-0.402,0.264,0.302,0.135,0.37,0.608,0.22,0.24,0.275,-0.124,0.483,0.63,-0.494,0.381,0.387,-0.4,0.393,-0.454,-0.124,-0.037,0.065,0.421,0.445,-0.122,0.258,-0.41,-0.445,0.016,-0.029,0.331,0.346,-0.129,-0.044,-0.003,0.384,-0.03,-0.359,0.154,0.16,0.161,-0.167,0.538,-0.2,-0.491,0.102,-0.319,-0.531,0.172,-0.377,-0.095,0.159,-0.028,0.488,0.317,-0.243,0.379,-0.172,-0.085,-0.361,-0.036,0.29,0.421,-0.438,-0.076,0.17,-0.051,0.464,-0.476,0.138,0.666,0.23,-0.312,0.391,0.238,-0.478,-0.447,-0.526,-0.225,0.519,-0.165,-0.007,0.394,0.173,0.412,0.171,0.512,-0.266,0.337,0.394,0.282,-0.207,0.405,-0.101,0.357,0.41,-0.341,0.201,-0.385,-0.137,0.513,0.156,0.578,0.306,0.094,-0.42,-0.407,-0.4,-0.104,0.341,0.239,-0.108,-0.358,0.538,-0.104,0.415,-0.113,0.326,0.508,0.04,-0.331,0.075,0.339,-0.22,0.332,0.057,0.196,-0.116,-0.434,0.315,0.433,-0.093,0.242,0.19,-0.134,-0.266,0.405,0.378,-0.157,-0.092,-0.006,0.51,0.483,0.565,0.331,0.385,0.469,0.234,0.332,-0.178,0.147,-0.105,0.38,-0.346,0.402,0.017,-0.316,0.515,0.123,-0.198,-0.288,-0.649,0.184,0.468,-0.161,0.251,0.441,0.423,-0.309,-0.126,-0.307,-0.109,0.544,-0.434,-0.249
AOSL,0.546,0.573,-0.784,0.136,0.782,-0.259,-0.108,0.487,0.298,-0.765,-0.284,0.0,0.39,-0.111,0.151,-0.746,0.818,-0.75,-0.583,-0.603,-0.206,0.113,-0.383,-0.667,0.757,0.484,0.69,-0.473,0.074,0.297,0.13,-0.673,0.314,-0.442,0.408,0.083,-0.867,-0.615,0.802,-0.824,-0.259,0.949,-0.722,0.829,0.749,0.157,0.548,-0.545,-0.412,-0.071,0.283,0.813,0.857,-0.373,-0.213,-0.669,-0.81,0.275,0.54,0.561,-0.675,0.591,0.632,-0.021,0.162,-0.464,0.428,-0.75,-0.045,0.728,-0.555,0.636,-0.011,-0.069,0.905,0.329,-0.643,0.54,-0.335,-0.477,0.753,-0.903,-0.131,0.047,0.437,-0.172,-0.388,-0.678,0.726,-0.285,-0.461,-0.163,0.032,0.878,-0.17,-0.638,-0.501,0.613,-0.788,-0.704,0.865,0.669,0.702,0.681,-0.789,-0.02,0.216,-0.623,-0.254,-0.841,-0.567,-0.671,0.798,-0.765,-0.733,-0.867,0.625,-0.651,0.126,-0.14,-0.801,0.664,-0.586,0.684,0.662,-0.76,-0.636,-0.163,-0.439,0.218,0.732,0.863,0.22,0.812,-0.49,0.228,0.52,0.818,-0.847,0.536,0.008,0.736,-0.575,0.243,0.685,0.882,0.166,-0.513,0.211,-0.51,-0.048,-0.476,0.147,0.93,-0.78,-0.541,0.329,-0.483,-0.587,0.491,0.8,-0.784,-0.694,0.473,0.125,0.084,-0.68,-0.524,-0.509,-0.769,-0.185,-0.792,-0.016,-0.72,0.685,0.501,0.71,-0.169,0.852,-0.575,0.166,0.899,-0.839,-0.148,0.256,0.142,0.65,-0.762,-0.76,0.8,-0.414,-0.238,-0.796,0.851,0.613,0.631,0.366,-0.675,0.703,0.84
APDN,0.514,0.367,-0.618,0.234,0.48,0.046,0.162,-0.309,0.503,-0.453,-0.222,0.39,0.0,-0.452,-0.175,-0.406,0.43,-0.343,-0.575,-0.278,-0.305,0.371,-0.03,-0.498,0.668,0.511,0.425,-0.43,0.421,0.223,0.408,-0.198,0.438,0.173,0.483,-0.046,-0.512,-0.295,0.39,-0.587,-0.078,0.5,-0.469,0.49,0.128,0.666,0.541,0.18,-0.266,-0.004,0.34,0.445,0.684,-0.116,-0.232,-0.663,-0.54,0.698,0.491,0.621,-0.07,0.56,-0.012,-0.009,0.369,-0.641,0.379,-0.323,-0.409,0.192,-0.497,0.359,0.113,0.392,0.535,0.287,-0.274,0.4,-0.194,-0.107,0.353,-0.518,-0.347,-0.18,0.241,0.006,0.075,-0.34,0.435,-0.261,0.155,-0.163,0.265,0.411,-0.06,-0.253,-0.422,0.677,-0.569,-0.384,0.513,0.25,0.322,0.345,-0.309,-0.226,-0.026,-0.2,-0.149,-0.405,-0.419,-0.156,0.166,-0.323,-0.608,-0.494,0.471,-0.2,0.358,0.191,-0.455,0.243,-0.09,0.005,0.461,-0.299,-0.533,0.179,-0.328,0.596,0.419,0.598,0.205,0.612,-0.39,0.521,0.677,0.435,-0.323,0.426,-0.259,0.229,-0.56,0.082,0.068,0.445,0.125,0.087,0.278,-0.266,-0.11,-0.279,0.54,0.367,-0.535,-0.151,0.397,-0.261,-0.648,0.473,0.644,-0.382,-0.24,0.463,0.156,0.306,-0.458,-0.042,-0.19,-0.501,0.22,-0.277,0.434,-0.466,0.313,0.498,0.715,0.286,0.535,-0.372,0.271,0.478,-0.274,-0.244,0.296,-0.319,0.284,-0.347,-0.243,0.618,-0.124,0.257,-0.546,0.513,0.313,0.189,-0.248,-0.258,0.558,0.672
APLT,-0.051,0.03,0.463,-0.809,-0.136,0.322,-0.378,0.555,-0.684,0.404,0.053,-0.111,-0.452,0.0,0.136,0.473,-0.424,0.283,0.284,-0.252,-0.259,-0.6,0.113,0.719,-0.547,-0.392,0.154,0.7,-0.781,0.263,-0.403,0.177,-0.78,-0.571,-0.341,0.357,0.293,0.278,-0.222,0.54,0.404,-0.242,0.496,-0.075,0.332,-0.217,-0.74,-0.145,0.05,0.636,0.057,-0.425,-0.402,0.162,0.779,0.612,0.496,-0.601,-0.087,-0.597,0.013,-0.294,0.528,0.542,-0.151,0.835,0.02,0.374,0.91,0.074,0.78,0.203,0.193,-0.791,-0.239,0.313,0.436,0.073,0.452,0.325,0.037,0.247,0.787,0.798,0.347,0.597,-0.29,0.442,-0.312,0.788,-0.052,0.605,-0.631,-0.064,0.565,0.131,0.36,-0.431,0.545,0.477,-0.141,0.326,0.228,-0.448,0.125,0.746,0.542,-0.015,0.63,0.217,0.732,-0.041,-0.136,0.41,0.35,0.46,0.144,0.149,-0.466,0.109,0.39,0.194,0.289,0.481,-0.642,0.269,0.45,-0.537,-0.055,-0.782,-0.488,-0.207,0.262,-0.488,0.703,-0.673,-0.503,0.016,0.129,-0.484,0.593,-0.211,0.796,-0.381,0.147,-0.242,-0.564,-0.033,0.183,0.471,0.723,0.655,-0.157,-0.099,0.502,0.412,0.232,0.575,0.604,-0.773,-0.352,0.353,0.117,0.17,0.141,0.122,0.458,0.073,-0.058,0.522,-0.082,0.12,-0.234,0.532,-0.037,-0.08,-0.476,-0.443,-0.426,0.584,0.075,0.049,0.031,0.615,-0.64,0.678,0.211,0.295,0.134,-0.336,0.36,-0.038,0.284,-0.392,0.212,0.157,0.505,0.35,-0.011,-0.412
APVO,0.025,-0.063,-0.056,0.047,0.134,-0.099,-0.116,0.216,-0.146,-0.149,-0.061,0.151,-0.175,0.136,0.0,-0.146,0.101,-0.204,-0.026,-0.003,0.098,-0.028,-0.119,-0.036,-0.035,-0.116,0.104,-0.008,-0.237,0.058,-0.174,-0.206,-0.071,-0.301,-0.061,0.169,-0.105,-0.151,0.082,-0.089,-0.055,0.132,-0.06,0.091,0.234,-0.132,-0.095,-0.178,-0.158,-0.13,-0.084,0.102,0.045,-0.085,0.007,0.008,-0.061,-0.205,0.062,-0.11,-0.235,0.022,0.297,-0.077,0.055,0.146,-0.03,-0.122,0.2,0.218,-0.059,0.191,-0.071,-0.209,0.169,0.057,-0.2,0.095,-0.153,-0.164,0.2,-0.164,0.103,0.119,-0.1,-0.122,-0.133,-0.036,0.092,-0.041,-0.223,0.019,-0.117,0.203,-0.013,-0.18,-0.131,-0.025,-0.047,-0.085,0.145,0.216,0.246,0.143,-0.205,0.046,0.008,-0.137,-0.11,-0.227,-0.022,-0.225,0.064,-0.247,-0.08,-0.125,0.154,-0.166,-0.123,-0.101,-0.116,0.148,-0.151,0.223,0.164,-0.177,0.084,-0.224,-0.079,-0.137,0.161,0.095,0.019,0.015,0.036,-0.133,-0.023,0.096,-0.204,0.047,-0.115,0.134,-0.01,-0.065,0.359,0.177,0.018,-0.252,-0.081,-0.062,-0.034,-0.115,-0.077,0.18,-0.026,-0.116,0.035,-0.084,0.068,-0.008,0.046,-0.095,-0.068,-0.043,0.01,-0.17,-0.116,-0.153,-0.089,-0.112,-0.249,-0.26,-0.309,-0.049,0.13,-0.0,-0.016,-0.208,0.14,-0.094,-0.188,0.08,-0.178,0.11,-0.051,0.152,0.096,-0.064,-0.202,0.006,-0.017,-0.209,-0.065,0.022,0.098,-0.064,0.26,-0.211,0.094,0.041
ARGX,-0.305,-0.341,0.727,-0.408,-0.558,0.386,-0.055,-0.149,-0.527,0.816,0.176,-0.746,-0.406,0.473,-0.146,0.0,-0.827,0.711,0.555,0.332,-0.078,-0.303,0.41,0.82,-0.768,-0.544,-0.368,0.634,-0.366,-0.135,-0.156,0.563,-0.48,0.108,-0.392,0.064,0.754,0.632,-0.688,0.864,0.475,-0.799,0.778,-0.672,-0.415,-0.156,-0.734,0.3,0.356,0.406,-0.139,-0.843,-0.757,0.287,0.582,0.691,0.818,-0.321,-0.357,-0.617,0.667,-0.496,-0.294,0.34,-0.272,0.696,-0.281,0.773,0.419,-0.573,0.818,-0.294,0.239,-0.253,-0.796,-0.193,0.726,-0.416,0.488,0.607,-0.57,0.749,0.477,0.358,-0.153,0.449,0.196,0.727,-0.721,0.632,0.372,0.327,-0.308,-0.721,0.564,0.532,0.471,-0.568,0.805,0.768,-0.721,-0.365,-0.403,-0.743,0.717,0.343,0.169,0.429,0.49,0.672,0.754,0.552,-0.672,0.858,0.616,0.892,-0.388,0.55,-0.327,0.242,0.824,-0.433,0.618,-0.34,-0.797,0.747,0.789,-0.156,0.228,-0.508,-0.799,-0.688,-0.001,-0.824,0.702,-0.37,-0.54,-0.612,0.688,-0.617,0.296,-0.691,0.714,-0.468,-0.566,-0.848,-0.272,0.515,-0.123,0.644,0.494,0.742,-0.155,-0.726,0.765,0.634,-0.004,0.651,0.619,-0.695,-0.681,0.827,0.594,-0.255,-0.115,0.088,0.699,0.405,0.379,0.869,0.178,0.734,0.003,0.794,-0.589,-0.399,-0.651,-0.019,-0.828,0.674,-0.2,-0.623,0.648,0.436,-0.368,0.165,-0.331,0.695,0.746,-0.713,0.533,0.186,0.649,-0.795,-0.34,-0.286,-0.186,0.767,-0.453,-0.756
ARLP,0.414,0.379,-0.726,0.421,0.574,-0.419,-0.051,0.278,0.312,-0.791,-0.22,0.818,0.43,-0.424,0.101,-0.827,0.0,-0.806,-0.476,-0.467,-0.126,0.127,-0.425,-0.794,0.761,0.383,0.362,-0.674,0.351,0.017,0.094,-0.648,0.504,-0.22,0.389,-0.209,-0.831,-0.593,0.661,-0.864,-0.426,0.82,-0.786,0.698,0.542,0.08,0.687,-0.466,-0.39,-0.29,0.173,0.807,0.757,-0.409,-0.574,-0.758,-0.876,0.343,0.279,0.555,-0.691,0.476,0.341,-0.234,0.102,-0.67,0.26,-0.813,-0.347,0.544,-0.774,0.397,-0.244,0.204,0.761,0.058,-0.735,0.377,-0.57,-0.611,0.486,-0.794,-0.437,-0.26,0.123,-0.389,-0.352,-0.818,0.628,-0.604,-0.525,-0.413,0.127,0.715,-0.412,-0.645,-0.508,0.46,-0.854,-0.766,0.719,0.329,0.417,0.571,-0.775,-0.25,-0.049,-0.61,-0.481,-0.821,-0.734,-0.621,0.665,-0.845,-0.62,-0.909,0.384,-0.672,0.12,-0.329,-0.815,0.382,-0.677,0.348,0.796,-0.747,-0.714,-0.027,-0.53,0.363,0.805,0.675,-0.051,0.825,-0.727,0.292,0.498,0.537,-0.768,0.532,-0.153,0.618,-0.699,0.362,0.505,0.818,0.43,-0.53,0.023,-0.746,-0.352,-0.692,0.078,0.783,-0.759,-0.7,0.048,-0.697,-0.71,0.661,0.664,-0.8,-0.718,0.231,0.02,-0.148,-0.682,-0.543,-0.514,-0.827,-0.261,-0.716,-0.119,-0.782,0.418,0.355,0.657,-0.117,0.845,-0.728,0.002,0.659,-0.753,-0.466,0.401,-0.047,0.361,-0.777,-0.775,0.743,-0.573,-0.223,-0.836,0.773,0.336,0.333,0.246,-0.652,0.455,0.718
ATEX,-0.206,-0.132,0.773,-0.233,-0.553,0.55,0.141,-0.371,-0.137,0.85,0.486,-0.75,-0.343,0.283,-0.204,0.711,-0.806,0.0,0.49,0.341,0.13,-0.005,0.393,0.731,-0.619,-0.174,-0.323,0.734,0.003,0.06,0.21,0.837,-0.268,0.302,-0.021,0.196,0.861,0.804,-0.73,0.818,0.587,-0.777,0.811,-0.633,-0.499,0.055,-0.447,0.629,0.609,0.231,0.092,-0.757,-0.716,0.41,0.524,0.729,0.843,-0.115,-0.101,-0.327,0.786,-0.248,-0.469,0.372,0.058,0.572,-0.132,0.901,0.187,-0.704,0.642,-0.355,0.075,-0.096,-0.738,-0.111,0.729,-0.168,0.764,0.711,-0.371,0.784,0.338,0.197,-0.08,0.248,0.535,0.896,-0.608,0.469,0.669,0.366,0.168,-0.773,0.536,0.888,0.582,-0.334,0.844,0.823,-0.697,-0.4,-0.547,-0.528,0.896,0.128,0.157,0.708,0.577,0.881,0.723,0.817,-0.633,0.868,0.653,0.796,-0.301,0.861,-0.05,0.588,0.841,-0.374,0.733,-0.392,-0.683,0.843,0.618,0.363,0.386,-0.124,-0.768,-0.622,-0.019,-0.606,0.767,0.002,-0.336,-0.531,0.892,-0.443,0.322,-0.555,0.652,0.048,-0.462,-0.752,-0.222,0.694,0.034,0.754,0.385,0.704,0.004,-0.736,0.723,0.825,0.049,0.779,0.633,-0.594,-0.547,0.795,0.78,-0.113,0.13,0.306,0.823,0.761,0.781,0.81,0.545,0.726,0.27,0.781,-0.392,-0.13,-0.445,0.403,-0.761,0.828,0.158,-0.618,0.869,0.457,-0.453,-0.146,-0.476,0.742,0.858,-0.611,0.671,0.499,0.838,-0.72,-0.226,-0.292,-0.286,0.757,-0.445,-0.603
ATRA,-0.395,-0.529,0.705,-0.09,-0.635,-0.133,0.046,0.158,-0.641,0.723,0.329,-0.583,-0.575,0.284,-0.026,0.555,-0.476,0.49,0.0,0.309,0.328,-0.456,-0.09,0.601,-0.585,-0.758,-0.69,0.355,-0.257,-0.583,-0.427,0.304,-0.27,0.039,-0.515,-0.217,0.66,0.609,-0.523,0.701,0.289,-0.717,0.585,-0.761,-0.165,-0.536,-0.546,-0.092,0.623,-0.066,-0.363,-0.632,-0.758,-0.156,0.076,0.553,0.553,-0.573,-0.742,-0.61,0.194,-0.653,-0.229,0.162,-0.632,0.606,-0.568,0.533,0.205,-0.413,0.458,-0.382,-0.158,-0.191,-0.777,-0.567,0.343,-0.667,0.215,0.103,-0.685,0.55,0.157,0.106,-0.501,0.138,-0.176,0.356,-0.762,0.16,-0.191,-0.151,-0.262,-0.724,0.137,0.322,0.449,-0.704,0.644,0.568,-0.761,-0.639,-0.543,-0.587,0.501,0.367,-0.04,0.127,0.014,0.433,0.386,0.29,-0.45,0.456,0.8,0.629,-0.7,0.214,-0.647,-0.163,0.614,-0.588,0.116,-0.393,-0.496,0.559,0.637,-0.153,0.223,-0.532,-0.484,-0.802,-0.551,-0.695,0.385,-0.409,-0.779,-0.742,0.501,-0.358,0.254,-0.546,0.515,-0.141,-0.217,-0.641,0.166,0.209,-0.385,0.262,0.056,0.216,-0.565,-0.605,0.736,0.242,-0.114,0.227,0.478,-0.386,-0.795,0.487,0.226,-0.682,-0.461,-0.464,0.654,0.048,0.27,0.702,-0.302,0.595,-0.385,0.474,-0.651,-0.655,-0.684,-0.25,-0.668,0.333,-0.575,-0.719,0.473,0.039,-0.259,0.239,-0.593,0.282,0.395,-0.584,0.101,-0.079,0.531,-0.62,-0.542,-0.11,0.092,0.502,-0.781,-0.77
AUTL,-0.578,-0.475,0.267,0.333,-0.345,-0.148,0.311,-0.494,0.075,0.285,0.118,-0.603,-0.278,-0.252,-0.003,0.332,-0.467,0.341,0.309,0.0,0.373,0.429,0.353,0.121,-0.305,-0.145,-0.55,-0.129,0.199,-0.375,0.063,0.257,0.101,0.679,-0.308,-0.164,0.365,0.089,-0.449,0.3,-0.265,-0.542,0.155,-0.601,-0.724,-0.225,0.014,0.365,0.202,-0.251,-0.266,-0.319,-0.416,0.364,-0.192,0.232,0.341,0.018,-0.432,-0.096,0.466,-0.357,-0.49,-0.381,0.03,-0.014,-0.425,0.246,-0.322,-0.435,0.089,-0.646,0.198,0.447,-0.48,-0.396,0.242,-0.504,-0.084,0.069,-0.628,0.528,-0.129,-0.526,-0.453,-0.102,0.402,0.197,-0.217,-0.073,0.206,-0.069,0.257,-0.529,-0.277,0.267,0.136,-0.338,0.241,0.181,-0.528,-0.616,-0.518,-0.079,0.413,-0.421,-0.572,0.591,-0.175,0.5,0.02,0.31,-0.26,0.257,0.366,0.389,-0.675,0.245,0.293,-0.176,0.34,-0.461,0.143,-0.559,-0.172,0.277,0.216,0.31,0.614,0.154,-0.208,-0.536,-0.183,-0.409,-0.025,0.005,-0.203,-0.55,0.474,-0.215,-0.473,-0.213,0.037,-0.134,-0.467,-0.522,0.108,0.278,-0.169,0.177,-0.416,0.034,-0.146,-0.613,0.174,0.068,-0.493,-0.005,0.144,0.038,-0.409,0.314,0.32,-0.529,-0.226,-0.136,0.16,0.261,0.401,0.252,0.062,0.573,0.094,0.142,-0.274,-0.511,-0.351,0.208,-0.432,0.082,-0.111,-0.638,0.516,0.01,0.33,-0.337,-0.508,0.488,0.419,-0.633,-0.082,-0.008,0.477,-0.323,-0.58,-0.443,-0.484,0.231,-0.49,-0.43
AVDL,-0.397,-0.589,0.152,0.362,-0.2,-0.472,0.597,-0.036,0.045,-0.009,0.338,-0.206,-0.305,-0.259,0.098,-0.078,-0.126,0.13,0.328,0.373,0.0,0.253,-0.223,-0.129,0.103,-0.173,-0.511,-0.2,0.139,-0.413,-0.191,-0.039,0.422,0.197,-0.303,-0.406,0.211,0.128,0.039,0.115,-0.123,-0.201,-0.054,-0.508,-0.083,-0.502,0.101,-0.053,0.149,-0.657,-0.479,-0.061,-0.228,-0.431,-0.374,0.026,0.019,-0.236,-0.338,0.061,0.049,-0.465,-0.243,-0.367,-0.238,-0.085,-0.54,0.136,-0.415,0.068,-0.294,-0.184,-0.165,0.319,-0.226,-0.31,-0.374,-0.481,-0.136,-0.382,-0.245,0.069,-0.483,-0.27,-0.488,-0.211,-0.14,-0.008,-0.283,-0.37,-0.27,-0.608,0.374,-0.228,-0.454,0.11,-0.33,-0.15,0.102,-0.162,-0.286,-0.444,-0.351,0.245,0.079,-0.186,-0.543,-0.009,-0.537,0.088,-0.304,-0.029,-0.221,-0.131,0.197,0.164,-0.452,-0.113,-0.183,-0.197,-0.065,-0.247,-0.323,-0.349,0.168,0.066,0.255,0.246,0.612,0.182,0.086,-0.348,-0.619,-0.079,-0.138,-0.008,-0.284,-0.39,0.153,0.455,-0.242,0.127,-0.155,0.166,0.08,-0.083,0.261,-0.208,-0.367,0.091,-0.562,-0.247,-0.096,-0.297,0.179,-0.164,-0.281,-0.306,0.052,0.349,-0.286,0.0,0.174,-0.654,-0.554,-0.412,-0.06,-0.056,0.193,-0.055,-0.251,0.074,-0.038,-0.026,-0.097,-0.389,-0.287,-0.01,-0.003,-0.214,-0.386,-0.425,0.151,-0.259,0.313,-0.108,-0.531,-0.181,0.107,-0.037,-0.356,-0.206,0.385,0.044,-0.492,-0.22,-0.074,-0.134,-0.524,-0.193
BCRX,0.031,0.172,-0.404,0.584,0.354,-0.059,0.583,-0.559,0.771,-0.344,0.073,0.113,0.371,-0.6,-0.028,-0.303,0.127,-0.005,-0.456,0.429,0.253,0.0,0.293,-0.538,0.496,0.674,0.15,-0.463,0.638,0.183,0.603,0.002,0.638,0.583,0.404,0.02,-0.265,-0.267,0.157,-0.416,-0.309,0.241,-0.413,0.121,-0.336,0.321,0.701,0.409,-0.073,-0.266,0.208,0.346,0.384,0.189,-0.277,-0.398,-0.262,0.705,0.413,0.687,0.322,0.382,-0.257,-0.364,0.585,-0.624,0.091,-0.128,-0.65,-0.013,-0.499,-0.035,0.22,0.693,0.322,0.134,-0.207,0.195,-0.145,-0.104,0.143,-0.161,-0.36,-0.566,0.021,-0.251,0.512,-0.098,0.474,-0.343,0.326,-0.155,0.717,0.155,-0.279,0.114,-0.367,0.479,-0.413,-0.382,0.258,-0.024,-0.023,0.597,-0.009,-0.689,-0.458,0.388,-0.247,-0.001,-0.456,0.068,0.207,-0.232,-0.395,-0.298,0.081,0.054,0.73,0.196,-0.297,0.172,-0.107,-0.181,0.469,-0.181,-0.39,0.627,0.338,0.798,0.351,0.292,0.107,0.426,-0.36,0.615,0.605,0.185,0.016,0.39,-0.548,0.414,-0.532,0.326,-0.081,0.205,0.208,0.137,0.134,-0.017,-0.482,-0.193,0.469,0.052,-0.522,-0.091,-0.159,-0.22,-0.379,0.59,0.453,-0.178,0.13,0.115,0.139,0.382,-0.381,0.265,0.279,-0.421,0.43,-0.014,0.569,-0.341,0.443,0.227,0.467,0.562,0.361,-0.22,0.365,0.136,0.085,-0.005,0.615,-0.582,-0.02,-0.021,0.065,0.144,-0.197,0.213,-0.028,0.439,-0.032,-0.094,-0.479,-0.207,0.242,0.449
BHAT,-0.257,0.121,0.125,-0.159,-0.026,0.326,0.072,-0.348,0.071,0.23,-0.173,-0.383,-0.03,0.113,-0.119,0.41,-0.425,0.393,-0.09,0.353,-0.223,0.293,0.0,0.251,-0.31,0.115,0.062,0.238,-0.039,0.149,0.118,0.263,-0.248,0.239,-0.121,0.306,0.186,-0.013,-0.321,0.233,-0.059,-0.27,0.167,-0.111,-0.495,0.175,-0.173,0.377,-0.076,0.378,-0.001,-0.204,-0.195,0.519,0.419,0.268,0.353,0.259,0.075,-0.104,0.533,-0.075,-0.155,0.023,0.248,0.15,-0.008,0.297,0.161,-0.283,0.346,-0.044,0.518,0.028,-0.193,0.044,0.406,-0.013,0.142,0.323,-0.162,0.389,0.409,0.016,0.256,0.195,0.408,0.378,-0.016,0.418,0.508,0.395,-0.03,-0.182,0.317,0.244,0.14,-0.08,0.243,0.304,-0.113,-0.007,-0.004,-0.111,0.314,-0.047,0.031,0.526,0.338,0.433,0.344,0.264,-0.194,0.424,0.088,0.362,-0.046,0.371,0.327,0.186,0.279,0.061,0.439,-0.039,-0.314,0.189,0.147,0.049,0.113,0.018,-0.2,-0.148,0.373,-0.289,0.284,-0.112,0.014,-0.095,0.319,-0.343,-0.149,-0.264,0.256,-0.272,-0.517,-0.335,-0.216,0.281,0.313,0.413,0.142,0.54,0.323,-0.266,0.11,0.316,-0.208,0.338,0.202,-0.24,-0.137,0.325,0.335,0.122,0.297,0.492,0.173,0.386,0.225,0.258,0.365,0.287,0.192,0.266,-0.007,-0.124,-0.205,0.157,-0.271,0.359,0.3,-0.149,0.294,0.458,0.038,-0.046,0.078,0.534,0.367,-0.475,0.252,0.111,0.302,-0.221,-0.07,-0.086,-0.241,0.281,0.058,-0.197
BLBD,-0.232,-0.25,0.835,-0.648,-0.61,0.5,-0.225,0.059,-0.629,0.867,0.257,-0.667,-0.498,0.719,-0.036,0.82,-0.794,0.731,0.601,0.121,-0.129,-0.538,0.251,0.0,-0.833,-0.562,-0.275,0.866,-0.548,0.024,-0.256,0.645,-0.722,-0.093,-0.344,0.212,0.81,0.708,-0.683,0.916,0.618,-0.766,0.908,-0.57,-0.196,-0.19,-0.844,0.278,0.411,0.512,-0.008,-0.835,-0.803,0.339,0.718,0.86,0.888,-0.558,-0.311,-0.731,0.493,-0.433,-0.087,0.561,-0.214,0.916,-0.142,0.806,0.674,-0.495,0.932,-0.232,0.073,-0.541,-0.761,-0.037,0.775,-0.252,0.65,0.649,-0.407,0.726,0.647,0.585,-0.019,0.523,0.105,0.808,-0.707,0.753,0.331,0.549,-0.424,-0.657,0.618,0.582,0.667,-0.595,0.923,0.895,-0.684,-0.194,-0.322,-0.79,0.684,0.556,0.369,0.398,0.695,0.711,0.904,0.52,-0.599,0.848,0.731,0.866,-0.264,0.621,-0.434,0.33,0.867,-0.33,0.688,-0.137,-0.913,0.751,0.726,-0.206,0.18,-0.648,-0.873,-0.662,0.054,-0.824,0.861,-0.484,-0.649,-0.481,0.689,-0.707,0.511,-0.661,0.909,-0.341,-0.293,-0.751,-0.457,0.463,0.036,0.683,0.67,0.783,-0.197,-0.635,0.873,0.743,0.119,0.8,0.797,-0.902,-0.705,0.783,0.534,-0.108,0.057,0.082,0.859,0.464,0.37,0.92,0.156,0.649,-0.1,0.867,-0.505,-0.271,-0.679,-0.11,-0.865,0.844,-0.039,-0.512,0.618,0.524,-0.701,0.339,-0.262,0.701,0.638,-0.687,0.672,0.236,0.697,-0.847,-0.135,-0.214,0.061,0.745,-0.422,-0.773
BMRN,0.53,0.339,-0.807,0.437,0.68,-0.307,0.338,-0.001,0.583,-0.775,-0.123,0.757,0.668,-0.547,-0.035,-0.768,0.761,-0.619,-0.585,-0.305,0.103,0.496,-0.31,-0.833,0.0,0.635,0.442,-0.735,0.486,0.149,0.347,-0.507,0.76,0.063,0.49,-0.179,-0.776,-0.495,0.734,-0.852,-0.28,0.811,-0.798,0.589,0.448,0.235,0.821,-0.184,-0.32,-0.361,0.275,0.747,0.865,-0.438,-0.517,-0.89,-0.881,0.592,0.498,0.858,-0.387,0.54,0.187,-0.174,0.27,-0.813,0.303,-0.61,-0.568,0.511,-0.822,0.49,-0.022,0.453,0.799,0.224,-0.714,0.387,-0.406,-0.5,0.531,-0.84,-0.603,-0.314,0.142,-0.18,-0.2,-0.659,0.599,-0.534,-0.283,-0.492,0.462,0.656,-0.355,-0.465,-0.701,0.726,-0.847,-0.78,0.703,0.311,0.418,0.732,-0.611,-0.386,-0.147,-0.442,-0.491,-0.721,-0.793,-0.484,0.509,-0.738,-0.797,-0.809,0.448,-0.581,0.293,-0.05,-0.802,0.387,-0.564,0.192,0.82,-0.589,-0.652,0.216,-0.169,0.672,0.758,0.77,-0.023,0.891,-0.682,0.555,0.703,0.6,-0.612,0.825,-0.261,0.708,-0.832,0.328,0.475,0.777,0.309,-0.308,0.103,-0.454,-0.398,-0.583,0.393,0.639,-0.803,-0.48,0.233,-0.629,-0.815,0.79,0.822,-0.684,-0.481,0.299,-0.087,0.127,-0.755,-0.332,-0.317,-0.817,-0.005,-0.574,0.348,-0.772,0.558,0.489,0.81,0.17,0.856,-0.702,0.127,0.658,-0.578,-0.363,0.544,-0.273,0.288,-0.738,-0.531,0.842,-0.54,0.038,-0.708,0.894,0.347,0.415,-0.071,-0.585,0.575,0.876
BNGO,0.491,0.633,-0.55,0.21,0.526,0.277,0.146,-0.338,0.815,-0.502,-0.02,0.484,0.511,-0.392,-0.116,-0.544,0.383,-0.174,-0.758,-0.145,-0.173,0.674,0.115,-0.562,0.635,0.0,0.608,-0.316,0.562,0.619,0.74,0.005,0.48,0.265,0.738,0.31,-0.46,-0.304,0.384,-0.587,-0.135,0.585,-0.453,0.597,0.049,0.541,0.743,0.348,-0.131,-0.011,0.623,0.538,0.671,0.264,-0.113,-0.488,-0.463,0.7,0.813,0.804,0.026,0.759,0.007,-0.026,0.782,-0.625,0.632,-0.313,-0.407,0.15,-0.444,0.21,0.079,0.343,0.648,0.476,-0.217,0.696,0.056,0.054,0.617,-0.424,-0.248,-0.286,0.445,-0.189,0.416,-0.207,0.705,-0.206,0.363,0.15,0.63,0.478,-0.088,0.005,-0.209,0.733,-0.519,-0.425,0.578,0.431,0.273,0.632,-0.191,-0.517,0.045,0.194,0.095,-0.177,-0.355,-0.006,0.465,-0.323,-0.648,-0.588,0.569,0.033,0.779,0.395,-0.423,0.469,-0.021,0.231,0.495,-0.289,-0.659,0.511,0.031,0.737,0.39,0.72,0.444,0.719,-0.311,0.692,0.826,0.654,-0.224,0.412,-0.11,0.561,-0.499,0.476,0.228,0.504,-0.074,0.072,0.416,-0.054,-0.118,-0.143,0.525,0.442,-0.691,-0.002,0.179,-0.08,-0.442,0.387,0.81,-0.362,-0.073,0.65,0.481,0.646,-0.433,0.259,0.114,-0.532,0.583,-0.33,0.6,-0.428,0.635,0.733,0.787,0.618,0.538,-0.143,0.73,0.587,-0.163,0.01,0.23,-0.511,0.343,-0.148,-0.168,0.497,-0.05,0.403,-0.318,0.612,0.541,0.219,-0.301,-0.316,0.678,0.775
BUSE,0.593,0.689,-0.588,-0.279,0.736,0.313,-0.251,0.234,0.329,-0.446,-0.402,0.69,0.425,0.154,0.104,-0.368,0.362,-0.323,-0.69,-0.55,-0.511,0.15,0.062,-0.275,0.442,0.608,0.0,-0.022,-0.131,0.664,0.282,-0.305,-0.045,-0.36,0.456,0.539,-0.558,-0.398,0.595,-0.496,0.073,0.737,-0.33,0.805,0.513,0.46,0.234,-0.121,-0.318,0.342,0.54,0.512,0.719,0.123,0.362,-0.362,-0.402,0.379,0.812,0.429,-0.245,0.677,0.566,0.352,0.431,-0.159,0.744,-0.355,0.278,0.488,-0.088,0.69,0.383,-0.304,0.764,0.665,-0.1,0.762,0.074,0.046,0.855,-0.62,0.294,0.373,0.771,0.167,-0.046,-0.164,0.689,0.27,0.119,0.406,-0.064,0.725,0.321,-0.297,-0.2,0.708,-0.419,-0.259,0.777,0.889,0.75,0.44,-0.441,0.141,0.496,-0.23,0.322,-0.433,-0.021,-0.332,0.496,-0.31,-0.676,-0.517,0.873,-0.152,0.326,0.339,-0.425,0.767,-0.032,0.744,0.243,-0.403,-0.404,-0.164,-0.336,0.163,0.344,0.868,0.732,0.551,-0.02,0.199,0.594,0.902,-0.485,0.241,0.061,0.512,-0.24,0.021,0.426,0.59,-0.29,-0.108,0.526,-0.038,0.39,0.069,0.423,0.717,-0.516,-0.003,0.552,0.12,-0.233,0.037,0.795,-0.363,-0.242,0.822,0.539,0.62,-0.389,-0.05,-0.24,-0.395,0.263,-0.575,0.25,-0.265,0.709,0.67,0.63,0.093,0.541,-0.059,0.548,0.848,-0.493,0.3,-0.073,0.126,0.863,-0.222,-0.382,0.548,0.108,0.122,-0.484,0.543,0.789,0.578,0.164,-0.381,0.939,0.713
CAKE,-0.109,0.075,0.72,-0.629,-0.408,0.609,-0.275,0.093,-0.397,0.728,0.264,-0.473,-0.43,0.7,-0.008,0.634,-0.674,0.734,0.355,-0.129,-0.2,-0.463,0.238,0.866,-0.735,-0.316,-0.022,0.0,-0.472,0.293,-0.071,0.628,-0.695,-0.28,-0.11,0.443,0.704,0.635,-0.543,0.765,0.644,-0.548,0.823,-0.3,-0.11,0.037,-0.725,0.288,0.363,0.552,0.095,-0.628,-0.633,0.349,0.817,0.855,0.828,-0.434,0.009,-0.615,0.436,-0.195,-0.026,0.553,-0.021,0.845,0.05,0.735,0.696,-0.376,0.823,-0.069,0.033,-0.62,-0.541,0.139,0.697,0.038,0.765,0.671,-0.052,0.594,0.698,0.652,0.264,0.367,0.232,0.824,-0.477,0.719,0.471,0.64,-0.31,-0.426,0.669,0.63,0.624,-0.357,0.833,0.814,-0.425,0.06,-0.148,-0.591,0.61,0.543,0.538,0.373,0.788,0.659,0.895,0.543,-0.444,0.768,0.602,0.702,0.021,0.711,-0.263,0.523,0.724,-0.031,0.711,0.07,-0.809,0.611,0.569,-0.08,0.046,-0.533,-0.754,-0.436,0.223,-0.59,0.91,-0.347,-0.467,-0.221,0.569,-0.612,0.581,-0.528,0.865,-0.082,-0.206,-0.528,-0.456,0.407,0.189,0.671,0.744,0.793,-0.037,-0.38,0.738,0.754,0.211,0.859,0.789,-0.845,-0.504,0.641,0.539,0.146,0.326,0.282,0.806,0.519,0.421,0.751,0.34,0.396,-0.069,0.815,-0.262,-0.014,-0.509,-0.002,-0.656,0.881,0.229,-0.277,0.502,0.613,-0.771,0.339,-0.06,0.596,0.543,-0.479,0.797,0.259,0.656,-0.695,0.091,-0.091,0.194,0.589,-0.216,-0.547
CASY,0.216,0.226,-0.228,0.702,0.049,-0.023,0.348,-0.619,0.682,-0.227,0.302,0.074,0.421,-0.781,-0.237,-0.366,0.351,0.003,-0.257,0.199,0.139,0.638,-0.039,-0.548,0.486,0.562,-0.131,-0.472,0.0,-0.001,0.709,0.187,0.781,0.593,0.64,-0.251,-0.157,0.034,-0.058,-0.391,-0.15,0.138,-0.318,0.051,-0.314,0.355,0.795,0.41,0.153,-0.419,0.312,0.237,0.274,0.032,-0.596,-0.451,-0.328,0.674,0.256,0.651,0.206,0.464,-0.549,-0.311,0.403,-0.725,0.051,-0.137,-0.856,-0.308,-0.612,-0.293,-0.318,0.785,0.149,-0.211,-0.232,0.166,-0.089,-0.02,-0.011,-0.07,-0.662,-0.707,-0.244,-0.491,0.524,-0.221,0.222,-0.632,0.265,-0.372,0.823,-0.071,-0.322,0.216,-0.155,0.35,-0.389,-0.321,0.05,-0.354,-0.37,0.307,0.115,-0.787,-0.363,0.254,-0.288,-0.013,-0.493,0.306,0.13,-0.181,-0.239,-0.38,-0.077,0.128,0.553,0.19,-0.186,-0.174,-0.06,-0.452,0.529,-0.02,-0.451,0.803,-0.004,0.811,0.255,0.154,-0.235,0.512,-0.458,0.805,0.559,-0.052,0.1,0.327,-0.242,0.215,-0.546,0.642,-0.152,0.139,0.492,0.253,-0.132,-0.268,-0.491,-0.376,0.203,-0.013,-0.435,-0.107,-0.155,-0.306,-0.505,0.571,0.357,-0.188,0.034,0.035,0.005,0.142,-0.19,0.262,0.312,-0.354,0.446,0.058,0.436,-0.355,0.043,0.319,0.554,0.695,0.276,-0.259,0.185,-0.001,0.177,-0.346,0.451,-0.795,-0.361,-0.136,0.122,0.268,-0.141,0.389,-0.158,0.284,-0.052,-0.197,-0.515,-0.023,0.013,0.386
CCOI,0.429,0.6,-0.094,-0.373,0.319,0.6,-0.104,-0.083,0.381,-0.149,0.135,0.297,0.223,0.263,0.058,-0.135,0.017,0.06,-0.583,-0.375,-0.413,0.183,0.149,0.024,0.149,0.619,0.664,0.293,-0.001,0.0,0.519,0.249,-0.089,-0.197,0.544,0.604,-0.115,0.001,0.134,-0.121,0.272,0.329,0.013,0.48,0.193,0.487,0.136,0.361,-0.137,0.446,0.662,0.137,0.279,0.342,0.473,0.03,0.008,0.241,0.799,0.217,0.113,0.584,0.226,0.378,0.703,0.01,0.636,0.092,0.226,0.083,0.135,0.302,0.059,-0.21,0.408,0.687,0.143,0.737,0.415,0.375,0.659,-0.175,0.31,0.32,0.595,0.184,0.33,0.238,0.403,0.33,0.446,0.589,0.165,0.368,0.364,0.199,0.048,0.391,-0.048,-0.011,0.404,0.647,0.394,0.174,0.01,-0.027,0.468,0.182,0.576,0.025,0.23,0.116,0.212,0.045,-0.361,-0.181,0.738,0.286,0.419,0.601,-0.057,0.565,0.311,0.424,0.027,-0.022,-0.296,0.207,-0.077,0.139,-0.091,0.5,0.567,0.337,0.299,0.247,0.485,0.618,-0.05,-0.046,0.309,0.251,0.162,0.312,0.288,0.27,-0.496,0.116,0.434,0.322,0.445,0.367,0.443,0.3,-0.242,0.389,0.322,0.405,0.105,-0.189,0.489,0.005,0.15,0.748,0.619,0.704,-0.02,0.349,0.086,-0.112,0.611,-0.17,0.374,0.129,0.494,0.745,0.39,0.355,0.17,0.364,0.752,0.549,-0.052,0.518,-0.296,-0.062,0.432,0.09,0.025,0.266,0.421,0.424,-0.051,0.179,0.659,0.148,0.061,0.011,0.605,0.44
