,AAPL,ACRS,ADP,AFYA,AGNC,AGYS,ALT,AMGN,AMPH,AMZN,ANIP,AOSL,APDN,APLT,APVO,ARGX,ARLP,ATEX,ATRA,AUTL,AVDL,BCRX,BHAT,BLBD,BMRN,BNGO,BUSE,CAKE,CASY,CCOI,CEVA,CHY,CLDX,CLMT,COHU,COLM,COST,CPRT,CSWC,CSX,DBX,DCOM,DKNG,DMLP,DOX,EA,EDIT,ENPH,ENSG,ERNA,ESGR,ETNB,EXTR,FANG,FARO,FATE,FGEN,FIVE,FIVN,FLGT,FOLD,FORM,FOXA,FRPT,FSLR,FTAI,GBDC,GDYN,GGAL,GNLN,GRFS,GT,HCAT,HCM,HFWA,HOLX,HQY,HUBG,IAC,ICLR,IDCC,IEP,IHRT,ILMN,ILPT,IMAB,IMOS,INMD,INTZ,JAZZ,JKHY,JRVR,KIDS,LBRDK,LGND,LMAT,LPLA,LULU,MASI,MAT,MATW,MBIN,MBIO,MCRB,MDB,MDLZ,MELI,MIRM,MLKN,MNMD,MNRO,MPWR,MRCY,MRSN,MTVA,NAAS,NDAQ,NDSN,NEGG,NOVT,NVDA,NWE,NWSA,NXST,OCX,ODFL,OMAB,OPCH,OPRA,ORGO,OTRK,OZK,PAGP,PCH,PEGA,PENG,PENN,PFBC,PGNY,PHAT,PHUN,PINC,PLUG,PLXS,PYPL,QLYS,QNCX,QQQX,QVCGA,RAPT,RBBN,RCKT,REPL,RMBS,ROAD,ROKU,ROP,RUSHA,SANM,SATS,SBCF,SBLK,SBUX,SCHL,SCSC,SDGR,SEIC,SFIX,SGRY,SKYW,SLP,SNES,STAA,STLD,STOK,SWKS,TER,TFIN,TIGO,TILE,TPIC,TTEC,TTEK,TTGT,UXIN,VERU,VLYPP,VNOM,VRNS,VRSN,WDAY,WERN,WINA,WKHS,WRLD,XP,XTKG,YY,ZION,ZM
AAPL,0.0,0.571,-0.806,0.639,0.656,0.578,0.444,0.451,-0.782,0.676,0.138,0.593,-0.274,0.515,-0.644,0.541,0.643,0.81,-0.035,0.046,0.523,0.697,-0.083,-0.743,-0.465,-0.592,0.749,-0.851,-0.561,0.838,0.206,0.832,0.502,0.509,0.904,-0.649,0.589,0.233,0.887,0.147,0.421,0.687,-0.563,0.64,0.448,0.539,0.019,-0.125,0.854,0.013,0.745,0.043,0.553,0.613,0.267,-0.598,-0.575,-0.881,0.216,0.174,0.476,0.722,0.648,0.114,-0.585,0.418,0.684,0.577,-0.659,-0.679,0.777,-0.356,0.035,-0.172,0.628,0.755,-0.62,-0.284,0.358,0.796,0.936,0.801,0.38,0.659,0.145,-0.656,0.405,-0.698,-0.419,-0.673,-0.282,-0.049,0.79,0.456,0.872,0.684,-0.671,-0.875,-0.859,-0.523,-0.451,0.744,-0.115,0.787,0.608,-0.353,0.711,0.638,0.602,-0.309,-0.668,0.814,0.835,-0.571,0.457,-0.332,0.707,-0.104,0.873,-0.128,0.39,0.05,0.472,0.768,0.743,0.779,0.261,-0.247,-0.458,0.823,-0.032,0.731,0.756,-0.617,-0.12,0.774,0.623,0.45,0.603,-0.079,0.119,0.251,0.466,0.611,-0.057,0.522,0.541,0.932,0.642,0.094,0.758,-0.337,0.263,0.972,-0.446,0.757,-0.298,-0.065,0.397,0.723,0.727,-0.221,-0.906,0.543,-0.548,0.73,0.181,0.75,0.095,0.697,-0.9,-0.337,0.388,0.26,-0.354,0.614,0.883,0.766,0.696,0.161,-0.516,-0.254,-0.712,0.608,-0.722,0.647,-0.508,0.836,0.671,-0.828,0.599,-0.244,0.438,-0.353,0.782,0.046,-0.652,0.905,0.756,-0.432
ACRS,0.571,0.0,-0.205,0.314,0.649,0.385,0.697,0.58,-0.359,0.268,0.268,0.425,-0.127,0.48,-0.318,0.598,0.298,0.363,-0.014,0.138,0.441,0.489,-0.341,-0.473,0.015,-0.421,0.398,-0.391,-0.308,0.545,0.062,0.501,0.357,0.407,0.607,-0.046,0.262,0.372,0.53,-0.041,0.235,0.352,-0.394,0.55,0.325,0.589,0.275,-0.023,0.549,-0.044,0.413,0.223,0.38,0.371,0.248,-0.009,-0.016,-0.511,-0.178,0.416,0.513,0.282,0.573,-0.107,-0.209,0.087,0.419,0.413,-0.297,-0.434,0.751,-0.277,-0.159,0.016,0.332,0.477,-0.669,-0.189,0.398,0.61,0.588,0.522,0.145,0.7,0.101,-0.349,0.401,-0.415,-0.133,-0.414,-0.106,-0.226,0.529,0.144,0.617,0.454,-0.688,-0.522,-0.539,-0.168,-0.123,0.495,-0.235,0.724,0.224,0.188,0.597,0.521,0.345,-0.132,-0.455,0.438,0.642,-0.02,0.203,-0.031,0.615,-0.012,0.632,0.056,0.121,0.176,0.435,0.456,0.314,0.477,0.399,0.075,-0.284,0.399,0.134,0.426,0.428,-0.264,0.103,0.563,0.497,0.13,0.181,-0.065,0.112,0.418,0.353,0.449,0.112,0.231,0.356,0.47,0.395,0.329,0.464,0.396,0.432,0.549,-0.294,0.314,-0.168,0.168,0.361,0.39,0.49,-0.423,-0.606,0.426,-0.343,0.509,0.45,0.522,-0.026,0.394,-0.569,0.056,0.108,0.016,-0.143,0.529,0.567,0.464,0.333,0.054,-0.312,-0.127,-0.227,0.46,-0.608,0.329,-0.047,0.492,0.243,-0.437,0.343,-0.435,0.505,-0.144,0.49,0.317,-0.48,0.636,0.53,-0.44
ADP,-0.806,-0.205,0.0,-0.567,-0.243,-0.652,-0.265,-0.266,0.816,-0.834,-0.268,-0.644,0.31,-0.226,0.698,-0.519,-0.742,-0.894,0.204,0.293,-0.093,-0.518,-0.136,0.723,0.728,0.656,-0.72,0.869,0.417,-0.648,0.004,-0.63,-0.524,-0.273,-0.688,0.896,-0.443,-0.014,-0.843,-0.218,-0.6,-0.699,0.765,-0.509,-0.471,-0.293,0.361,0.369,-0.641,0.235,-0.584,0.319,-0.57,-0.704,0.064,0.841,0.8,0.878,-0.5,0.009,-0.176,-0.799,-0.461,-0.239,0.721,-0.659,-0.521,-0.581,0.772,0.73,-0.379,0.45,0.075,0.381,-0.554,-0.682,0.235,0.312,-0.099,-0.454,-0.676,-0.82,-0.253,-0.313,-0.013,0.686,0.017,0.612,0.604,0.722,0.233,0.134,-0.453,-0.603,-0.651,-0.452,0.455,0.863,0.796,0.801,0.402,-0.518,0.226,-0.504,-0.804,0.425,-0.594,-0.503,-0.647,0.455,0.529,-0.585,-0.543,0.749,-0.663,0.627,-0.52,0.355,-0.692,0.473,-0.118,0.111,-0.529,-0.734,-0.664,-0.644,0.147,0.496,0.446,-0.81,0.391,-0.651,-0.806,0.798,-0.092,-0.473,-0.388,-0.315,-0.828,0.427,-0.201,-0.228,-0.1,-0.304,0.363,-0.663,-0.465,-0.893,-0.284,0.279,-0.663,0.616,-0.204,-0.822,0.664,-0.889,0.118,0.427,0.017,-0.631,-0.581,-0.133,0.811,-0.417,0.623,-0.485,0.232,-0.59,0.161,-0.669,0.71,0.468,-0.6,-0.268,0.531,-0.325,-0.643,-0.606,-0.737,0.085,0.719,0.533,0.734,-0.29,0.54,-0.591,0.688,-0.814,-0.751,0.827,-0.659,0.179,-0.013,0.433,-0.591,0.2,0.577,-0.753,-0.603,0.076
AFYA,0.639,0.314,-0.567,0.0,0.429,0.604,0.331,0.55,-0.444,0.484,0.204,0.563,-0.512,0.28,-0.636,0.515,0.458,0.654,-0.238,-0.111,0.298,0.428,-0.25,-0.426,-0.223,-0.409,0.681,-0.519,-0.178,0.701,0.006,0.297,0.452,0.414,0.628,-0.427,0.375,0.434,0.644,0.229,0.377,0.639,-0.359,0.38,0.455,0.606,-0.173,-0.258,0.677,-0.062,0.507,-0.091,0.69,0.46,-0.046,-0.518,-0.379,-0.677,0.135,0.239,0.075,0.599,0.579,0.127,-0.636,0.394,0.423,0.527,-0.484,-0.533,0.477,-0.328,0.04,-0.283,0.613,0.656,-0.358,-0.025,0.123,0.569,0.587,0.593,0.086,0.49,0.077,-0.504,0.286,-0.444,-0.531,-0.414,0.223,0.062,0.425,0.45,0.68,0.78,-0.53,-0.637,-0.539,-0.432,-0.473,0.535,0.225,0.596,0.436,-0.31,0.61,0.691,0.548,-0.377,-0.523,0.556,0.408,-0.485,0.476,-0.35,0.607,0.067,0.552,0.065,0.238,0.29,0.444,0.605,0.582,0.583,0.162,0.056,-0.303,0.636,-0.009,0.668,0.558,-0.366,0.059,0.651,0.435,0.573,0.466,0.023,0.213,0.258,0.192,0.479,-0.475,0.303,0.537,0.617,0.362,0.031,0.643,-0.304,0.123,0.668,-0.205,0.56,0.009,0.054,0.308,0.321,0.651,-0.383,-0.631,0.634,-0.384,0.284,0.116,0.673,0.059,0.643,-0.547,-0.227,0.484,0.512,-0.455,0.591,0.609,0.695,0.366,0.206,-0.305,-0.291,-0.481,0.484,-0.667,0.255,-0.357,0.459,0.603,-0.657,0.512,-0.184,0.444,-0.477,0.517,0.143,-0.597,0.658,0.62,-0.485
AGNC,0.656,0.649,-0.243,0.429,0.0,0.306,0.605,0.601,-0.227,0.192,0.154,0.417,-0.121,0.705,-0.283,0.436,0.267,0.412,0.258,0.382,0.72,0.73,-0.326,-0.327,0.075,-0.219,0.608,-0.421,-0.24,0.795,0.445,0.664,0.477,0.59,0.74,-0.105,0.087,0.377,0.546,0.207,0.206,0.554,-0.206,0.561,0.389,0.733,0.541,0.243,0.78,0.298,0.458,0.465,0.472,0.341,0.525,0.042,0.05,-0.481,-0.024,0.48,0.654,0.16,0.663,-0.254,-0.139,-0.075,0.629,0.434,-0.264,-0.339,0.747,0.096,0.19,0.369,0.66,0.659,-0.902,0.194,0.619,0.886,0.745,0.435,0.512,0.892,0.521,-0.262,0.651,-0.467,-0.009,-0.254,-0.097,0.249,0.803,0.262,0.799,0.644,-0.735,-0.535,-0.506,0.086,0.021,0.808,-0.189,0.76,0.146,-0.151,0.606,0.485,0.512,0.159,-0.323,0.508,0.766,0.057,0.19,0.164,0.752,0.491,0.557,0.503,0.307,0.565,0.383,0.574,0.606,0.691,0.77,0.406,-0.318,0.552,0.352,0.659,0.358,-0.008,-0.006,0.86,0.673,0.539,0.204,0.313,0.08,0.479,0.725,0.883,0.329,0.28,0.616,0.514,0.818,0.55,0.701,0.229,0.535,0.679,0.04,0.292,-0.207,0.581,0.823,0.62,0.771,-0.312,-0.591,0.607,0.071,0.725,0.7,0.684,0.493,0.343,-0.548,0.08,0.245,0.267,0.021,0.797,0.698,0.648,0.377,0.594,-0.082,0.234,-0.251,0.813,-0.542,0.498,-0.005,0.546,0.385,-0.32,0.355,0.098,0.841,-0.056,0.737,0.497,-0.228,0.659,0.757,-0.467
AGYS,0.578,0.385,-0.652,0.604,0.306,0.0,0.637,0.769,-0.638,0.881,0.285,0.942,-0.571,-0.062,-0.93,0.874,0.821,0.825,-0.656,-0.658,-0.211,0.628,0.029,-0.785,-0.476,-0.872,0.831,-0.662,-0.147,0.671,-0.419,0.332,0.678,0.245,0.693,-0.647,0.229,0.536,0.813,0.635,0.899,0.847,-0.679,0.771,0.912,0.66,-0.441,-0.752,0.733,-0.384,0.709,-0.508,0.901,0.921,-0.406,-0.668,-0.636,-0.778,0.41,0.584,-0.056,0.775,0.823,0.443,-0.887,0.857,0.328,0.949,-0.88,-0.95,0.309,-0.65,-0.321,-0.324,0.671,0.789,-0.228,0.175,-0.124,0.522,0.526,0.734,-0.128,0.463,-0.177,-0.83,0.124,-0.552,-0.868,-0.804,0.424,-0.185,0.244,0.877,0.621,0.657,-0.452,-0.682,-0.792,-0.706,-0.482,0.543,0.089,0.586,0.844,0.11,0.704,0.893,0.842,-0.732,-0.605,0.503,0.367,-0.623,0.796,-0.774,0.79,-0.186,0.558,-0.129,-0.329,0.174,0.739,0.879,0.674,0.799,-0.085,-0.159,-0.726,0.751,-0.559,0.788,0.917,-0.737,0.567,0.491,0.595,0.525,0.702,-0.52,0.077,0.607,-0.218,0.43,-0.581,0.773,0.519,0.711,0.091,-0.413,0.773,-0.285,0.314,0.628,-0.697,0.849,0.469,-0.142,0.001,0.506,0.689,0.068,-0.755,0.802,-0.499,0.144,0.233,0.809,-0.366,0.884,-0.572,-0.578,0.704,0.681,-0.867,0.5,0.624,0.806,0.616,0.02,-0.747,-0.599,-0.494,0.418,-0.688,0.515,-0.281,0.767,0.857,-0.698,0.95,-0.245,0.3,-0.826,0.653,0.103,-0.616,0.784,0.724,0.042
ALT,0.444,0.697,-0.265,0.331,0.605,0.637,0.0,0.752,-0.322,0.466,0.376,0.682,-0.14,0.351,-0.519,0.801,0.497,0.528,-0.185,-0.139,0.148,0.73,-0.273,-0.506,-0.11,-0.515,0.665,-0.442,-0.061,0.638,-0.049,0.416,0.693,0.489,0.635,-0.217,-0.116,0.363,0.563,0.44,0.629,0.661,-0.529,0.729,0.677,0.745,0.174,-0.258,0.69,-0.197,0.414,0.113,0.67,0.642,0.037,-0.073,-0.124,-0.51,0.15,0.663,0.437,0.291,0.724,-0.099,-0.406,0.284,0.368,0.689,-0.52,-0.615,0.494,-0.173,-0.216,0.089,0.661,0.709,-0.523,0.246,0.322,0.66,0.502,0.504,0.136,0.741,0.174,-0.516,0.241,-0.363,-0.377,-0.443,0.142,-0.002,0.401,0.564,0.67,0.466,-0.634,-0.534,-0.628,-0.183,-0.005,0.672,-0.192,0.645,0.442,0.173,0.589,0.667,0.685,-0.172,-0.301,0.268,0.581,-0.005,0.42,-0.192,0.819,0.181,0.444,0.137,-0.287,0.44,0.613,0.707,0.474,0.661,0.419,0.263,-0.458,0.553,-0.145,0.692,0.567,-0.315,0.491,0.621,0.624,0.43,0.392,-0.246,0.068,0.794,0.107,0.617,-0.054,0.58,0.601,0.472,0.34,0.185,0.685,0.36,0.694,0.503,-0.434,0.505,0.212,0.239,0.382,0.47,0.721,-0.019,-0.63,0.71,-0.121,0.35,0.578,0.687,0.0,0.495,-0.395,-0.092,0.501,0.473,-0.352,0.625,0.532,0.635,0.479,0.228,-0.486,-0.182,-0.256,0.58,-0.577,0.483,-0.118,0.603,0.519,-0.41,0.608,-0.128,0.567,-0.34,0.65,0.413,-0.358,0.649,0.76,-0.064
AMGN,0.451,0.58,-0.266,0.55,0.601,0.769,0.752,0.0,-0.285,0.519,0.34,0.81,-0.469,0.145,-0.679,0.857,0.525,0.533,-0.46,-0.359,0.082,0.604,-0.361,-0.489,0.028,-0.57,0.73,-0.357,0.008,0.696,-0.272,0.198,0.66,0.486,0.66,-0.241,0.061,0.729,0.602,0.542,0.591,0.747,-0.402,0.752,0.821,0.919,-0.008,-0.454,0.729,-0.164,0.53,-0.162,0.847,0.692,-0.197,-0.258,-0.126,-0.591,-0.012,0.813,0.1,0.422,0.916,0.034,-0.568,0.436,0.268,0.78,-0.56,-0.713,0.463,-0.419,-0.336,-0.051,0.691,0.731,-0.536,0.403,0.08,0.671,0.477,0.493,-0.134,0.753,0.035,-0.583,0.428,-0.507,-0.586,-0.531,0.504,0.072,0.301,0.603,0.667,0.755,-0.579,-0.502,-0.575,-0.321,-0.291,0.636,0.124,0.711,0.415,0.263,0.739,0.867,0.681,-0.459,-0.543,0.4,0.341,-0.178,0.602,-0.318,0.856,0.239,0.445,0.293,-0.189,0.491,0.72,0.733,0.536,0.721,0.393,0.334,-0.557,0.555,-0.217,0.759,0.637,-0.32,0.461,0.695,0.669,0.611,0.306,-0.146,0.152,0.684,0.048,0.608,-0.389,0.454,0.531,0.433,0.271,0.041,0.712,0.17,0.462,0.485,-0.316,0.485,0.433,0.348,0.363,0.321,0.755,-0.169,-0.613,0.85,-0.203,0.117,0.628,0.825,-0.124,0.706,-0.412,-0.148,0.551,0.647,-0.596,0.759,0.617,0.787,0.29,0.245,-0.359,-0.273,-0.183,0.545,-0.686,0.327,0.078,0.563,0.562,-0.442,0.709,-0.193,0.7,-0.642,0.606,0.569,-0.471,0.694,0.763,-0.259
AMPH,-0.782,-0.359,0.816,-0.444,-0.227,-0.638,-0.322,-0.285,0.0,-0.788,0.079,-0.61,0.202,-0.077,0.775,-0.476,-0.794,-0.802,0.343,0.293,-0.078,-0.533,-0.173,0.897,0.724,0.727,-0.624,0.898,0.685,-0.561,0.193,-0.627,-0.388,-0.198,-0.739,0.757,-0.617,-0.029,-0.803,-0.26,-0.529,-0.569,0.565,-0.62,-0.521,-0.231,0.415,0.495,-0.639,0.218,-0.769,0.323,-0.426,-0.69,0.142,0.747,0.854,0.843,-0.345,-0.016,-0.126,-0.787,-0.531,-0.397,0.783,-0.692,-0.403,-0.608,0.824,0.773,-0.488,0.605,0.229,0.492,-0.417,-0.592,0.156,0.4,0.041,-0.482,-0.702,-0.671,-0.097,-0.253,0.233,0.813,-0.095,0.632,0.648,0.83,0.241,0.226,-0.449,-0.5,-0.618,-0.417,0.236,0.779,0.899,0.699,0.637,-0.512,0.058,-0.522,-0.778,0.271,-0.466,-0.559,-0.498,0.605,0.68,-0.697,-0.581,0.796,-0.462,0.6,-0.483,0.498,-0.716,0.473,-0.135,0.329,-0.35,-0.722,-0.658,-0.648,0.137,0.62,0.629,-0.686,0.319,-0.594,-0.816,0.875,0.035,-0.404,-0.481,-0.289,-0.594,0.354,0.236,-0.178,0.056,-0.224,0.299,-0.559,-0.216,-0.874,-0.229,0.345,-0.569,0.549,-0.035,-0.773,0.765,-0.831,0.042,0.517,0.097,-0.514,-0.46,-0.043,0.831,-0.391,0.775,-0.408,0.065,-0.588,0.328,-0.698,0.816,0.574,-0.331,-0.304,0.561,-0.287,-0.684,-0.618,-0.729,0.191,0.75,0.397,0.879,-0.348,0.62,-0.583,0.68,-0.768,-0.715,0.809,-0.673,0.413,-0.0,0.564,-0.597,0.317,0.738,-0.787,-0.537,0.107
AMZN,0.676,0.268,-0.834,0.484,0.192,0.881,0.466,0.519,-0.788,0.0,0.191,0.832,-0.443,-0.048,-0.879,0.747,0.849,0.88,-0.573,-0.624,-0.192,0.579,0.159,-0.856,-0.701,-0.851,0.771,-0.805,-0.347,0.597,-0.334,0.469,0.595,0.208,0.687,-0.831,0.388,0.274,0.837,0.5,0.839,0.782,-0.755,0.693,0.764,0.44,-0.521,-0.703,0.66,-0.431,0.707,-0.552,0.743,0.889,-0.364,-0.818,-0.802,-0.825,0.511,0.315,0.005,0.84,0.674,0.42,-0.861,0.86,0.373,0.834,-0.909,-0.934,0.286,-0.671,-0.338,-0.445,0.568,0.744,-0.152,-0.095,-0.117,0.441,0.591,0.742,-0.063,0.311,-0.225,-0.863,0.017,-0.593,-0.842,-0.883,0.141,-0.283,0.283,0.806,0.586,0.501,-0.376,-0.758,-0.843,-0.813,-0.507,0.487,-0.067,0.517,0.916,-0.043,0.644,0.718,0.769,-0.699,-0.643,0.552,0.41,-0.768,0.774,-0.801,0.666,-0.38,0.629,-0.373,-0.212,-0.068,0.655,0.837,0.696,0.731,-0.244,-0.445,-0.661,0.774,-0.636,0.707,0.936,-0.871,0.382,0.404,0.526,0.373,0.791,-0.61,0.1,0.418,-0.201,0.283,-0.516,0.819,0.407,0.818,0.09,-0.502,0.685,-0.502,0.189,0.7,-0.818,0.939,0.271,-0.4,-0.157,0.567,0.589,0.176,-0.8,0.595,-0.638,0.241,-0.023,0.695,-0.391,0.829,-0.664,-0.663,0.656,0.497,-0.825,0.332,0.634,0.693,0.703,-0.132,-0.83,-0.629,-0.595,0.272,-0.64,0.58,-0.466,0.832,0.848,-0.741,0.902,-0.276,0.067,-0.739,0.596,-0.075,-0.632,0.79,0.629,0.096
ANIP,0.138,0.268,-0.268,0.204,0.154,0.285,0.376,0.34,0.079,0.191,0.0,0.386,-0.184,0.291,-0.071,0.47,0.154,0.297,0.088,-0.142,-0.087,0.153,-0.262,0.045,0.112,-0.192,0.353,-0.021,0.532,0.294,0.09,0.061,0.494,0.185,0.117,-0.232,-0.341,0.217,0.276,-0.023,0.301,0.408,-0.634,0.14,0.196,0.375,0.107,0.018,0.19,-0.116,-0.221,0.013,0.411,0.304,0.032,-0.094,0.082,-0.277,0.173,0.258,0.163,0.125,0.165,-0.308,-0.081,0.137,0.177,0.2,-0.101,-0.187,-0.002,0.093,0.049,0.139,0.394,0.262,-0.219,0.165,0.244,0.11,0.008,0.503,0.253,0.365,0.429,0.062,-0.247,-0.068,-0.056,0.019,0.061,0.079,-0.007,0.308,0.217,0.111,-0.546,-0.313,-0.083,-0.381,0.402,0.18,-0.381,0.162,0.201,0.005,0.402,0.208,0.424,0.071,0.15,-0.176,0.089,0.128,0.576,-0.177,0.276,0.148,0.069,-0.129,-0.264,0.447,0.651,0.23,-0.013,0.177,0.058,0.308,0.101,0.322,-0.181,0.283,0.204,-0.059,0.487,0.23,-0.074,0.132,0.489,-0.389,0.693,0.429,0.127,0.217,-0.168,0.291,0.479,0.148,0.061,0.161,0.331,0.257,0.602,0.178,-0.12,0.252,0.034,0.162,0.144,0.279,0.398,0.181,-0.18,0.269,0.059,0.178,-0.06,0.206,0.054,0.131,0.105,0.252,0.584,0.027,-0.082,0.275,0.025,0.173,0.19,0.051,-0.228,-0.482,0.092,0.024,-0.087,0.248,-0.079,0.281,0.148,-0.262,0.154,0.169,0.15,0.104,0.192,0.281,0.099,0.154,0.362,0.026
AOSL,0.593,0.425,-0.644,0.563,0.417,0.942,0.682,0.81,-0.61,0.832,0.386,0.0,-0.537,-0.005,-0.888,0.887,0.833,0.812,-0.565,-0.596,-0.152,0.687,-0.012,-0.748,-0.416,-0.838,0.868,-0.661,-0.093,0.724,-0.384,0.36,0.746,0.28,0.712,-0.663,0.137,0.544,0.826,0.655,0.852,0.89,-0.689,0.805,0.924,0.711,-0.35,-0.677,0.776,-0.284,0.687,-0.447,0.89,0.943,-0.349,-0.616,-0.582,-0.788,0.365,0.639,-0.021,0.726,0.849,0.305,-0.842,0.792,0.349,0.935,-0.869,-0.922,0.313,-0.583,-0.315,-0.219,0.744,0.795,-0.305,0.265,-0.084,0.573,0.53,0.723,-0.002,0.544,-0.045,-0.773,0.139,-0.604,-0.803,-0.756,0.367,-0.082,0.271,0.849,0.657,0.665,-0.49,-0.688,-0.791,-0.689,-0.392,0.622,0.006,0.598,0.807,0.083,0.695,0.869,0.875,-0.645,-0.557,0.49,0.415,-0.543,0.829,-0.713,0.809,-0.09,0.521,-0.098,-0.293,0.283,0.793,0.889,0.693,0.854,0.031,-0.062,-0.753,0.736,-0.505,0.839,0.904,-0.695,0.54,0.555,0.596,0.58,0.679,-0.463,0.102,0.653,-0.138,0.518,-0.524,0.739,0.57,0.7,0.166,-0.331,0.817,-0.233,0.412,0.638,-0.644,0.821,0.458,-0.025,0.095,0.543,0.755,0.153,-0.761,0.813,-0.412,0.202,0.331,0.82,-0.283,0.843,-0.555,-0.481,0.725,0.672,-0.8,0.581,0.632,0.815,0.615,0.116,-0.731,-0.56,-0.491,0.45,-0.649,0.607,-0.254,0.804,0.839,-0.682,0.916,-0.149,0.386,-0.761,0.707,0.158,-0.523,0.788,0.793,0.01
APDN,-0.274,-0.127,0.31,-0.512,-0.121,-0.571,-0.14,-0.469,0.202,-0.443,-0.184,-0.537,0.0,0.268,0.503,-0.528,-0.289,-0.328,0.559,0.507,0.18,-0.064,0.002,0.383,0.145,0.559,-0.347,0.266,0.013,-0.255,0.436,0.016,-0.103,0.001,-0.262,0.323,-0.278,-0.548,-0.398,-0.244,-0.41,-0.369,0.32,-0.273,-0.425,-0.434,0.415,0.504,-0.311,0.34,-0.336,0.539,-0.51,-0.445,0.409,0.458,0.285,0.408,0.053,-0.357,0.294,-0.524,-0.475,-0.328,0.493,-0.528,-0.067,-0.462,0.397,0.501,-0.096,0.566,0.286,0.212,-0.202,-0.272,0.185,-0.146,0.272,-0.141,-0.188,-0.474,0.274,-0.182,0.251,0.421,-0.223,0.406,0.527,0.444,-0.487,0.354,0.002,-0.442,-0.182,-0.521,0.299,0.257,0.282,0.485,0.392,-0.072,-0.271,-0.254,-0.348,-0.246,-0.441,-0.526,-0.367,0.5,0.472,-0.346,0.024,0.475,-0.513,0.52,-0.384,0.2,-0.258,0.078,0.075,-0.035,-0.536,-0.338,-0.261,-0.392,0.142,0.105,0.43,-0.262,0.311,-0.306,-0.511,0.393,-0.226,-0.237,-0.173,-0.174,-0.288,0.366,-0.267,-0.071,0.194,-0.138,0.497,-0.273,-0.244,-0.295,0.098,0.38,-0.288,0.236,0.123,-0.263,0.223,-0.332,-0.279,0.024,0.077,-0.136,-0.25,0.151,0.314,-0.358,0.347,0.114,-0.117,-0.36,0.345,-0.53,0.368,0.371,-0.272,-0.274,0.667,-0.241,-0.32,-0.358,-0.095,0.091,0.331,0.551,0.059,-0.063,0.387,-0.095,-0.04,-0.302,-0.387,0.382,-0.481,0.191,-0.183,0.565,-0.133,-0.09,0.301,-0.384,-0.256,0.219
APLT,0.515,0.48,-0.226,0.28,0.705,-0.062,0.351,0.145,-0.077,-0.048,0.291,-0.005,0.268,0.0,0.119,0.093,-0.059,0.279,0.699,0.716,0.836,0.443,-0.467,0.022,0.142,0.2,0.334,-0.224,-0.161,0.589,0.831,0.658,0.379,0.583,0.493,0.012,-0.008,-0.057,0.286,-0.248,-0.095,0.277,-0.2,0.203,-0.063,0.378,0.749,0.649,0.439,0.337,0.012,0.782,0.151,-0.032,0.826,0.182,0.231,-0.296,0.074,0.041,0.89,-0.088,0.198,-0.529,0.211,-0.403,0.614,0.012,0.081,0.036,0.652,0.433,0.436,0.326,0.445,0.456,-0.727,-0.168,0.912,0.627,0.585,0.353,0.671,0.643,0.708,0.105,0.291,-0.115,0.369,0.051,-0.467,0.279,0.778,-0.062,0.644,0.274,-0.677,-0.501,-0.252,0.179,0.33,0.593,-0.477,0.593,-0.096,-0.503,0.45,0.087,0.227,0.517,-0.043,0.232,0.704,0.315,-0.006,0.457,0.417,0.46,0.457,0.341,0.447,0.422,0.12,0.259,0.332,0.248,0.673,0.33,0.267,0.447,0.53,0.358,0.006,0.211,-0.146,0.631,0.403,0.222,0.216,0.343,0.319,0.299,0.873,0.601,0.522,0.088,0.471,0.374,0.801,0.816,0.434,0.306,0.612,0.558,0.169,0.13,-0.622,0.39,0.742,0.51,0.544,-0.251,-0.398,0.262,0.176,0.797,0.208,0.353,0.697,0.01,-0.275,0.44,0.135,-0.114,0.462,0.491,0.43,0.308,0.329,0.392,0.144,0.384,-0.163,0.559,-0.302,0.248,-0.226,0.316,0.071,-0.185,-0.055,0.101,0.54,0.45,0.484,0.42,-0.08,0.394,0.485,-0.359
APVO,-0.644,-0.318,0.698,-0.636,-0.283,-0.93,-0.519,-0.679,0.775,-0.879,-0.071,-0.888,0.503,0.119,0.0,-0.745,-0.884,-0.849,0.665,0.615,0.156,-0.617,-0.11,0.856,0.605,0.86,-0.823,0.771,0.336,-0.664,0.437,-0.376,-0.585,-0.256,-0.743,0.721,-0.402,-0.42,-0.841,-0.638,-0.802,-0.814,0.566,-0.754,-0.858,-0.554,0.531,0.779,-0.761,0.312,-0.825,0.517,-0.811,-0.9,0.432,0.751,0.779,0.813,-0.385,-0.409,0.117,-0.844,-0.798,-0.48,0.964,-0.866,-0.346,-0.897,0.926,0.949,-0.344,0.689,0.337,0.437,-0.645,-0.76,0.161,-0.07,0.228,-0.534,-0.596,-0.656,0.131,-0.387,0.27,0.909,-0.183,0.61,0.921,0.842,-0.293,0.124,-0.277,-0.813,-0.641,-0.665,0.303,0.7,0.857,0.711,0.675,-0.575,-0.209,-0.551,-0.86,0.01,-0.596,-0.865,-0.758,0.795,0.68,-0.635,-0.383,0.766,-0.7,0.779,-0.715,0.254,-0.606,0.212,0.175,-0.039,-0.59,-0.884,-0.744,-0.814,0.101,0.305,0.805,-0.75,0.517,-0.796,-0.93,0.812,-0.357,-0.494,-0.607,-0.586,-0.629,0.404,0.15,-0.455,0.239,-0.391,0.598,-0.717,-0.428,-0.775,-0.109,0.47,-0.747,0.473,-0.124,-0.68,0.715,-0.866,-0.43,0.253,0.031,-0.461,-0.649,-0.034,0.794,-0.724,0.61,-0.147,-0.204,-0.796,0.403,-0.894,0.681,0.679,-0.614,-0.719,0.859,-0.487,-0.684,-0.832,-0.642,-0.008,0.769,0.526,0.689,-0.455,0.688,-0.543,0.416,-0.764,-0.898,0.764,-0.926,0.273,-0.251,0.89,-0.659,0.062,0.704,-0.803,-0.698,0.03
ARGX,0.541,0.598,-0.519,0.515,0.436,0.874,0.801,0.857,-0.476,0.747,0.47,0.887,-0.528,0.093,-0.745,0.0,0.646,0.681,-0.533,-0.516,-0.082,0.584,-0.184,-0.677,-0.259,-0.775,0.738,-0.558,-0.091,0.636,-0.366,0.305,0.664,0.382,0.658,-0.486,0.132,0.562,0.722,0.435,0.774,0.765,-0.737,0.764,0.806,0.797,-0.208,-0.581,0.69,-0.423,0.51,-0.337,0.834,0.829,-0.295,-0.457,-0.357,-0.718,0.158,0.683,0.12,0.605,0.842,0.117,-0.67,0.623,0.287,0.832,-0.71,-0.852,0.415,-0.565,-0.426,-0.179,0.619,0.732,-0.429,0.137,0.071,0.546,0.494,0.704,-0.116,0.624,-0.088,-0.71,0.163,-0.557,-0.689,-0.71,0.332,-0.25,0.246,0.718,0.626,0.601,-0.654,-0.656,-0.716,-0.602,-0.275,0.534,-0.098,0.664,0.652,0.268,0.779,0.83,0.748,-0.535,-0.587,0.381,0.415,-0.358,0.716,-0.536,0.836,-0.121,0.547,-0.095,-0.318,0.255,0.873,0.784,0.506,0.709,0.118,0.022,-0.558,0.629,-0.433,0.722,0.812,-0.608,0.526,0.567,0.551,0.392,0.561,-0.54,0.284,0.67,-0.102,0.426,-0.45,0.659,0.552,0.596,0.122,-0.15,0.684,0.071,0.486,0.568,-0.634,0.704,0.32,-0.008,0.088,0.432,0.696,-0.021,-0.735,0.737,-0.436,0.171,0.345,0.747,-0.319,0.755,-0.523,-0.296,0.628,0.493,-0.734,0.564,0.589,0.692,0.484,-0.039,-0.67,-0.591,-0.283,0.346,-0.681,0.451,-0.156,0.713,0.637,-0.618,0.801,-0.32,0.412,-0.641,0.57,0.36,-0.546,0.774,0.736,-0.115
ARLP,0.643,0.298,-0.742,0.458,0.267,0.821,0.497,0.525,-0.794,0.849,0.154,0.833,-0.289,-0.059,-0.884,0.646,0.0,0.858,-0.488,-0.532,-0.179,0.688,0.297,-0.827,-0.681,-0.824,0.808,-0.799,-0.264,0.639,-0.33,0.464,0.641,0.173,0.687,-0.807,0.268,0.233,0.844,0.635,0.778,0.798,-0.62,0.731,0.776,0.406,-0.463,-0.671,0.741,-0.215,0.778,-0.46,0.685,0.904,-0.327,-0.714,-0.835,-0.773,0.501,0.321,-0.052,0.773,0.662,0.434,-0.878,0.82,0.395,0.822,-0.925,-0.879,0.241,-0.533,-0.256,-0.306,0.66,0.696,-0.111,0.072,-0.176,0.508,0.552,0.648,0.088,0.35,-0.124,-0.826,0.031,-0.594,-0.805,-0.766,0.081,-0.023,0.28,0.811,0.606,0.488,-0.246,-0.675,-0.847,-0.721,-0.489,0.609,0.042,0.441,0.906,-0.081,0.459,0.719,0.759,-0.637,-0.482,0.531,0.438,-0.729,0.683,-0.778,0.616,-0.232,0.546,-0.318,-0.222,0.055,0.564,0.868,0.7,0.812,-0.124,-0.335,-0.793,0.763,-0.547,0.772,0.895,-0.82,0.348,0.423,0.495,0.566,0.712,-0.406,-0.168,0.472,-0.182,0.402,-0.442,0.76,0.422,0.78,0.129,-0.458,0.75,-0.485,0.236,0.661,-0.723,0.888,0.384,-0.277,-0.029,0.583,0.627,0.261,-0.743,0.612,-0.538,0.269,0.158,0.697,-0.326,0.776,-0.636,-0.639,0.653,0.637,-0.708,0.384,0.6,0.768,0.734,0.069,-0.815,-0.513,-0.743,0.435,-0.491,0.727,-0.476,0.828,0.893,-0.765,0.866,-0.1,0.154,-0.714,0.712,-0.192,-0.524,0.73,0.701,0.107
ATEX,0.81,0.363,-0.894,0.654,0.412,0.825,0.528,0.533,-0.802,0.88,0.297,0.812,-0.328,0.279,-0.849,0.681,0.858,0.0,-0.264,-0.333,0.088,0.709,0.057,-0.781,-0.674,-0.728,0.916,-0.873,-0.325,0.823,-0.025,0.652,0.736,0.379,0.835,-0.845,0.319,0.2,0.935,0.45,0.766,0.892,-0.764,0.715,0.713,0.511,-0.291,-0.455,0.825,-0.185,0.694,-0.24,0.777,0.864,-0.088,-0.753,-0.764,-0.907,0.583,0.235,0.239,0.803,0.691,0.252,-0.823,0.716,0.619,0.8,-0.861,-0.863,0.436,-0.423,-0.068,-0.313,0.782,0.874,-0.309,-0.097,0.145,0.645,0.734,0.836,0.265,0.5,0.096,-0.78,0.072,-0.572,-0.709,-0.758,-0.05,-0.029,0.525,0.785,0.804,0.591,-0.514,-0.903,-0.897,-0.739,-0.403,0.726,-0.155,0.63,0.87,-0.325,0.672,0.721,0.833,-0.494,-0.543,0.606,0.606,-0.677,0.74,-0.656,0.738,-0.153,0.715,-0.249,-0.029,0.152,0.631,0.926,0.824,0.811,0.005,-0.29,-0.591,0.94,-0.405,0.866,0.898,-0.756,0.323,0.605,0.594,0.57,0.864,-0.386,0.096,0.509,0.093,0.516,-0.373,0.797,0.599,0.934,0.362,-0.217,0.865,-0.452,0.387,0.87,-0.68,0.961,0.107,-0.247,0.143,0.713,0.793,0.121,-0.892,0.675,-0.528,0.504,0.043,0.797,-0.106,0.8,-0.709,-0.5,0.72,0.546,-0.599,0.509,0.737,0.827,0.846,0.098,-0.766,-0.453,-0.755,0.533,-0.643,0.691,-0.614,0.903,0.917,-0.85,0.837,-0.131,0.248,-0.564,0.793,-0.044,-0.609,0.86,0.813,-0.023
ATRA,-0.035,-0.014,0.204,-0.238,0.258,-0.656,-0.185,-0.46,0.343,-0.573,0.088,-0.565,0.559,0.699,0.665,-0.533,-0.488,-0.264,0.0,0.865,0.614,-0.057,-0.177,0.525,0.296,0.666,-0.235,0.228,0.092,0.0,0.893,0.289,-0.107,0.139,-0.131,0.298,-0.277,-0.466,-0.275,-0.488,-0.533,-0.282,0.218,-0.363,-0.599,-0.256,0.748,0.931,-0.151,0.552,-0.457,0.839,-0.455,-0.539,0.812,0.511,0.464,0.301,0.013,-0.415,0.629,-0.529,-0.449,-0.579,0.68,-0.752,0.281,-0.559,0.569,0.633,0.11,0.804,0.648,0.549,-0.042,-0.167,-0.263,-0.138,0.684,0.067,0.011,-0.181,0.71,0.101,0.71,0.643,0.017,0.357,0.807,0.592,-0.642,0.395,0.364,-0.479,0.019,-0.293,-0.113,0.09,0.331,0.524,0.641,0.087,-0.468,-0.081,-0.497,-0.483,-0.227,-0.569,-0.297,0.875,0.512,-0.207,0.24,0.579,-0.45,0.701,-0.25,0.46,-0.103,0.279,0.433,0.261,-0.373,-0.337,-0.136,-0.29,0.46,0.306,0.597,-0.106,0.632,-0.217,-0.556,0.595,-0.335,0.064,-0.162,-0.13,-0.144,0.512,0.121,-0.129,0.731,0.178,0.756,-0.311,0.069,-0.152,0.479,0.736,-0.131,0.292,0.295,-0.013,0.556,-0.379,-0.661,0.334,0.496,0.158,-0.029,-0.026,0.239,-0.343,0.519,0.519,-0.045,-0.297,0.769,-0.58,0.223,0.596,-0.241,-0.473,0.897,-0.031,-0.155,-0.294,-0.022,0.346,0.492,0.617,0.139,0.152,0.361,-0.016,-0.037,-0.211,-0.385,0.304,-0.598,0.409,0.107,0.887,-0.022,0.103,0.481,-0.282,-0.094,-0.083
AUTL,0.046,0.138,0.293,-0.111,0.382,-0.658,-0.139,-0.359,0.293,-0.624,-0.142,-0.596,0.507,0.716,0.615,-0.516,-0.532,-0.333,0.865,0.0,0.807,-0.0,-0.305,0.43,0.408,0.66,-0.277,0.218,-0.145,0.024,0.82,0.273,-0.22,0.259,-0.039,0.46,-0.078,-0.352,-0.299,-0.513,-0.655,-0.358,0.398,-0.326,-0.601,-0.129,0.796,0.911,-0.073,0.577,-0.312,0.899,-0.471,-0.612,0.844,0.588,0.528,0.27,-0.283,-0.309,0.637,-0.54,-0.324,-0.571,0.648,-0.83,0.232,-0.559,0.571,0.603,0.348,0.694,0.541,0.442,-0.104,-0.174,-0.405,-0.207,0.682,0.195,0.145,-0.245,0.574,0.193,0.572,0.538,0.252,0.231,0.796,0.541,-0.553,0.321,0.442,-0.598,0.101,-0.151,-0.157,0.095,0.27,0.659,0.428,0.117,-0.245,0.075,-0.606,-0.427,-0.178,-0.427,-0.395,0.789,0.299,-0.052,0.337,0.544,-0.6,0.813,-0.182,0.438,-0.017,0.384,0.584,0.168,-0.481,-0.344,-0.115,-0.253,0.579,0.357,0.518,-0.172,0.818,-0.215,-0.557,0.609,-0.567,0.182,-0.046,-0.098,-0.379,0.7,-0.005,-0.198,0.76,0.233,0.762,-0.471,0.023,-0.157,0.575,0.838,-0.147,0.381,0.141,0.031,0.576,-0.463,-0.742,0.41,0.595,0.032,-0.042,-0.336,0.17,-0.274,0.418,0.487,0.112,-0.227,0.731,-0.539,0.063,0.6,-0.46,-0.421,0.858,0.08,-0.039,-0.235,-0.177,0.352,0.585,0.728,0.099,0.259,0.168,-0.127,0.022,-0.279,-0.453,0.288,-0.613,0.214,0.268,0.78,-0.008,0.151,0.269,-0.179,-0.091,-0.375
AVDL,0.523,0.441,-0.093,0.298,0.72,-0.211,0.148,0.082,-0.078,-0.192,-0.087,-0.152,0.18,0.836,0.156,-0.082,-0.179,0.088,0.614,0.807,0.0,0.339,-0.462,0.024,0.227,0.271,0.161,-0.192,-0.389,0.489,0.73,0.574,0.083,0.547,0.458,0.158,0.264,0.002,0.174,-0.308,-0.353,0.072,0.134,0.106,-0.202,0.318,0.714,0.662,0.393,0.465,0.144,0.753,-0.025,-0.207,0.81,0.184,0.256,-0.227,-0.259,-0.023,0.748,-0.084,0.181,-0.43,0.245,-0.496,0.478,-0.132,0.172,0.144,0.75,0.308,0.402,0.277,0.253,0.291,-0.741,-0.227,0.75,0.629,0.614,0.16,0.512,0.581,0.505,0.094,0.542,-0.248,0.408,0.077,-0.449,0.253,0.8,-0.287,0.565,0.379,-0.524,-0.345,-0.183,0.338,0.039,0.504,-0.171,0.574,-0.278,-0.47,0.33,0.045,-0.01,0.45,-0.215,0.427,0.663,0.214,-0.263,0.563,0.302,0.403,0.452,0.419,0.741,0.226,-0.121,0.113,0.292,0.197,0.722,0.266,0.203,0.244,0.698,0.229,-0.089,0.252,-0.516,0.632,0.39,0.184,-0.116,0.623,0.11,0.003,0.892,0.555,0.535,-0.206,0.307,0.287,0.818,0.794,0.283,0.209,0.244,0.505,0.347,-0.063,-0.686,0.44,0.77,0.304,0.37,-0.519,-0.332,0.153,0.089,0.679,0.314,0.29,0.668,-0.021,-0.395,0.391,-0.187,-0.169,0.469,0.49,0.496,0.251,0.101,0.406,0.337,0.538,-0.172,0.558,-0.337,0.087,-0.087,0.152,-0.07,-0.131,-0.194,-0.041,0.6,0.366,0.374,0.343,-0.175,0.354,0.334,-0.64
BCRX,0.697,0.489,-0.518,0.428,0.73,0.628,0.73,0.604,-0.533,0.579,0.153,0.687,-0.064,0.443,-0.617,0.584,0.688,0.709,-0.057,-0.0,0.339,0.0,-0.019,-0.642,-0.295,-0.534,0.832,-0.664,-0.255,0.839,0.157,0.659,0.752,0.481,0.783,-0.461,0.037,0.264,0.723,0.588,0.63,0.792,-0.45,0.745,0.701,0.641,0.158,-0.176,0.885,0.137,0.695,0.132,0.68,0.699,0.209,-0.268,-0.402,-0.64,0.397,0.54,0.457,0.397,0.727,0.088,-0.542,0.351,0.548,0.739,-0.698,-0.662,0.546,-0.117,0.102,0.151,0.826,0.821,-0.563,0.243,0.36,0.849,0.733,0.548,0.451,0.729,0.369,-0.579,0.313,-0.512,-0.385,-0.482,0.019,0.168,0.644,0.672,0.818,0.583,-0.557,-0.658,-0.771,-0.203,-0.144,0.864,-0.095,0.664,0.608,-0.214,0.549,0.681,0.783,-0.151,-0.342,0.486,0.792,-0.271,0.433,-0.281,0.806,0.244,0.55,0.199,-0.073,0.456,0.428,0.84,0.796,0.879,0.381,0.173,-0.612,0.751,-0.052,0.847,0.659,-0.385,0.24,0.715,0.721,0.668,0.544,0.023,-0.103,0.704,0.328,0.822,0.058,0.661,0.732,0.704,0.638,0.137,0.889,-0.064,0.601,0.734,-0.415,0.675,0.095,0.255,0.539,0.745,0.853,0.05,-0.732,0.79,-0.102,0.603,0.523,0.8,0.251,0.557,-0.592,-0.328,0.516,0.599,-0.309,0.651,0.666,0.797,0.643,0.502,-0.473,-0.023,-0.582,0.808,-0.548,0.748,-0.28,0.763,0.743,-0.526,0.707,0.129,0.625,-0.36,0.903,0.16,-0.317,0.761,0.869,-0.069
BHAT,-0.083,-0.341,-0.136,-0.25,-0.326,0.029,-0.273,-0.361,-0.173,0.159,-0.262,-0.012,0.002,-0.467,-0.11,-0.184,0.297,0.057,-0.177,-0.305,-0.462,-0.019,0.0,-0.213,-0.516,-0.263,-0.083,-0.203,-0.057,-0.246,-0.249,0.005,-0.179,-0.506,-0.192,-0.366,-0.037,-0.306,0.068,0.229,0.206,-0.073,-0.06,-0.089,-0.031,-0.469,-0.46,-0.269,-0.102,-0.025,0.175,-0.414,-0.192,0.175,-0.272,-0.218,-0.494,0.095,0.381,-0.278,-0.387,0.169,-0.235,0.482,-0.182,0.338,0.021,0.032,-0.233,-0.079,-0.429,-0.077,0.069,0.049,-0.168,-0.227,0.431,0.001,-0.435,-0.31,-0.186,-0.016,0.098,-0.427,-0.213,-0.135,-0.25,0.053,-0.175,-0.081,-0.12,-0.164,-0.259,0.213,-0.313,-0.348,0.416,0.155,-0.037,-0.204,-0.105,-0.209,0.016,-0.483,0.373,0.085,-0.434,-0.187,-0.018,-0.149,0.202,-0.069,-0.13,-0.41,-0.009,-0.436,-0.305,-0.386,-0.177,-0.418,-0.261,-0.261,-0.118,-0.009,0.035,0.066,-0.485,-0.45,-0.335,-0.039,-0.395,-0.135,0.162,-0.309,0.017,-0.405,-0.326,-0.07,0.207,-0.255,-0.359,-0.261,-0.348,-0.228,-0.005,0.26,-0.18,0.068,-0.305,-0.609,-0.112,-0.46,-0.323,-0.113,-0.259,0.184,0.184,-0.395,-0.4,0.152,-0.252,0.413,0.13,-0.296,-0.102,-0.058,-0.209,-0.288,-0.265,-0.043,-0.074,-0.586,-0.026,-0.003,-0.179,-0.464,-0.221,-0.171,0.207,-0.071,-0.36,-0.25,-0.218,-0.218,0.417,0.341,-0.139,0.101,0.216,-0.09,0.15,0.271,-0.481,-0.126,-0.044,-0.677,0.216,-0.158,-0.186,0.428
BLBD,-0.743,-0.473,0.723,-0.426,-0.327,-0.785,-0.506,-0.489,0.897,-0.856,0.045,-0.748,0.383,0.022,0.856,-0.677,-0.827,-0.781,0.525,0.43,0.024,-0.642,-0.213,0.0,0.675,0.892,-0.672,0.869,0.607,-0.57,0.35,-0.57,-0.419,-0.19,-0.741,0.704,-0.518,-0.21,-0.837,-0.413,-0.709,-0.632,0.616,-0.721,-0.684,-0.395,0.446,0.636,-0.712,0.303,-0.847,0.426,-0.573,-0.817,0.269,0.663,0.8,0.803,-0.317,-0.277,-0.079,-0.776,-0.69,-0.467,0.827,-0.755,-0.398,-0.774,0.909,0.9,-0.487,0.7,0.341,0.376,-0.449,-0.645,0.263,0.225,0.103,-0.522,-0.684,-0.679,0.003,-0.366,0.299,0.89,-0.226,0.665,0.735,0.885,0.001,0.368,-0.385,-0.661,-0.615,-0.472,0.347,0.716,0.922,0.655,0.604,-0.514,-0.011,-0.552,-0.848,-0.043,-0.531,-0.719,-0.618,0.659,0.694,-0.644,-0.579,0.77,-0.523,0.686,-0.628,0.469,-0.717,0.37,0.104,0.191,-0.492,-0.798,-0.688,-0.764,0.133,0.492,0.797,-0.676,0.414,-0.645,-0.911,0.887,-0.146,-0.425,-0.554,-0.314,-0.591,0.457,0.216,-0.332,0.132,-0.305,0.316,-0.705,-0.325,-0.837,-0.172,0.417,-0.627,0.403,-0.087,-0.724,0.838,-0.844,-0.137,0.4,0.096,-0.563,-0.521,0.017,0.829,-0.52,0.729,-0.358,-0.148,-0.656,0.414,-0.746,0.849,0.71,-0.361,-0.412,0.723,-0.334,-0.671,-0.671,-0.684,0.122,0.841,0.495,0.728,-0.396,0.673,-0.655,0.477,-0.808,-0.782,0.759,-0.841,0.375,-0.124,0.699,-0.628,0.214,0.693,-0.833,-0.602,0.067
BMRN,-0.465,0.015,0.728,-0.223,0.075,-0.476,-0.11,0.028,0.724,-0.701,0.112,-0.416,0.145,0.142,0.605,-0.259,-0.681,-0.674,0.296,0.408,0.227,-0.295,-0.516,0.675,0.0,0.597,-0.442,0.775,0.441,-0.273,0.192,-0.447,-0.193,0.017,-0.408,0.817,-0.343,0.277,-0.601,-0.264,-0.567,-0.409,0.545,-0.329,-0.32,0.107,0.586,0.496,-0.362,0.297,-0.498,0.439,-0.253,-0.588,0.295,0.702,0.874,0.543,-0.578,0.261,0.073,-0.659,-0.206,-0.408,0.633,-0.647,-0.346,-0.437,0.685,0.587,-0.03,0.412,0.146,0.376,-0.253,-0.383,-0.148,0.347,0.204,-0.121,-0.379,-0.471,-0.1,0.062,0.296,0.664,0.136,0.357,0.603,0.631,0.278,0.241,-0.161,-0.521,-0.284,-0.086,0.025,0.534,0.625,0.638,0.402,-0.241,0.149,-0.09,-0.787,0.21,-0.131,-0.236,-0.399,0.46,0.309,-0.398,-0.275,0.763,-0.411,0.666,-0.207,0.54,-0.426,0.612,0.066,0.335,-0.239,-0.535,-0.488,-0.419,0.381,0.727,0.505,-0.553,0.563,-0.371,-0.657,0.797,-0.127,-0.086,-0.152,-0.121,-0.638,0.522,0.253,-0.042,0.244,-0.01,0.285,-0.645,-0.132,-0.676,0.087,0.573,-0.362,0.657,0.091,-0.5,0.711,-0.739,-0.071,0.673,0.349,-0.429,-0.222,-0.258,0.541,-0.097,0.588,-0.233,0.281,-0.245,0.364,-0.433,0.559,0.67,-0.4,-0.233,0.501,0.047,-0.365,-0.321,-0.659,0.224,0.789,0.453,0.681,-0.077,0.224,-0.526,0.646,-0.596,-0.672,0.604,-0.559,0.099,0.319,0.433,-0.335,0.543,0.418,-0.45,-0.295,-0.27
BNGO,-0.592,-0.421,0.656,-0.409,-0.219,-0.872,-0.515,-0.57,0.727,-0.851,-0.192,-0.838,0.559,0.2,0.86,-0.775,-0.824,-0.728,0.666,0.66,0.271,-0.534,-0.263,0.892,0.597,0.0,-0.661,0.733,0.294,-0.504,0.52,-0.391,-0.409,-0.065,-0.61,0.686,-0.366,-0.4,-0.807,-0.491,-0.805,-0.656,0.686,-0.687,-0.754,-0.436,0.539,0.765,-0.632,0.397,-0.753,0.604,-0.666,-0.878,0.431,0.668,0.748,0.729,-0.314,-0.419,0.122,-0.808,-0.674,-0.552,0.834,-0.876,-0.3,-0.824,0.881,0.907,-0.301,0.735,0.346,0.305,-0.439,-0.567,0.18,0.013,0.268,-0.391,-0.504,-0.725,0.107,-0.332,0.316,0.829,-0.145,0.63,0.806,0.844,-0.211,0.402,-0.19,-0.759,-0.463,-0.48,0.367,0.598,0.79,0.752,0.515,-0.381,-0.041,-0.437,-0.87,-0.248,-0.542,-0.74,-0.688,0.728,0.59,-0.513,-0.387,0.732,-0.671,0.834,-0.61,0.444,-0.593,0.388,0.299,0.091,-0.663,-0.759,-0.545,-0.745,0.246,0.412,0.809,-0.634,0.591,-0.599,-0.921,0.862,-0.387,-0.325,-0.429,-0.292,-0.638,0.628,0.045,-0.392,0.268,-0.252,0.461,-0.733,-0.392,-0.711,0.024,0.556,-0.609,0.34,-0.123,-0.587,0.783,-0.803,-0.353,0.317,0.173,-0.519,-0.478,-0.072,0.711,-0.543,0.656,-0.188,-0.155,-0.621,0.532,-0.787,0.688,0.706,-0.496,-0.432,0.851,-0.297,-0.551,-0.634,-0.606,0.135,0.864,0.726,0.537,-0.277,0.574,-0.626,0.279,-0.769,-0.769,0.731,-0.869,0.296,-0.115,0.767,-0.551,0.163,0.552,-0.721,-0.56,-0.025
BUSE,0.749,0.398,-0.72,0.681,0.608,0.831,0.665,0.73,-0.624,0.771,0.353,0.868,-0.347,0.334,-0.823,0.738,0.808,0.916,-0.235,-0.277,0.161,0.832,-0.083,-0.672,-0.442,-0.661,0.0,-0.748,-0.138,0.918,0.022,0.589,0.837,0.51,0.863,-0.69,0.133,0.397,0.883,0.621,0.759,0.983,-0.645,0.802,0.825,0.731,-0.095,-0.386,0.927,-0.063,0.681,-0.108,0.886,0.865,-0.021,-0.58,-0.562,-0.828,0.497,0.487,0.278,0.665,0.823,0.14,-0.76,0.604,0.603,0.859,-0.798,-0.826,0.458,-0.275,-0.015,-0.108,0.946,0.934,-0.456,0.218,0.213,0.795,0.723,0.74,0.308,0.688,0.268,-0.713,0.224,-0.573,-0.659,-0.63,0.125,0.186,0.562,0.825,0.868,0.724,-0.589,-0.816,-0.833,-0.547,-0.295,0.87,-0.055,0.69,0.756,-0.257,0.703,0.808,0.914,-0.389,-0.463,0.574,0.615,-0.48,0.737,-0.516,0.871,0.173,0.611,0.064,-0.079,0.451,0.686,0.962,0.842,0.91,0.255,0.06,-0.622,0.92,-0.29,0.98,0.835,-0.553,0.401,0.763,0.701,0.786,0.753,-0.212,0.091,0.684,0.189,0.75,-0.308,0.756,0.737,0.824,0.494,-0.047,0.964,-0.274,0.533,0.824,-0.497,0.853,0.236,0.105,0.401,0.719,0.946,0.096,-0.837,0.858,-0.277,0.485,0.354,0.909,0.074,0.788,-0.605,-0.385,0.784,0.722,-0.556,0.722,0.762,0.932,0.749,0.372,-0.615,-0.312,-0.633,0.699,-0.646,0.707,-0.418,0.867,0.905,-0.732,0.841,0.051,0.538,-0.567,0.891,0.199,-0.477,0.848,0.948,-0.087
CAKE,-0.851,-0.391,0.869,-0.519,-0.421,-0.662,-0.442,-0.357,0.898,-0.805,-0.021,-0.661,0.266,-0.224,0.771,-0.558,-0.799,-0.873,0.228,0.218,-0.192,-0.664,-0.203,0.869,0.775,0.733,-0.748,0.0,0.613,-0.702,0.044,-0.74,-0.464,-0.361,-0.819,0.827,-0.495,-0.021,-0.88,-0.316,-0.623,-0.697,0.652,-0.677,-0.535,-0.367,0.282,0.389,-0.773,0.172,-0.75,0.209,-0.526,-0.755,0.026,0.727,0.815,0.857,-0.415,-0.075,-0.254,-0.778,-0.607,-0.246,0.742,-0.619,-0.577,-0.654,0.826,0.789,-0.526,0.464,0.113,0.283,-0.588,-0.72,0.35,0.29,-0.111,-0.621,-0.791,-0.734,-0.271,-0.421,0.052,0.827,-0.175,0.685,0.632,0.792,0.296,0.161,-0.57,-0.595,-0.733,-0.487,0.437,0.847,0.928,0.632,0.498,-0.659,0.167,-0.576,-0.812,0.302,-0.534,-0.564,-0.639,0.45,0.606,-0.712,-0.704,0.734,-0.502,0.552,-0.633,0.329,-0.75,0.377,-0.147,0.108,-0.478,-0.821,-0.752,-0.769,-0.041,0.483,0.637,-0.795,0.311,-0.725,-0.859,0.818,-0.022,-0.569,-0.509,-0.405,-0.679,0.331,0.121,-0.293,-0.112,-0.417,0.201,-0.674,-0.458,-0.935,-0.36,0.225,-0.706,0.497,-0.178,-0.871,0.708,-0.879,0.08,0.364,-0.085,-0.655,-0.63,-0.037,0.902,-0.47,0.635,-0.549,-0.073,-0.652,0.153,-0.691,0.871,0.553,-0.452,-0.361,0.539,-0.396,-0.769,-0.681,-0.798,-0.007,0.777,0.371,0.837,-0.464,0.601,-0.708,0.662,-0.873,-0.798,0.836,-0.715,0.224,-0.171,0.508,-0.718,0.206,0.64,-0.854,-0.702,0.137
CASY,-0.561,-0.308,0.417,-0.178,-0.24,-0.147,-0.061,0.008,0.685,-0.347,0.532,-0.093,0.013,-0.161,0.336,-0.091,-0.264,-0.325,0.092,-0.145,-0.389,-0.255,-0.057,0.607,0.441,0.294,-0.138,0.613,0.0,-0.242,0.007,-0.495,0.079,-0.172,-0.497,0.287,-0.699,0.206,-0.36,0.124,-0.018,-0.053,0.094,-0.256,-0.062,-0.02,0.131,0.132,-0.313,0.095,-0.526,0.039,0.029,-0.158,-0.081,0.349,0.438,0.49,0.106,0.186,-0.238,-0.373,-0.274,-0.142,0.315,-0.159,-0.199,-0.15,0.387,0.348,-0.591,0.443,0.227,0.394,0.032,-0.259,0.287,0.592,-0.105,-0.332,-0.595,-0.248,0.008,-0.119,0.298,0.516,-0.313,0.449,0.226,0.575,0.385,0.321,-0.461,0.031,-0.395,-0.205,0.096,0.479,0.57,0.19,0.553,-0.238,0.072,-0.437,-0.244,0.253,-0.259,-0.183,0.02,0.288,0.673,-0.59,-0.487,0.488,0.089,0.081,-0.204,0.469,-0.588,0.285,-0.449,0.541,0.104,-0.287,-0.411,-0.268,-0.063,0.573,0.325,-0.253,-0.107,-0.17,-0.366,0.494,0.499,-0.264,-0.381,0.067,-0.042,-0.031,0.37,0.166,-0.12,-0.024,-0.058,-0.082,0.093,-0.538,-0.26,0.054,-0.146,0.322,0.232,-0.517,0.424,-0.338,0.409,0.423,0.049,-0.162,-0.09,0.305,0.558,-0.024,0.619,-0.326,0.041,-0.252,0.205,-0.281,0.721,0.283,0.242,0.083,0.178,-0.099,-0.517,-0.229,-0.301,0.296,0.309,-0.065,0.582,-0.233,0.482,-0.137,0.435,-0.344,-0.222,0.382,-0.22,0.552,0.021,0.233,-0.233,0.225,0.645,-0.522,-0.144,0.347
CCOI,0.838,0.545,-0.648,0.701,0.795,0.671,0.638,0.696,-0.561,0.597,0.294,0.724,-0.255,0.589,-0.664,0.636,0.639,0.823,0.0,0.024,0.489,0.839,-0.246,-0.57,-0.273,-0.504,0.918,-0.702,-0.242,0.0,0.258,0.717,0.752,0.594,0.918,-0.522,0.219,0.409,0.842,0.425,0.549,0.879,-0.513,0.75,0.665,0.765,0.184,-0.113,0.94,0.119,0.667,0.15,0.783,0.687,0.275,-0.429,-0.382,-0.799,0.335,0.468,0.491,0.558,0.798,0.015,-0.57,0.375,0.689,0.73,-0.63,-0.676,0.688,-0.174,0.159,0.034,0.9,0.916,-0.684,0.133,0.457,0.919,0.845,0.729,0.439,0.82,0.412,-0.58,0.401,-0.591,-0.43,-0.549,-0.011,0.216,0.784,0.612,0.951,0.802,-0.726,-0.835,-0.785,-0.365,-0.248,0.915,-0.128,0.845,0.559,-0.35,0.773,0.738,0.805,-0.206,-0.51,0.646,0.78,-0.324,0.565,-0.269,0.878,0.282,0.725,0.221,0.198,0.486,0.574,0.878,0.833,0.872,0.478,0.141,-0.468,0.887,0.002,0.922,0.7,-0.385,0.211,0.88,0.766,0.717,0.614,0.041,0.134,0.617,0.499,0.845,-0.08,0.577,0.764,0.813,0.718,0.234,0.956,-0.141,0.573,0.897,-0.3,0.715,-0.012,0.28,0.625,0.745,0.949,-0.115,-0.851,0.83,-0.218,0.67,0.438,0.919,0.293,0.718,-0.671,-0.178,0.606,0.538,-0.334,0.791,0.843,0.905,0.684,0.458,-0.407,-0.088,-0.582,0.816,-0.693,0.631,-0.323,0.815,0.757,-0.685,0.678,-0.012,0.72,-0.374,0.923,0.334,-0.486,0.874,0.938,-0.294
