,AAPL,ACRS,ADP,AFYA,AGNC,AGYS,ALT,AMGN,AMPH,AMZN,ANIP,AOSL,APDN,APLT,APVO,ARGX,ARLP,ATEX,ATRA,AUTL,AVDL,BCRX,BHAT,BLBD,BMRN,BNGO,BUSE,CAKE,CASY,CCOI,CEVA,CHY,CLDX,CLMT,COHU,COLM,COST,CPRT,CSWC,CSX,DBX,DCOM,DKNG,DMLP,DOX,EA,EDIT,ENPH,ENSG,ERNA,ESGR,ETNB,EXTR,FANG,FARO,FATE,FGEN,FIVE,FIVN,FLGT,FOLD,FORM,FOXA,FRPT,FSLR,FTAI,GBDC,GDYN,GGAL,GNLN,GRFS,GT,HCAT,HCM,HFWA,HOLX,HQY,HUBG,IAC,ICLR,IDCC,IEP,IHRT,ILMN,ILPT,IMAB,IMOS,INMD,INTZ,JAZZ,JKHY,JRVR,KIDS,LBRDK,LGND,LMAT,LPLA,LULU,MASI,MAT,MATW,MBIN,MBIO,MCRB,MDB,MDLZ,MELI,MIRM,MLKN,MNMD,MNRO,MPWR,MRCY,MRSN,MTVA,NAAS,NDAQ,NDSN,NEGG,NOVT,NVDA,NWE,NWSA,NXST,OCX,ODFL,OMAB,OPCH,OPRA,ORGO,OTRK,OZK,PAGP,PCH,PEGA,PENG,PENN,PFBC,PGNY,PHAT,PHUN,PINC,PLUG,PLXS,PYPL,QLYS,QNCX,QQQX,QVCGA,RAPT,RBBN,RCKT,REPL,RMBS,ROAD,ROKU,ROP,RUSHA,SANM,SATS,SBCF,SBLK,SBUX,SCHL,SCSC,SDGR,SEIC,SFIX,SGRY,SKYW,SLP,SNES,STAA,STLD,STOK,SWKS,TER,TFIN,TIGO,TILE,TPIC,TTEC,TTEK,TTGT,UXIN,VERU,VLYPP,VNOM,VRNS,VRSN,WDAY,WERN,WINA,WKHS,WRLD,XP,XTKG,YY,ZION,ZM
AAPL,0.0,0.676,0.07,0.563,0.751,0.568,0.635,0.534,-0.31,0.019,-0.198,0.549,0.044,0.787,-0.335,0.646,0.311,0.731,0.624,0.721,0.825,0.624,-0.381,-0.456,0.287,-0.248,0.457,-0.273,-0.259,0.692,0.668,0.724,0.482,0.149,0.803,-0.06,0.193,0.064,0.754,0.384,0.237,0.442,0.375,0.792,0.383,0.657,0.658,0.631,0.691,0.473,0.741,0.702,0.499,0.599,0.685,0.216,0.126,-0.276,0.246,0.349,0.815,0.125,0.532,-0.177,-0.5,-0.144,0.33,0.419,-0.575,-0.679,0.826,0.213,0.255,0.338,0.383,0.606,-0.62,0.284,0.426,0.798,0.846,0.637,0.399,0.687,0.295,-0.31,0.213,0.004,0.37,-0.355,0.03,0.396,0.778,0.346,0.687,0.507,-0.29,-0.59,-0.789,0.143,0.123,0.433,-0.372,0.632,0.258,-0.276,0.69,0.707,0.403,0.281,-0.057,0.815,0.627,0.227,0.073,0.245,0.688,0.42,0.738,0.426,0.4,0.334,0.339,0.672,0.743,0.622,0.694,0.34,-0.298,0.566,0.397,0.539,0.693,0.216,-0.019,0.812,0.657,0.322,0.422,0.637,0.021,0.183,0.774,0.481,0.731,0.419,0.417,0.668,0.774,0.682,0.6,0.276,0.522,0.867,0.254,0.632,-0.005,0.435,0.569,0.646,0.481,-0.537,-0.806,0.265,0.203,0.78,0.628,0.821,0.364,0.717,-0.668,-0.009,-0.169,0.424,0.442,0.552,0.867,0.726,0.684,0.383,0.257,0.477,-0.411,0.679,-0.638,0.573,-0.006,0.514,0.649,-0.098,0.686,0.234,0.605,0.265,0.556,0.527,-0.143,0.877,0.511,-0.296
ACRS,0.676,0.0,0.639,0.79,0.847,0.723,0.283,0.855,0.259,-0.598,0.027,0.793,-0.096,0.807,0.135,0.841,0.62,0.524,0.788,0.907,0.89,0.857,-0.616,-0.1,0.639,-0.104,0.823,0.067,0.064,0.877,0.792,0.863,0.507,-0.477,0.327,0.21,-0.245,-0.453,0.155,0.508,0.638,0.795,0.184,0.562,0.77,0.653,0.809,0.679,0.864,0.698,0.757,0.79,0.686,0.364,0.895,0.769,0.655,-0.746,0.395,0.785,0.816,-0.34,0.851,-0.656,-0.504,0.102,-0.232,0.813,-0.414,-0.441,0.714,0.652,0.749,0.636,0.798,0.855,-0.772,0.621,0.836,0.855,0.857,0.886,0.799,0.848,0.778,-0.559,-0.399,0.185,0.799,0.21,0.464,0.607,0.874,0.607,0.884,0.886,-0.755,-0.843,-0.724,0.616,0.637,0.836,-0.81,0.868,-0.006,0.029,0.525,0.919,0.755,0.768,0.406,0.435,0.917,0.594,-0.208,0.641,0.88,0.709,0.321,0.8,-0.163,0.722,0.365,0.797,0.752,0.828,0.726,0.774,-0.675,0.8,0.815,0.826,0.675,0.655,0.466,0.506,0.17,0.76,0.202,0.825,-0.375,0.711,0.548,0.839,0.691,0.389,0.479,0.039,0.826,0.667,0.851,0.805,0.748,0.518,0.755,0.319,0.07,0.798,0.866,0.79,0.839,-0.73,-0.483,-0.206,0.698,0.867,0.716,0.71,0.748,0.75,-0.574,-0.284,-0.466,0.247,0.735,0.845,0.456,0.757,0.559,0.793,0.615,0.836,-0.075,0.724,-0.819,0.647,0.254,0.82,0.416,0.042,0.521,0.531,0.856,0.493,0.854,0.623,-0.425,0.827,0.854,0.048
ADP,0.07,0.639,0.0,0.669,0.643,0.655,-0.117,0.798,0.742,-0.906,0.153,0.782,-0.26,0.481,0.626,0.577,0.561,0.113,0.709,0.672,0.467,0.684,-0.498,0.406,0.691,0.171,0.83,0.614,0.586,0.681,0.652,0.536,0.324,-0.737,-0.308,0.311,-0.702,-0.721,-0.417,0.717,0.81,0.845,0.165,0.271,0.88,0.483,0.602,0.424,0.683,0.728,0.381,0.462,0.597,0.274,0.677,0.894,0.78,-0.83,0.611,0.898,0.478,-0.757,0.807,-0.815,-0.392,0.256,-0.702,0.864,-0.184,0.112,0.091,0.907,0.88,0.785,0.862,0.718,-0.503,0.82,0.804,0.512,0.422,0.717,0.774,0.642,0.897,-0.416,-0.695,0.529,0.903,0.777,0.85,0.715,0.566,0.811,0.594,0.721,-0.879,-0.524,-0.244,0.584,0.943,0.83,-0.781,0.741,-0.136,0.431,0.006,0.626,0.855,0.903,0.867,-0.103,0.689,0.727,-0.111,0.717,0.691,0.819,-0.259,0.866,-0.709,0.897,0.371,0.602,0.489,0.763,0.446,0.883,-0.716,0.591,0.729,0.787,0.351,0.929,0.731,0.014,-0.444,0.904,0.141,0.652,-0.508,0.865,0.24,0.864,0.49,0.418,0.354,-0.596,0.56,0.448,0.709,0.831,0.709,-0.21,0.861,0.118,0.415,0.893,0.785,0.699,0.831,-0.413,0.156,-0.36,0.909,0.571,0.608,0.334,0.866,0.382,-0.023,-0.325,-0.381,0.258,0.577,0.824,-0.123,0.441,0.309,0.88,0.803,0.84,0.29,0.567,-0.455,0.538,0.457,0.741,0.206,0.526,0.341,0.796,0.77,0.679,0.803,0.528,-0.121,0.282,0.778,0.599
AFYA,0.563,0.79,0.669,0.0,0.828,0.757,0.294,0.858,0.394,-0.566,0.119,0.791,-0.12,0.822,0.22,0.747,0.494,0.601,0.872,0.867,0.819,0.818,-0.668,0.186,0.697,0.233,0.85,0.296,0.308,0.891,0.918,0.793,0.565,-0.374,0.333,0.328,-0.361,-0.407,0.154,0.67,0.683,0.834,0.34,0.584,0.817,0.753,0.838,0.696,0.854,0.691,0.617,0.778,0.845,0.447,0.917,0.745,0.683,-0.7,0.61,0.804,0.821,-0.361,0.85,-0.664,-0.497,0.081,-0.171,0.817,-0.326,-0.266,0.539,0.745,0.783,0.636,0.826,0.898,-0.628,0.745,0.849,0.843,0.779,0.889,0.761,0.876,0.797,-0.429,-0.355,0.431,0.779,0.368,0.661,0.735,0.874,0.713,0.843,0.836,-0.749,-0.701,-0.566,0.599,0.731,0.816,-0.733,0.874,0.027,0.049,0.512,0.859,0.823,0.82,0.585,0.377,0.824,0.695,-0.068,0.639,0.893,0.861,0.263,0.887,-0.228,0.823,0.591,0.846,0.74,0.828,0.743,0.835,-0.523,0.846,0.762,0.883,0.584,0.785,0.529,0.495,0.194,0.815,0.429,0.838,-0.304,0.733,0.627,0.867,0.711,0.558,0.503,0.019,0.819,0.756,0.854,0.732,0.808,0.426,0.778,0.469,0.308,0.856,0.892,0.791,0.866,-0.546,-0.352,-0.061,0.764,0.871,0.783,0.764,0.789,0.787,-0.304,-0.158,-0.208,0.467,0.747,0.885,0.474,0.829,0.64,0.822,0.792,0.88,0.037,0.838,-0.682,0.66,0.226,0.751,0.526,0.327,0.637,0.684,0.908,0.684,0.878,0.761,-0.243,0.726,0.861,0.206
AGNC,0.751,0.847,0.643,0.828,0.0,0.836,0.46,0.915,0.302,-0.553,0.072,0.901,-0.139,0.911,0.137,0.853,0.538,0.619,0.935,0.954,0.909,0.901,-0.6,0.014,0.683,0.016,0.854,0.207,0.279,0.957,0.929,0.83,0.652,-0.285,0.434,0.173,-0.413,-0.32,0.322,0.747,0.675,0.86,0.404,0.772,0.824,0.857,0.911,0.818,0.947,0.819,0.732,0.858,0.829,0.629,0.931,0.693,0.615,-0.67,0.563,0.801,0.902,-0.408,0.88,-0.635,-0.545,-0.061,-0.115,0.824,-0.487,-0.376,0.638,0.737,0.708,0.791,0.823,0.907,-0.797,0.771,0.799,0.93,0.858,0.865,0.784,0.933,0.776,-0.384,-0.213,0.325,0.831,0.298,0.578,0.789,0.914,0.777,0.887,0.823,-0.729,-0.726,-0.67,0.483,0.702,0.822,-0.733,0.889,0.048,-0.004,0.548,0.916,0.829,0.76,0.522,0.513,0.858,0.69,0.084,0.636,0.957,0.877,0.334,0.866,-0.149,0.835,0.545,0.882,0.879,0.933,0.863,0.83,-0.633,0.793,0.741,0.897,0.666,0.755,0.479,0.694,0.277,0.775,0.433,0.892,-0.22,0.661,0.766,0.892,0.846,0.591,0.665,0.112,0.96,0.832,0.912,0.716,0.88,0.526,0.729,0.491,0.258,0.887,0.933,0.918,0.878,-0.597,-0.473,0.025,0.74,0.926,0.879,0.865,0.817,0.723,-0.425,-0.137,-0.216,0.579,0.727,0.919,0.57,0.837,0.671,0.835,0.722,0.872,-0.076,0.875,-0.705,0.767,0.329,0.804,0.651,0.3,0.725,0.725,0.947,0.669,0.898,0.775,-0.074,0.797,0.869,0.136
AGYS,0.568,0.723,0.655,0.757,0.836,0.0,0.22,0.799,0.254,-0.606,-0.165,0.837,-0.131,0.741,0.108,0.629,0.635,0.633,0.805,0.828,0.724,0.813,-0.466,-0.037,0.504,-0.078,0.827,0.246,0.26,0.853,0.813,0.764,0.534,-0.398,0.22,0.06,-0.451,-0.496,0.178,0.787,0.746,0.848,0.289,0.717,0.843,0.652,0.678,0.571,0.845,0.788,0.7,0.659,0.697,0.638,0.795,0.651,0.477,-0.714,0.682,0.749,0.775,-0.472,0.813,-0.573,-0.701,0.171,-0.235,0.851,-0.58,-0.39,0.463,0.755,0.718,0.748,0.803,0.844,-0.637,0.676,0.765,0.771,0.746,0.785,0.74,0.737,0.763,-0.483,-0.396,0.38,0.775,0.345,0.608,0.695,0.804,0.794,0.789,0.715,-0.756,-0.703,-0.664,0.433,0.681,0.803,-0.68,0.822,0.172,0.074,0.279,0.816,0.819,0.713,0.6,0.409,0.79,0.55,-0.054,0.6,0.825,0.78,0.214,0.807,-0.317,0.814,0.256,0.812,0.795,0.856,0.61,0.735,-0.695,0.731,0.714,0.844,0.681,0.756,0.506,0.416,0.073,0.787,0.412,0.749,-0.371,0.683,0.53,0.839,0.679,0.615,0.503,0.006,0.807,0.627,0.836,0.595,0.757,0.345,0.67,0.552,0.384,0.816,0.813,0.86,0.827,-0.489,-0.338,-0.123,0.713,0.816,0.685,0.671,0.807,0.615,-0.371,-0.22,-0.29,0.539,0.611,0.841,0.369,0.653,0.701,0.814,0.635,0.855,-0.163,0.741,-0.642,0.665,0.135,0.822,0.617,0.296,0.68,0.649,0.811,0.528,0.851,0.533,-0.176,0.661,0.774,0.359
ALT,0.635,0.283,-0.117,0.294,0.46,0.22,0.0,0.241,-0.283,0.283,0.295,0.302,0.362,0.608,-0.315,0.317,-0.102,0.484,0.462,0.404,0.443,0.312,-0.238,-0.066,0.271,0.165,0.089,-0.09,0.086,0.376,0.464,0.17,0.655,0.581,0.782,0.204,0.011,0.471,0.747,0.282,-0.089,0.105,0.62,0.65,0.05,0.617,0.565,0.563,0.348,0.171,0.269,0.628,0.402,0.545,0.357,-0.101,-0.013,0.216,0.128,0.052,0.543,0.266,0.118,0.106,-0.21,-0.424,0.516,0.005,-0.269,-0.184,0.433,-0.033,-0.143,0.067,0.041,0.262,-0.155,0.249,-0.043,0.524,0.336,0.215,0.029,0.491,-0.054,0.301,0.589,0.248,0.03,-0.283,0.0,0.425,0.389,0.127,0.282,0.089,0.18,-0.066,-0.288,-0.07,-0.072,0.015,0.063,0.272,0.126,-0.526,0.551,0.323,0.074,-0.025,-0.111,0.558,0.141,0.344,0.569,-0.101,0.338,0.288,0.475,0.167,0.421,0.102,0.427,0.35,0.442,0.291,0.586,0.14,0.185,0.207,-0.047,0.227,0.084,-0.008,-0.007,0.812,0.742,-0.046,0.595,0.453,0.32,-0.16,0.769,0.139,0.541,0.286,0.406,0.591,0.483,0.669,0.308,0.076,0.487,0.603,-0.069,0.388,-0.072,0.181,0.291,0.32,0.122,-0.096,-0.628,0.74,-0.038,0.413,0.584,0.741,0.017,0.402,-0.014,0.43,0.448,0.628,0.364,0.245,0.748,0.627,0.442,0.043,0.157,0.124,-0.321,0.599,-0.139,0.382,0.04,-0.036,0.623,0.109,0.525,0.207,0.34,0.394,0.209,0.459,0.416,0.389,0.162,-0.298
AMGN,0.534,0.855,0.798,0.858,0.915,0.799,0.241,0.0,0.538,-0.773,0.157,0.881,-0.166,0.85,0.327,0.887,0.595,0.486,0.911,0.944,0.868,0.897,-0.714,0.189,0.775,0.168,0.933,0.303,0.383,0.943,0.886,0.792,0.596,-0.514,0.179,0.249,-0.566,-0.532,-0.0,0.7,0.763,0.931,0.191,0.589,0.907,0.787,0.876,0.787,0.924,0.812,0.606,0.825,0.851,0.423,0.904,0.841,0.809,-0.819,0.541,0.913,0.816,-0.618,0.949,-0.831,-0.464,-0.04,-0.362,0.894,-0.344,-0.224,0.54,0.869,0.848,0.842,0.933,0.945,-0.825,0.798,0.924,0.858,0.782,0.862,0.867,0.911,0.912,-0.493,-0.481,0.309,0.914,0.55,0.685,0.813,0.863,0.783,0.921,0.912,-0.864,-0.798,-0.579,0.665,0.844,0.928,-0.879,0.917,-0.133,0.119,0.448,0.917,0.899,0.892,0.646,0.261,0.885,0.764,-0.071,0.817,0.962,0.924,0.108,0.926,-0.341,0.929,0.466,0.858,0.786,0.893,0.835,0.937,-0.703,0.824,0.862,0.937,0.554,0.885,0.602,0.527,0.046,0.887,0.233,0.868,-0.333,0.849,0.568,0.947,0.683,0.463,0.64,-0.171,0.885,0.768,0.928,0.883,0.89,0.323,0.858,0.292,0.251,0.939,0.967,0.848,0.959,-0.637,-0.308,-0.221,0.867,0.84,0.768,0.721,0.924,0.613,-0.34,-0.183,-0.288,0.437,0.795,0.954,0.322,0.745,0.502,0.92,0.809,0.947,0.075,0.756,-0.735,0.655,0.354,0.853,0.443,0.296,0.527,0.75,0.959,0.684,0.915,0.789,-0.234,0.714,0.943,0.212
AMPH,-0.31,0.259,0.742,0.394,0.302,0.254,-0.283,0.538,0.0,-0.744,0.487,0.403,-0.358,0.202,0.701,0.351,0.168,-0.254,0.393,0.318,0.182,0.344,-0.37,0.778,0.643,0.454,0.502,0.65,0.764,0.343,0.376,0.146,0.193,-0.59,-0.519,0.389,-0.729,-0.439,-0.647,0.347,0.515,0.521,0.041,-0.146,0.516,0.267,0.39,0.344,0.295,0.378,-0.098,0.223,0.484,-0.153,0.373,0.656,0.815,-0.484,0.304,0.614,0.111,-0.63,0.446,-0.629,0.172,0.014,-0.569,0.493,0.317,0.515,-0.22,0.643,0.615,0.579,0.568,0.396,-0.329,0.634,0.545,0.197,0.025,0.331,0.516,0.356,0.646,-0.074,-0.58,0.325,0.64,0.859,0.765,0.454,0.184,0.466,0.268,0.514,-0.581,-0.212,0.266,0.588,0.768,0.505,-0.537,0.342,-0.45,0.326,0.002,0.29,0.535,0.663,0.685,-0.365,0.307,0.638,0.003,0.537,0.383,0.606,-0.533,0.594,-0.607,0.642,0.312,0.199,0.139,0.356,0.275,0.687,-0.344,0.308,0.496,0.436,-0.125,0.72,0.699,-0.115,-0.498,0.574,-0.077,0.388,-0.148,0.61,0.018,0.533,0.124,0.102,0.334,-0.751,0.222,0.203,0.41,0.655,0.456,-0.404,0.734,-0.364,0.248,0.604,0.509,0.311,0.524,-0.196,0.452,-0.39,0.735,0.194,0.287,0.041,0.574,0.074,0.312,-0.152,-0.079,0.052,0.477,0.487,-0.334,0.154,-0.155,0.601,0.685,0.504,0.737,0.199,-0.125,0.131,0.617,0.355,-0.119,0.517,-0.029,0.61,0.482,0.536,0.414,0.481,0.028,-0.103,0.479,0.434
AMZN,0.019,-0.598,-0.906,-0.566,-0.553,-0.606,0.283,-0.773,-0.744,0.0,-0.1,-0.664,0.314,-0.396,-0.612,-0.596,-0.585,-0.051,-0.592,-0.622,-0.453,-0.616,0.518,-0.342,-0.605,-0.125,-0.784,-0.499,-0.459,-0.617,-0.507,-0.503,-0.2,0.8,0.398,-0.254,0.702,0.789,0.528,-0.564,-0.748,-0.786,0.118,-0.181,-0.822,-0.396,-0.494,-0.384,-0.622,-0.681,-0.3,-0.398,-0.514,-0.116,-0.573,-0.849,-0.783,0.862,-0.419,-0.837,-0.394,0.849,-0.781,0.855,0.311,-0.177,0.747,-0.808,0.127,-0.079,-0.149,-0.87,-0.846,-0.759,-0.831,-0.669,0.59,-0.683,-0.815,-0.421,-0.395,-0.614,-0.745,-0.547,-0.875,0.514,0.782,-0.281,-0.854,-0.807,-0.721,-0.602,-0.495,-0.682,-0.61,-0.712,0.895,0.6,0.259,-0.645,-0.881,-0.819,0.834,-0.668,0.288,-0.448,0.04,-0.597,-0.777,-0.843,-0.773,0.216,-0.664,-0.635,0.284,-0.833,-0.635,-0.721,0.301,-0.766,0.704,-0.831,-0.192,-0.539,-0.39,-0.655,-0.421,-0.81,0.748,-0.551,-0.792,-0.715,-0.324,-0.873,-0.62,0.04,0.498,-0.851,0.135,-0.53,0.52,-0.883,-0.055,-0.792,-0.31,-0.229,-0.38,0.671,-0.492,-0.36,-0.65,-0.826,-0.608,0.229,-0.815,0.051,-0.307,-0.797,-0.718,-0.572,-0.791,0.455,-0.184,0.565,-0.85,-0.457,-0.421,-0.203,-0.845,-0.213,0.117,0.301,0.459,-0.121,-0.538,-0.736,0.262,-0.286,-0.149,-0.821,-0.701,-0.788,-0.259,-0.377,0.492,-0.372,-0.347,-0.744,-0.016,-0.327,-0.112,-0.643,-0.682,-0.549,-0.706,-0.433,0.307,-0.284,-0.744,-0.469
ANIP,-0.198,0.027,0.153,0.119,0.072,-0.165,0.295,0.157,0.487,-0.1,0.0,0.102,0.064,0.193,0.266,0.17,-0.312,-0.262,0.155,0.07,0.042,0.047,-0.349,0.713,0.548,0.585,0.028,0.374,0.59,0.055,0.169,-0.22,0.408,0.078,-0.036,0.573,-0.369,0.263,-0.217,-0.036,-0.08,0.055,0.292,-0.184,-0.014,0.259,0.369,0.352,-0.032,-0.042,-0.349,0.296,0.362,-0.283,0.152,0.174,0.5,0.147,-0.068,0.115,0.009,-0.056,-0.032,-0.127,0.412,-0.334,-0.055,-0.064,0.492,0.567,-0.138,0.086,0.041,0.036,0.067,0.022,0.017,0.296,0.024,0.094,-0.194,-0.018,0.078,0.174,0.106,0.482,0.059,0.191,0.136,0.359,0.317,0.244,-0.061,-0.007,-0.017,0.147,0.075,0.102,0.417,0.217,0.245,-0.007,-0.035,-0.013,-0.479,-0.275,0.314,0.049,0.036,0.139,0.157,-0.19,-0.071,0.555,0.403,0.033,0.077,0.249,-0.317,0.157,-0.066,0.111,0.413,-0.089,-0.091,-0.031,0.255,0.295,0.263,0.011,0.049,0.052,-0.534,0.157,0.419,0.215,0.074,-0.001,0.082,0.222,0.327,0.05,0.177,0.057,-0.032,-0.159,0.272,-0.265,0.043,0.278,0.095,0.323,0.316,-0.103,0.235,-0.458,-0.129,0.147,0.169,-0.06,0.065,0.026,0.164,0.21,0.234,-0.046,0.223,0.18,0.008,0.027,0.55,0.308,0.412,0.136,0.364,0.1,-0.008,0.205,-0.276,0.08,0.345,0.027,0.524,0.128,0.078,-0.098,0.406,-0.227,-0.103,0.297,-0.137,0.238,0.154,0.404,0.005,0.426,0.3,-0.207,0.078,-0.063
AOSL,0.549,0.793,0.782,0.791,0.901,0.837,0.302,0.881,0.403,-0.664,0.102,0.0,-0.105,0.811,0.227,0.734,0.648,0.56,0.905,0.905,0.759,0.914,-0.523,0.094,0.661,0.046,0.92,0.292,0.393,0.909,0.881,0.768,0.689,-0.486,0.194,0.128,-0.573,-0.527,0.103,0.824,0.828,0.937,0.402,0.651,0.92,0.736,0.847,0.684,0.92,0.825,0.71,0.78,0.785,0.628,0.886,0.829,0.629,-0.763,0.713,0.887,0.797,-0.512,0.894,-0.69,-0.662,0.212,-0.362,0.913,-0.551,-0.27,0.413,0.849,0.824,0.774,0.908,0.888,-0.618,0.827,0.808,0.817,0.736,0.857,0.872,0.841,0.873,-0.422,-0.415,0.475,0.889,0.448,0.711,0.849,0.835,0.903,0.822,0.81,-0.789,-0.718,-0.616,0.54,0.834,0.889,-0.724,0.876,0.121,0.035,0.292,0.861,0.917,0.866,0.708,0.34,0.87,0.747,-0.012,0.626,0.897,0.887,0.102,0.927,-0.427,0.89,0.463,0.857,0.831,0.939,0.691,0.891,-0.733,0.79,0.742,0.937,0.627,0.814,0.65,0.445,0.002,0.89,0.476,0.899,-0.413,0.776,0.614,0.941,0.727,0.633,0.564,-0.102,0.867,0.709,0.919,0.757,0.904,0.282,0.791,0.457,0.279,0.932,0.929,0.937,0.92,-0.527,-0.343,-0.046,0.868,0.859,0.859,0.743,0.881,0.687,-0.275,-0.325,-0.294,0.553,0.709,0.934,0.334,0.781,0.701,0.92,0.741,0.926,-0.052,0.858,-0.618,0.793,0.291,0.829,0.627,0.357,0.677,0.846,0.919,0.655,0.945,0.626,-0.042,0.639,0.902,0.429
APDN,0.044,-0.096,-0.26,-0.12,-0.139,-0.131,0.362,-0.166,-0.358,0.314,0.064,-0.105,0.0,-0.011,-0.341,-0.205,0.109,0.238,-0.031,-0.117,-0.121,-0.015,0.086,-0.117,-0.178,0.126,-0.139,-0.188,-0.069,-0.084,-0.079,-0.145,0.264,0.28,0.209,-0.11,0.091,0.139,0.257,-0.045,-0.137,-0.145,0.03,0.047,-0.136,-0.097,-0.097,-0.122,-0.079,-0.103,0.027,0.057,-0.015,0.141,-0.138,-0.228,-0.3,0.216,0.044,-0.231,-0.039,0.223,-0.213,0.187,-0.177,-0.034,0.215,-0.182,-0.233,-0.084,-0.022,-0.179,-0.24,-0.266,-0.161,-0.067,0.293,-0.148,-0.248,-0.018,-0.083,-0.21,-0.179,-0.053,-0.223,0.109,0.189,0.049,-0.305,-0.173,-0.265,0.084,-0.115,-0.121,-0.064,-0.232,0.272,0.12,-0.084,-0.162,-0.23,-0.169,0.275,-0.13,0.336,-0.31,-0.078,-0.085,-0.149,-0.231,-0.105,-0.016,-0.141,-0.118,0.142,-0.267,-0.151,-0.129,0.129,-0.201,0.092,-0.181,-0.232,0.024,-0.034,-0.126,-0.056,-0.18,0.204,-0.034,-0.268,-0.091,-0.095,-0.257,-0.087,0.081,0.252,-0.192,0.197,-0.028,-0.038,-0.176,0.028,-0.181,-0.118,0.058,0.007,0.261,-0.091,0.008,-0.065,-0.202,0.031,0.087,-0.291,0.229,-0.036,-0.211,-0.169,-0.14,-0.158,0.233,-0.209,0.267,-0.232,-0.085,-0.064,0.098,-0.228,-0.056,0.157,0.133,0.421,0.225,0.029,-0.129,0.098,0.09,0.129,-0.199,-0.252,-0.15,-0.406,0.035,0.115,0.051,-0.316,-0.196,0.188,-0.107,0.078,-0.139,-0.166,-0.121,-0.103,-0.171,0.057,-0.055,-0.134,-0.005
APLT,0.787,0.807,0.481,0.822,0.911,0.741,0.608,0.85,0.202,-0.396,0.193,0.811,-0.011,0.0,0.028,0.83,0.379,0.696,0.904,0.933,0.923,0.806,-0.704,0.048,0.667,0.193,0.749,0.117,0.214,0.908,0.916,0.724,0.762,-0.11,0.565,0.267,-0.303,-0.166,0.42,0.61,0.514,0.755,0.437,0.755,0.691,0.89,0.931,0.885,0.864,0.668,0.63,0.935,0.857,0.559,0.88,0.57,0.574,-0.538,0.473,0.69,0.933,-0.283,0.779,-0.545,-0.487,-0.211,0.017,0.686,-0.406,-0.343,0.713,0.601,0.57,0.592,0.715,0.865,-0.727,0.63,0.702,0.902,0.831,0.801,0.661,0.892,0.652,-0.267,-0.082,0.301,0.696,0.153,0.484,0.757,0.893,0.633,0.869,0.767,-0.569,-0.729,-0.636,0.422,0.554,0.711,-0.666,0.86,-0.037,-0.235,0.707,0.884,0.712,0.64,0.341,0.535,0.768,0.702,0.171,0.561,0.912,0.797,0.443,0.772,0.019,0.714,0.505,0.818,0.839,0.795,0.873,0.732,-0.412,0.77,0.638,0.814,0.517,0.633,0.422,0.805,0.46,0.637,0.493,0.884,-0.05,0.544,0.832,0.769,0.725,0.472,0.654,0.242,0.922,0.912,0.853,0.665,0.879,0.622,0.6,0.452,0.083,0.767,0.858,0.81,0.782,-0.662,-0.636,0.191,0.606,0.858,0.821,0.936,0.699,0.732,-0.361,0.034,-0.067,0.581,0.737,0.825,0.654,0.872,0.646,0.699,0.678,0.783,-0.113,0.847,-0.727,0.612,0.223,0.647,0.642,0.198,0.653,0.578,0.876,0.643,0.784,0.822,-0.074,0.811,0.782,-0.038
APVO,-0.335,0.135,0.626,0.22,0.137,0.108,-0.315,0.327,0.701,-0.612,0.266,0.227,-0.341,0.028,0.0,0.233,0.002,-0.422,0.211,0.156,0.008,0.095,-0.328,0.586,0.486,0.364,0.273,0.769,0.508,0.122,0.153,-0.052,-0.078,-0.41,-0.557,0.522,-0.467,-0.399,-0.603,0.319,0.266,0.307,-0.033,-0.115,0.378,0.228,0.201,0.134,0.116,0.294,-0.144,-0.062,0.155,-0.099,0.173,0.422,0.566,-0.44,0.132,0.534,0.031,-0.675,0.322,-0.52,0.166,-0.07,-0.667,0.317,0.272,0.53,-0.185,0.489,0.399,0.377,0.337,0.179,-0.154,0.43,0.332,-0.042,-0.071,0.244,0.181,0.207,0.42,0.016,-0.411,0.341,0.509,0.679,0.637,0.301,0.065,0.298,0.059,0.216,-0.497,0.041,0.329,0.179,0.586,0.288,-0.408,0.319,-0.446,0.649,-0.141,0.038,0.372,0.443,0.543,-0.441,0.128,0.484,-0.003,0.503,0.165,0.399,-0.387,0.394,-0.572,0.463,0.308,0.011,-0.14,0.213,0.024,0.427,-0.206,-0.005,0.251,0.223,-0.173,0.609,0.271,-0.278,-0.559,0.421,-0.147,0.125,-0.083,0.457,-0.02,0.348,0.048,-0.057,0.067,-0.775,0.069,0.167,0.11,0.454,0.246,-0.588,0.405,-0.239,0.357,0.454,0.265,0.147,0.298,-0.155,0.485,-0.212,0.455,0.016,0.176,-0.12,0.442,-0.113,0.319,0.054,-0.209,-0.151,0.066,0.311,-0.429,-0.083,-0.335,0.36,0.645,0.293,0.582,0.081,-0.083,0.023,0.558,0.2,-0.362,0.586,-0.162,0.343,0.277,0.6,0.233,0.313,0.078,-0.204,0.226,0.283
ARGX,0.646,0.841,0.577,0.747,0.853,0.629,0.317,0.887,0.351,-0.596,0.17,0.734,-0.205,0.83,0.233,0.0,0.425,0.421,0.783,0.892,0.91,0.774,-0.746,0.053,0.7,0.129,0.76,0.141,0.128,0.846,0.756,0.725,0.522,-0.331,0.332,0.232,-0.317,-0.355,0.092,0.473,0.496,0.756,0.096,0.593,0.692,0.782,0.843,0.805,0.821,0.677,0.519,0.813,0.701,0.309,0.834,0.671,0.728,-0.669,0.216,0.739,0.817,-0.449,0.839,-0.748,-0.278,-0.253,-0.251,0.702,-0.238,-0.31,0.709,0.653,0.642,0.655,0.753,0.805,-0.87,0.586,0.825,0.825,0.791,0.757,0.708,0.856,0.732,-0.458,-0.308,0.069,0.775,0.309,0.428,0.613,0.809,0.526,0.869,0.822,-0.724,-0.787,-0.615,0.531,0.625,0.781,-0.809,0.824,-0.299,-0.009,0.611,0.85,0.682,0.705,0.329,0.378,0.812,0.654,-0.068,0.79,0.878,0.734,0.271,0.744,-0.049,0.711,0.507,0.727,0.663,0.752,0.853,0.769,-0.527,0.676,0.791,0.785,0.521,0.679,0.324,0.647,0.181,0.697,0.059,0.754,-0.173,0.648,0.577,0.78,0.633,0.233,0.587,-0.02,0.847,0.797,0.778,0.806,0.762,0.473,0.697,0.228,0.066,0.771,0.839,0.673,0.808,-0.694,-0.451,-0.176,0.651,0.742,0.665,0.696,0.751,0.583,-0.47,-0.011,-0.318,0.299,0.706,0.827,0.455,0.65,0.363,0.721,0.694,0.776,0.036,0.631,-0.772,0.491,0.27,0.736,0.269,0.089,0.374,0.498,0.848,0.602,0.759,0.785,-0.337,0.796,0.814,-0.137
ARLP,0.311,0.62,0.561,0.494,0.538,0.635,-0.102,0.595,0.168,-0.585,-0.312,0.648,0.109,0.379,0.002,0.425,0.0,0.538,0.532,0.581,0.467,0.768,-0.115,-0.286,0.157,-0.303,0.77,-0.104,0.026,0.635,0.472,0.718,0.314,-0.686,-0.035,-0.296,-0.383,-0.759,-0.036,0.543,0.813,0.74,-0.142,0.34,0.757,0.21,0.359,0.216,0.718,0.651,0.734,0.406,0.429,0.422,0.557,0.691,0.283,-0.767,0.577,0.647,0.433,-0.453,0.707,-0.583,-0.719,0.48,-0.375,0.784,-0.682,-0.533,0.265,0.694,0.739,0.597,0.758,0.686,-0.453,0.493,0.675,0.529,0.598,0.596,0.778,0.504,0.726,-0.774,-0.652,0.115,0.572,0.365,0.296,0.519,0.587,0.706,0.684,0.633,-0.705,-0.682,-0.698,0.536,0.606,0.792,-0.591,0.586,0.439,0.236,-0.16,0.646,0.722,0.687,0.597,0.052,0.77,0.247,-0.502,0.507,0.604,0.531,-0.005,0.61,-0.545,0.646,-0.033,0.756,0.608,0.697,0.325,0.589,-0.876,0.717,0.626,0.735,0.731,0.528,0.427,0.045,-0.2,0.751,0.131,0.525,-0.747,0.762,0.08,0.714,0.391,0.563,0.347,-0.123,0.527,0.197,0.705,0.517,0.489,0.158,0.569,0.422,0.198,0.601,0.624,0.656,0.729,-0.322,-0.183,-0.461,0.644,0.613,0.421,0.305,0.695,0.395,-0.503,-0.642,-0.412,0.27,0.432,0.625,-0.0,0.454,0.577,0.738,0.248,0.726,-0.364,0.457,-0.472,0.71,-0.072,0.825,0.437,-0.077,0.431,0.561,0.572,0.12,0.742,0.073,-0.412,0.527,0.74,0.471
ATEX,0.731,0.524,0.113,0.601,0.619,0.633,0.484,0.486,-0.254,-0.051,-0.262,0.56,0.238,0.696,-0.422,0.421,0.538,0.0,0.632,0.644,0.653,0.641,-0.291,-0.382,0.073,-0.08,0.567,-0.293,-0.16,0.695,0.655,0.686,0.595,0.008,0.667,-0.221,-0.041,-0.18,0.639,0.485,0.468,0.546,0.226,0.695,0.497,0.52,0.525,0.477,0.7,0.495,0.723,0.681,0.595,0.689,0.59,0.275,0.011,-0.371,0.546,0.353,0.735,-0.003,0.537,-0.231,-0.721,0.088,0.307,0.514,-0.691,-0.723,0.582,0.375,0.365,0.275,0.5,0.688,-0.392,0.296,0.443,0.692,0.748,0.543,0.484,0.58,0.388,-0.427,0.0,0.171,0.288,-0.133,0.075,0.504,0.729,0.52,0.708,0.462,-0.324,-0.612,-0.797,0.195,0.221,0.518,-0.314,0.571,0.475,-0.285,0.333,0.666,0.51,0.351,0.172,0.542,0.611,0.211,-0.073,0.251,0.641,0.475,0.526,0.459,0.067,0.431,0.159,0.799,0.782,0.592,0.516,0.355,-0.394,0.724,0.352,0.634,0.701,0.271,0.162,0.578,0.55,0.433,0.562,0.582,-0.272,0.352,0.571,0.507,0.519,0.643,0.486,0.545,0.695,0.554,0.667,0.221,0.539,0.695,0.238,0.759,0.094,0.415,0.544,0.635,0.548,-0.365,-0.701,0.183,0.296,0.708,0.541,0.745,0.451,0.644,-0.504,-0.192,-0.016,0.612,0.415,0.517,0.608,0.722,0.852,0.454,0.184,0.563,-0.583,0.673,-0.532,0.631,-0.26,0.561,0.802,-0.158,0.699,0.344,0.545,0.163,0.606,0.307,-0.171,0.75,0.571,0.058
ATRA,0.624,0.788,0.709,0.872,0.935,0.805,0.462,0.911,0.393,-0.592,0.155,0.905,-0.031,0.904,0.211,0.783,0.532,0.632,0.0,0.929,0.832,0.878,-0.639,0.17,0.709,0.201,0.869,0.331,0.429,0.953,0.948,0.745,0.717,-0.297,0.332,0.232,-0.527,-0.385,0.24,0.818,0.719,0.882,0.438,0.725,0.858,0.837,0.898,0.796,0.921,0.82,0.641,0.867,0.889,0.642,0.892,0.716,0.631,-0.674,0.689,0.828,0.879,-0.487,0.869,-0.672,-0.574,-0.045,-0.178,0.84,-0.458,-0.24,0.517,0.801,0.743,0.769,0.851,0.932,-0.692,0.837,0.789,0.884,0.763,0.837,0.77,0.928,0.802,-0.312,-0.269,0.505,0.82,0.425,0.674,0.883,0.876,0.834,0.854,0.786,-0.735,-0.682,-0.578,0.483,0.765,0.826,-0.725,0.899,0.047,-0.001,0.464,0.884,0.861,0.792,0.64,0.375,0.807,0.764,0.13,0.636,0.93,0.927,0.249,0.897,-0.291,0.889,0.516,0.884,0.861,0.917,0.82,0.868,-0.588,0.795,0.691,0.918,0.538,0.819,0.566,0.613,0.207,0.813,0.527,0.897,-0.275,0.708,0.744,0.898,0.769,0.633,0.661,-0.0,0.916,0.856,0.915,0.722,0.941,0.381,0.733,0.5,0.322,0.909,0.927,0.894,0.89,-0.536,-0.374,0.056,0.777,0.876,0.867,0.849,0.846,0.678,-0.248,-0.101,-0.087,0.646,0.753,0.923,0.468,0.849,0.681,0.852,0.786,0.9,-0.056,0.9,-0.627,0.748,0.329,0.763,0.681,0.419,0.719,0.792,0.947,0.756,0.902,0.783,-0.002,0.684,0.865,0.279
AUTL,0.721,0.907,0.672,0.867,0.954,0.828,0.404,0.944,0.318,-0.622,0.07,0.905,-0.117,0.933,0.156,0.892,0.581,0.644,0.929,0.0,0.944,0.914,-0.69,0.007,0.697,0.054,0.894,0.163,0.225,0.974,0.915,0.847,0.647,-0.364,0.391,0.203,-0.402,-0.43,0.232,0.704,0.687,0.888,0.304,0.734,0.854,0.839,0.915,0.817,0.958,0.794,0.718,0.897,0.826,0.563,0.944,0.751,0.667,-0.746,0.521,0.847,0.924,-0.448,0.922,-0.712,-0.57,-0.035,-0.207,0.861,-0.483,-0.389,0.69,0.77,0.762,0.739,0.872,0.941,-0.812,0.732,0.862,0.928,0.884,0.901,0.82,0.935,0.827,-0.488,-0.326,0.285,0.852,0.313,0.572,0.788,0.938,0.747,0.942,0.871,-0.779,-0.835,-0.725,0.561,0.72,0.881,-0.822,0.942,-0.024,-0.033,0.54,0.956,0.848,0.808,0.514,0.467,0.912,0.706,-0.043,0.717,0.975,0.864,0.313,0.882,-0.18,0.844,0.469,0.898,0.857,0.916,0.854,0.855,-0.654,0.84,0.801,0.926,0.665,0.772,0.487,0.648,0.221,0.823,0.345,0.905,-0.294,0.735,0.702,0.912,0.767,0.507,0.645,0.058,0.945,0.845,0.939,0.806,0.899,0.513,0.76,0.437,0.178,0.895,0.954,0.891,0.917,-0.685,-0.524,-0.062,0.764,0.91,0.828,0.841,0.848,0.735,-0.464,-0.148,-0.298,0.502,0.768,0.936,0.521,0.831,0.66,0.86,0.73,0.912,-0.1,0.845,-0.783,0.711,0.257,0.843,0.571,0.199,0.633,0.681,0.958,0.652,0.92,0.764,-0.219,0.837,0.913,0.108
AVDL,0.825,0.89,0.467,0.819,0.909,0.724,0.443,0.868,0.182,-0.453,0.042,0.759,-0.121,0.923,0.008,0.91,0.467,0.653,0.832,0.944,0.0,0.835,-0.695,-0.11,0.631,0.009,0.771,-0.016,0.035,0.917,0.851,0.85,0.585,-0.235,0.541,0.165,-0.192,-0.263,0.36,0.502,0.517,0.751,0.231,0.705,0.691,0.803,0.875,0.843,0.887,0.671,0.707,0.885,0.769,0.456,0.903,0.609,0.597,-0.621,0.338,0.701,0.914,-0.265,0.83,-0.6,-0.426,-0.147,-0.017,0.719,-0.408,-0.49,0.826,0.581,0.626,0.629,0.735,0.871,-0.86,0.565,0.798,0.931,0.918,0.835,0.712,0.899,0.686,-0.468,-0.185,0.088,0.724,0.111,0.388,0.617,0.928,0.557,0.926,0.844,-0.658,-0.837,-0.749,0.525,0.533,0.768,-0.755,0.866,-0.059,-0.128,0.712,0.931,0.699,0.67,0.266,0.566,0.864,0.57,-0.073,0.644,0.929,0.727,0.478,0.751,0.067,0.688,0.445,0.832,0.818,0.804,0.874,0.721,-0.524,0.801,0.762,0.812,0.662,0.603,0.317,0.747,0.409,0.662,0.268,0.83,-0.152,0.595,0.727,0.784,0.737,0.396,0.618,0.24,0.917,0.82,0.856,0.708,0.779,0.695,0.655,0.4,0.035,0.752,0.864,0.784,0.806,-0.737,-0.634,-0.047,0.596,0.885,0.734,0.849,0.715,0.747,-0.598,-0.08,-0.285,0.392,0.73,0.824,0.649,0.806,0.595,0.716,0.616,0.793,-0.109,0.76,-0.826,0.604,0.211,0.759,0.507,0.027,0.576,0.494,0.876,0.518,0.801,0.764,-0.321,0.927,0.821,-0.142
BCRX,0.624,0.857,0.684,0.818,0.901,0.813,0.312,0.897,0.344,-0.616,0.047,0.914,-0.015,0.806,0.095,0.774,0.768,0.641,0.878,0.914,0.835,0.0,-0.486,-0.036,0.623,-0.062,0.933,0.108,0.277,0.946,0.863,0.868,0.67,-0.492,0.282,0.033,-0.498,-0.513,0.168,0.733,0.825,0.917,0.261,0.64,0.893,0.68,0.826,0.679,0.956,0.817,0.796,0.803,0.81,0.576,0.914,0.813,0.614,-0.756,0.652,0.859,0.791,-0.429,0.891,-0.669,-0.646,0.196,-0.247,0.899,-0.597,-0.443,0.512,0.795,0.838,0.786,0.912,0.927,-0.711,0.788,0.851,0.904,0.82,0.855,0.92,0.885,0.876,-0.552,-0.454,0.284,0.828,0.402,0.578,0.784,0.877,0.822,0.907,0.875,-0.779,-0.792,-0.724,0.662,0.771,0.914,-0.752,0.849,0.207,-0.009,0.35,0.933,0.887,0.855,0.628,0.37,0.941,0.632,-0.145,0.617,0.927,0.854,0.147,0.888,-0.347,0.86,0.385,0.923,0.875,0.935,0.753,0.879,-0.786,0.875,0.801,0.948,0.718,0.746,0.583,0.504,0.108,0.862,0.392,0.907,-0.441,0.797,0.563,0.931,0.75,0.634,0.652,0.017,0.888,0.66,0.971,0.764,0.87,0.445,0.796,0.461,0.228,0.887,0.943,0.906,0.935,-0.512,-0.386,-0.17,0.83,0.917,0.806,0.755,0.85,0.727,-0.435,-0.378,-0.279,0.523,0.789,0.912,0.406,0.831,0.691,0.913,0.63,0.92,-0.139,0.826,-0.664,0.848,0.241,0.881,0.644,0.177,0.69,0.787,0.928,0.535,0.954,0.597,-0.2,0.756,0.945,0.298
BHAT,-0.381,-0.616,-0.498,-0.668,-0.6,-0.466,-0.238,-0.714,-0.37,0.518,-0.349,-0.523,0.086,-0.704,-0.328,-0.746,-0.115,-0.291,-0.639,-0.69,-0.695,-0.486,0.0,-0.298,-0.703,-0.415,-0.572,-0.365,-0.235,-0.639,-0.629,-0.444,-0.423,0.208,-0.2,-0.472,0.249,0.251,0.05,-0.33,-0.294,-0.574,-0.056,-0.389,-0.539,-0.66,-0.667,-0.666,-0.556,-0.47,-0.2,-0.666,-0.639,-0.089,-0.618,-0.51,-0.692,0.531,-0.164,-0.576,-0.674,0.443,-0.623,0.66,0.138,0.328,0.28,-0.514,-0.022,0.028,-0.561,-0.524,-0.486,-0.4,-0.579,-0.659,0.62,-0.44,-0.656,-0.583,-0.553,-0.569,-0.442,-0.66,-0.569,0.193,0.262,-0.199,-0.631,-0.347,-0.457,-0.527,-0.597,-0.347,-0.664,-0.637,0.581,0.599,0.321,-0.372,-0.522,-0.571,0.68,-0.697,0.48,0.006,-0.596,-0.637,-0.536,-0.539,-0.284,-0.174,-0.542,-0.646,-0.069,-0.688,-0.671,-0.62,-0.227,-0.6,0.066,-0.581,-0.382,-0.494,-0.419,-0.495,-0.621,-0.627,0.226,-0.511,-0.625,-0.589,-0.167,-0.62,-0.306,-0.466,-0.187,-0.534,-0.052,-0.562,-0.01,-0.537,-0.463,-0.579,-0.345,-0.063,-0.41,0.136,-0.616,-0.732,-0.565,-0.684,-0.639,-0.265,-0.546,-0.083,-0.102,-0.606,-0.631,-0.432,-0.616,0.629,0.272,0.083,-0.502,-0.505,-0.442,-0.578,-0.592,-0.415,0.13,-0.235,0.114,-0.217,-0.603,-0.658,-0.289,-0.496,-0.173,-0.524,-0.71,-0.606,-0.164,-0.486,0.733,-0.169,-0.215,-0.47,-0.083,-0.238,-0.178,-0.313,-0.651,-0.611,-0.537,-0.761,0.301,-0.526,-0.584,0.124
BLBD,-0.456,-0.1,0.406,0.186,0.014,-0.037,-0.066,0.189,0.778,-0.342,0.713,0.094,-0.117,0.048,0.586,0.053,-0.286,-0.382,0.17,0.007,-0.11,-0.036,-0.298,0.0,0.524,0.776,0.102,0.735,0.818,0.024,0.178,-0.269,0.205,-0.115,-0.401,0.533,-0.549,0.003,-0.529,0.15,0.088,0.141,0.255,-0.246,0.123,0.175,0.219,0.181,-0.079,0.045,-0.493,0.07,0.32,-0.257,0.087,0.249,0.577,-0.016,0.146,0.22,-0.092,-0.314,0.028,-0.273,0.383,-0.228,-0.316,0.065,0.584,0.811,-0.427,0.278,0.18,0.199,0.162,0.058,0.083,0.411,0.137,-0.049,-0.324,-0.014,0.078,0.086,0.22,0.405,-0.2,0.433,0.259,0.652,0.593,0.293,-0.15,0.149,-0.104,0.109,-0.13,0.184,0.603,0.202,0.424,0.061,-0.139,0.018,-0.516,0.047,0.054,-0.04,0.154,0.262,0.424,-0.351,-0.139,0.56,0.369,0.171,0.049,0.359,-0.527,0.262,-0.325,0.29,0.368,-0.135,-0.144,0.001,0.111,0.37,0.216,-0.039,0.087,0.082,-0.531,0.413,0.529,-0.093,-0.301,0.167,0.038,0.16,0.24,0.179,0.014,0.142,-0.095,-0.099,0.122,-0.58,-0.065,0.163,0.058,0.327,0.289,-0.461,0.381,-0.391,0.268,0.266,0.166,-0.041,0.131,0.141,0.505,0.006,0.377,-0.126,0.119,-0.035,0.154,-0.062,0.728,0.269,0.341,0.145,0.308,0.168,-0.252,0.017,-0.316,0.189,0.535,0.136,0.751,0.061,0.202,-0.19,0.473,-0.133,-0.19,0.617,-0.148,0.348,0.165,0.519,0.049,0.438,0.308,-0.409,0.083,0.319
BMRN,0.287,0.639,0.691,0.697,0.683,0.504,0.271,0.775,0.643,-0.605,0.548,0.661,-0.178,0.667,0.486,0.7,0.157,0.073,0.709,0.697,0.631,0.623,-0.703,0.524,0.0,0.386,0.621,0.557,0.607,0.67,0.706,0.417,0.534,-0.319,0.032,0.588,-0.535,-0.178,-0.154,0.503,0.441,0.638,0.388,0.359,0.635,0.683,0.778,0.698,0.582,0.572,0.215,0.635,0.707,0.143,0.724,0.652,0.869,-0.489,0.341,0.732,0.561,-0.462,0.633,-0.602,-0.092,-0.168,-0.366,0.596,0.04,0.215,0.296,0.6,0.609,0.646,0.642,0.634,-0.578,0.744,0.664,0.653,0.421,0.667,0.597,0.716,0.684,-0.015,-0.321,0.377,0.781,0.544,0.764,0.63,0.552,0.5,0.571,0.693,-0.596,-0.446,-0.126,0.557,0.708,0.601,-0.666,0.676,-0.406,0.013,0.552,0.663,0.634,0.69,0.519,0.137,0.562,0.795,0.225,0.553,0.692,0.757,-0.07,0.749,-0.244,0.716,0.544,0.463,0.479,0.622,0.673,0.822,-0.316,0.465,0.674,0.638,0.1,0.753,0.57,0.407,0.007,0.608,0.206,0.727,0.039,0.579,0.525,0.688,0.536,0.132,0.475,-0.291,0.647,0.686,0.652,0.778,0.783,0.114,0.753,-0.043,0.216,0.772,0.752,0.57,0.67,-0.411,-0.05,-0.031,0.711,0.585,0.627,0.582,0.641,0.484,0.086,0.114,-0.133,0.299,0.747,0.736,0.24,0.581,0.167,0.669,0.854,0.675,0.437,0.6,-0.46,0.367,0.575,0.463,0.191,0.537,0.352,0.611,0.766,0.77,0.635,0.829,0.032,0.377,0.645,0.111
BNGO,-0.248,-0.104,0.171,0.233,0.016,-0.078,0.165,0.168,0.454,-0.125,0.585,0.046,0.126,0.193,0.364,0.129,-0.303,-0.08,0.201,0.054,0.009,-0.062,-0.415,0.776,0.386,0.0,0.056,0.472,0.545,0.053,0.203,-0.269,0.386,0.114,-0.101,0.414,-0.367,0.096,-0.262,0.067,-0.027,0.093,0.146,-0.069,0.045,0.302,0.247,0.306,-0.037,-0.039,-0.452,0.213,0.337,-0.149,0.057,0.079,0.403,0.035,0.1,0.113,0.061,-0.212,0.023,-0.267,0.275,-0.411,-0.114,-0.03,0.472,0.558,-0.219,0.172,0.011,0.004,0.099,0.116,0.106,0.22,0.079,0.001,-0.214,-0.062,-0.044,0.111,0.092,0.377,-0.021,0.396,0.097,0.422,0.346,0.325,-0.066,0.05,0.019,0.045,-0.01,0.088,0.401,0.079,0.229,0.014,-0.071,0.072,-0.472,-0.169,0.191,-0.015,0.073,0.133,0.193,-0.241,-0.153,0.496,0.382,0.202,0.079,0.292,-0.275,0.176,-0.103,0.196,0.351,-0.036,-0.076,-0.062,0.201,0.244,0.368,0.002,-0.001,0.088,-0.484,0.265,0.286,0.122,-0.004,0.069,0.144,0.141,0.336,0.094,0.137,0.059,-0.163,-0.095,0.104,-0.306,0.027,0.325,0.032,0.206,0.3,-0.227,0.148,-0.173,0.086,0.144,0.114,-0.09,0.091,0.062,0.163,0.214,0.188,-0.118,0.107,0.13,0.118,-0.026,0.615,0.428,0.469,0.26,0.258,0.118,-0.077,0.112,-0.197,0.055,0.45,0.109,0.414,0.094,0.098,-0.223,0.132,-0.193,-0.093,0.4,-0.124,0.183,0.122,0.457,-0.008,0.462,0.235,-0.197,0.065,0.081
BUSE,0.457,0.823,0.83,0.85,0.854,0.827,0.089,0.933,0.502,-0.784,0.028,0.92,-0.139,0.749,0.273,0.76,0.77,0.567,0.869,0.894,0.771,0.933,-0.572,0.102,0.621,0.056,0.0,0.253,0.348,0.923,0.852,0.844,0.562,-0.658,0.09,0.086,-0.579,-0.697,-0.049,0.75,0.909,0.99,0.145,0.526,0.971,0.642,0.776,0.624,0.937,0.831,0.702,0.741,0.811,0.477,0.888,0.914,0.71,-0.901,0.697,0.932,0.75,-0.606,0.959,-0.821,-0.63,0.246,-0.426,0.975,-0.481,-0.329,0.425,0.931,0.939,0.802,0.993,0.953,-0.703,0.799,0.938,0.801,0.776,0.873,0.946,0.835,0.969,-0.637,-0.621,0.356,0.906,0.57,0.68,0.803,0.848,0.89,0.906,0.908,-0.91,-0.822,-0.645,0.683,0.896,0.988,-0.842,0.885,0.091,0.165,0.229,0.895,0.967,0.948,0.758,0.203,0.934,0.68,-0.231,0.76,0.926,0.901,0.027,0.945,-0.512,0.943,0.376,0.909,0.798,0.92,0.677,0.932,-0.836,0.894,0.856,0.984,0.681,0.877,0.675,0.344,-0.085,0.97,0.293,0.845,-0.544,0.923,0.435,0.982,0.635,0.615,0.576,-0.204,0.829,0.611,0.948,0.832,0.835,0.253,0.877,0.398,0.302,0.937,0.951,0.887,0.994,-0.567,-0.249,-0.318,0.927,0.848,0.743,0.637,0.95,0.655,-0.37,-0.433,-0.365,0.445,0.73,0.946,0.215,0.732,0.621,0.979,0.722,0.983,-0.026,0.757,-0.698,0.754,0.231,0.933,0.51,0.241,0.571,0.815,0.922,0.567,0.972,0.601,-0.294,0.673,0.98,0.429
CAKE,-0.273,0.067,0.614,0.296,0.207,0.246,-0.09,0.303,0.65,-0.499,0.374,0.292,-0.188,0.117,0.769,0.141,-0.104,-0.293,0.331,0.163,-0.016,0.108,-0.365,0.735,0.557,0.472,0.253,0.0,0.752,0.184,0.288,-0.087,0.097,-0.214,-0.427,0.563,-0.547,-0.199,-0.443,0.504,0.249,0.303,0.327,0.055,0.364,0.265,0.236,0.134,0.11,0.363,-0.204,0.026,0.292,0.062,0.209,0.336,0.508,-0.255,0.344,0.414,0.108,-0.53,0.228,-0.343,0.047,-0.069,-0.514,0.298,0.243,0.616,-0.274,0.453,0.327,0.369,0.295,0.2,-0.039,0.555,0.262,0.045,-0.123,0.216,0.131,0.232,0.357,0.265,-0.252,0.594,0.492,0.655,0.741,0.413,0.033,0.383,0.005,0.134,-0.387,0.131,0.389,0.043,0.564,0.214,-0.279,0.271,-0.341,0.395,-0.039,0.075,0.36,0.364,0.615,-0.243,0.032,0.545,0.357,0.322,0.166,0.486,-0.321,0.417,-0.486,0.477,0.375,0.024,-0.016,0.275,0.059,0.442,-0.056,-0.016,0.18,0.234,-0.252,0.623,0.436,-0.154,-0.389,0.381,0.157,0.219,0.044,0.314,0.131,0.34,0.165,0.111,0.073,-0.606,0.118,0.273,0.152,0.339,0.378,-0.515,0.411,-0.04,0.593,0.481,0.274,0.202,0.275,0.011,0.531,-0.011,0.446,0.073,0.254,0.053,0.373,0.013,0.564,0.222,0.073,0.214,0.223,0.363,-0.237,0.029,-0.13,0.345,0.701,0.301,0.555,0.254,-0.0,0.035,0.522,0.112,-0.074,0.832,0.08,0.444,0.313,0.719,0.254,0.417,0.3,-0.281,0.176,0.472
CASY,-0.259,0.064,0.586,0.308,0.279,0.26,0.086,0.383,0.764,-0.459,0.59,0.393,-0.069,0.214,0.508,0.128,0.026,-0.16,0.429,0.225,0.035,0.277,-0.235,0.818,0.607,0.545,0.348,0.752,0.0,0.275,0.4,-0.046,0.388,-0.217,-0.35,0.374,-0.772,-0.119,-0.355,0.53,0.385,0.394,0.454,0.065,0.396,0.305,0.367,0.302,0.21,0.348,-0.187,0.234,0.485,0.128,0.276,0.405,0.564,-0.166,0.485,0.432,0.104,-0.455,0.235,-0.317,0.036,-0.047,-0.328,0.336,0.196,0.617,-0.4,0.503,0.377,0.493,0.393,0.282,-0.067,0.7,0.266,0.201,-0.137,0.185,0.321,0.299,0.428,0.298,-0.267,0.552,0.466,0.746,0.765,0.565,0.061,0.489,0.081,0.249,-0.291,0.057,0.37,0.312,0.62,0.287,-0.236,0.215,-0.219,0.055,-0.017,0.18,0.425,0.443,0.7,-0.224,0.082,0.617,0.448,0.204,0.268,0.588,-0.515,0.483,-0.516,0.545,0.348,0.144,0.182,0.327,0.253,0.58,-0.12,0.14,0.202,0.343,-0.288,0.595,0.71,0.025,-0.311,0.389,0.306,0.408,0.056,0.336,0.192,0.401,0.205,0.258,0.295,-0.519,0.199,0.286,0.341,0.408,0.529,-0.391,0.521,-0.149,0.419,0.513,0.399,0.316,0.361,0.123,0.452,0.03,0.583,0.16,0.38,0.187,0.391,0.054,0.624,0.092,0.326,0.437,0.455,0.398,-0.156,0.243,0.004,0.458,0.599,0.365,0.57,0.333,0.135,0.199,0.573,0.126,0.209,0.75,0.211,0.674,0.395,0.606,0.322,0.474,0.474,-0.272,0.305,0.548
CCOI,0.692,0.877,0.681,0.891,0.957,0.853,0.376,0.943,0.343,-0.617,0.055,0.909,-0.084,0.908,0.122,0.846,0.635,0.695,0.953,0.974,0.917,0.946,-0.639,0.024,0.67,0.053,0.923,0.184,0.275,0.0,0.936,0.866,0.672,-0.395,0.373,0.144,-0.458,-0.446,0.241,0.748,0.754,0.916,0.313,0.719,0.883,0.8,0.892,0.79,0.974,0.844,0.749,0.88,0.878,0.596,0.942,0.765,0.643,-0.745,0.628,0.846,0.904,-0.452,0.923,-0.687,-0.603,0.039,-0.176,0.89,-0.512,-0.408,0.629,0.796,0.803,0.774,0.898,0.972,-0.781,0.777,0.874,0.941,0.872,0.886,0.857,0.936,0.854,-0.489,-0.354,0.336,0.844,0.367,0.602,0.804,0.94,0.808,0.944,0.883,-0.789,-0.825,-0.716,0.578,0.751,0.899,-0.799,0.919,0.066,-0.018,0.495,0.966,0.88,0.828,0.574,0.433,0.919,0.692,-0.045,0.687,0.976,0.896,0.288,0.905,-0.246,0.881,0.456,0.936,0.9,0.939,0.828,0.873,-0.688,0.882,0.801,0.953,0.684,0.793,0.542,0.616,0.227,0.847,0.421,0.912,-0.348,0.764,0.688,0.929,0.77,0.603,0.684,0.056,0.953,0.804,0.97,0.765,0.909,0.503,0.783,0.494,0.241,0.907,0.962,0.916,0.94,-0.625,-0.458,-0.086,0.794,0.934,0.829,0.847,0.871,0.753,-0.435,-0.222,-0.239,0.564,0.78,0.94,0.498,0.85,0.714,0.89,0.726,0.937,-0.104,0.871,-0.743,0.768,0.266,0.866,0.647,0.23,0.697,0.737,0.968,0.638,0.946,0.734,-0.195,0.816,0.931,0.203
CEVA,0.668,0.792,0.652,0.918,0.929,0.813,0.464,0.886,0.376,-0.507,0.169,0.881,-0.079,0.916,0.153,0.756,0.472,0.655,0.948,0.915,0.851,0.863,-0.629,0.178,0.706,0.203,0.852,0.288,0.4,0.936,0.0,0.788,0.705,-0.261,0.427,0.263,-0.416,-0.309,0.294,0.756,0.69,0.858,0.493,0.701,0.819,0.856,0.917,0.803,0.904,0.738,0.662,0.867,0.905,0.594,0.939,0.702,0.648,-0.632,0.664,0.794,0.899,-0.333,0.841,-0.617,-0.533,-0.007,-0.074,0.816,-0.396,-0.26,0.542,0.752,0.722,0.702,0.822,0.918,-0.66,0.801,0.788,0.907,0.811,0.868,0.762,0.927,0.774,-0.315,-0.216,0.467,0.795,0.33,0.675,0.833,0.898,0.786,0.85,0.821,-0.692,-0.677,-0.57,0.531,0.728,0.801,-0.681,0.882,0.073,-0.05,0.558,0.879,0.842,0.786,0.588,0.497,0.81,0.745,0.109,0.58,0.941,0.916,0.298,0.9,-0.179,0.849,0.597,0.87,0.847,0.89,0.809,0.851,-0.526,0.836,0.691,0.899,0.57,0.779,0.588,0.651,0.286,0.785,0.562,0.92,-0.207,0.661,0.779,0.884,0.802,0.668,0.6,0.105,0.907,0.838,0.909,0.702,0.888,0.49,0.757,0.504,0.302,0.887,0.931,0.894,0.871,-0.559,-0.437,0.095,0.768,0.922,0.889,0.88,0.792,0.785,-0.27,-0.133,-0.087,0.61,0.77,0.92,0.58,0.9,0.706,0.837,0.775,0.874,0.03,0.919,-0.666,0.738,0.319,0.738,0.693,0.393,0.759,0.766,0.942,0.706,0.894,0.817,-0.042,0.718,0.857,0.222
