,AAPL,ACRS,ADP,AFYA,AGNC,AGYS,ALT,AMGN,AMPH,AMZN,ANIP,AOSL,APDN,APLT,APVO,ARGX,ARLP,ATEX,ATRA,AUTL,AVDL,BCRX,BHAT,BLBD,BMRN,BNGO,BUSE,CAKE,CASY,CCOI,CEVA,CHY,CLDX,CLMT,COHU,COLM,COST,CPRT,CSWC,CSX,DBX,DCOM,DKNG,DMLP,DOX,EA,EDIT,ENPH,ENSG,ERNA,ESGR,ETNB,EXTR,FANG,FARO,FATE,FGEN,FIVE,FIVN,FLGT,FOLD,FORM,FOXA,FRPT,FSLR,FTAI,GBDC,GDYN,GGAL,GNLN,GRFS,GT,HCAT,HCM,HFWA,HOLX,HQY,HUBG,IAC,ICLR,IDCC,IEP,IHRT,ILMN,ILPT,IMAB,IMOS,INMD,INTZ,JAZZ,JKHY,JRVR,KIDS,LBRDK,LGND,LMAT,LPLA,LULU,MASI,MAT,MATW,MBIN,MBIO,MCRB,MDB,MDLZ,MELI,MIRM,MLKN,MNMD,MNRO,MPWR,MRCY,MRSN,MTVA,NAAS,NDAQ,NDSN,NEGG,NOVT,NVDA,NWE,NWSA,NXST,OCX,ODFL,OMAB,OPCH,OPRA,ORGO,OTRK,OZK,PAGP,PCH,PEGA,PENG,PENN,PFBC,PGNY,PHAT,PHUN,PINC,PLUG,PLXS,PYPL,QLYS,QNCX,QQQX,QVCGA,RAPT,RBBN,RCKT,REPL,RMBS,ROAD,ROKU,ROP,RUSHA,SANM,SATS,SBCF,SBLK,SBUX,SCHL,SCSC,SDGR,SEIC,SFIX,SGRY,SKYW,SLP,SNES,STAA,STLD,STOK,SWKS,TER,TFIN,TIGO,TILE,TPIC,TTEC,TTEK,TTGT,UXIN,VERU,VLYPP,VNOM,VRNS,VRSN,WDAY,WERN,WINA,WKHS,WRLD,XP,XTKG,YY,ZION,ZM
AAPL,0.0,0.343,-0.481,0.571,-0.441,0.767,-0.334,-0.039,0.364,-0.425,0.562,0.722,0.7,0.49,0.277,-0.579,0.581,-0.51,-0.695,-0.227,0.573,0.673,0.691,0.278,0.612,0.652,0.383,0.633,-0.363,0.221,0.225,-0.144,-0.607,0.475,0.713,-0.239,-0.259,0.622,-0.462,-0.016,0.323,-0.163,-0.485,0.479,-0.294,0.599,0.113,0.656,-0.564,0.645,0.731,0.68,0.548,0.746,0.247,-0.194,-0.56,-0.464,0.733,0.541,0.287,0.806,0.482,-0.36,0.171,0.189,-0.455,-0.256,-0.626,0.25,0.039,0.749,-0.6,0.593,0.601,-0.572,-0.193,0.084,0.108,0.759,0.411,0.469,-0.143,0.572,0.142,0.621,0.617,-0.323,0.666,0.702,-0.457,0.678,0.105,0.511,0.473,0.267,0.776,0.275,0.536,0.406,0.71,0.37,0.427,-0.589,-0.612,-0.793,-0.31,0.469,0.709,-0.094,0.629,0.678,0.277,-0.311,-0.213,0.629,-0.497,0.449,0.337,0.774,0.55,-0.564,0.782,0.469,-0.043,0.306,-0.571,-0.321,0.387,0.46,0.169,0.556,0.326,-0.282,0.653,0.695,0.024,0.372,-0.609,-0.531,0.158,-0.37,0.309,0.427,0.437,0.335,-0.554,0.103,0.763,0.646,0.833,-0.209,-0.202,0.731,0.145,-0.217,-0.028,0.585,0.583,-0.605,0.091,0.331,0.052,0.227,0.623,0.525,0.275,0.08,0.267,-0.237,0.713,0.265,0.452,0.715,-0.517,0.844,0.715,0.472,-0.475,0.135,0.235,0.54,0.658,0.74,0.15,-0.032,-0.46,0.659,0.662,-0.213,0.408,0.125,0.266,0.347,0.135,0.152,0.659,-0.556,0.657,0.461
ACRS,0.343,0.0,-0.338,0.697,-0.219,0.366,0.196,-0.005,0.271,0.032,0.07,0.271,0.495,0.064,0.214,-0.215,0.546,0.163,-0.435,-0.073,0.536,-0.061,0.5,0.02,0.112,0.585,0.083,0.333,0.275,0.597,0.469,0.136,-0.695,0.538,0.517,0.349,-0.069,0.283,-0.306,-0.317,0.221,-0.219,0.101,0.502,-0.267,0.224,0.588,0.403,-0.451,0.305,0.366,0.11,0.265,0.365,-0.089,0.469,0.178,0.096,0.522,0.651,0.276,0.59,0.05,-0.24,0.267,0.185,-0.435,-0.059,-0.533,0.677,-0.295,0.434,-0.12,0.176,0.165,-0.452,-0.381,-0.439,0.139,0.402,0.167,0.599,0.153,0.36,0.279,0.604,0.45,-0.03,0.412,0.505,-0.613,0.429,0.189,0.209,0.496,0.171,0.367,0.467,0.66,0.557,0.511,0.267,0.624,-0.053,-0.571,-0.446,-0.1,0.045,0.4,0.375,0.442,0.599,0.252,0.012,-0.06,0.348,-0.444,0.43,0.559,0.535,0.737,-0.176,0.407,0.423,0.062,0.635,-0.194,-0.591,0.478,0.43,0.678,0.287,0.289,-0.083,0.172,0.62,0.449,0.005,-0.476,-0.582,0.531,-0.304,0.682,0.366,0.198,0.348,-0.413,0.307,0.568,0.677,0.436,0.159,-0.222,0.645,0.24,-0.018,-0.253,0.525,0.508,-0.094,-0.042,0.198,0.09,0.054,0.139,-0.23,0.273,0.238,-0.003,-0.036,0.427,0.63,0.579,0.535,-0.428,0.413,0.583,0.478,-0.167,0.069,0.135,-0.173,0.387,0.286,0.298,-0.122,-0.196,0.198,0.545,-0.517,-0.255,0.434,0.482,0.74,0.076,0.564,0.537,-0.099,0.31,0.059
ADP,-0.481,-0.338,0.0,-0.588,0.755,-0.571,0.702,0.706,0.247,0.705,-0.378,-0.161,-0.509,-0.039,-0.606,0.233,-0.058,0.511,0.258,-0.162,-0.752,-0.211,-0.516,0.423,-0.702,-0.727,0.01,-0.38,0.17,-0.404,0.086,0.569,0.527,-0.427,-0.411,0.234,0.729,-0.265,0.757,0.298,0.354,0.627,0.649,-0.091,0.593,-0.457,0.267,-0.242,0.776,-0.691,-0.312,-0.401,0.113,-0.61,0.467,0.448,0.474,0.731,-0.626,-0.168,-0.796,-0.543,-0.328,0.585,0.429,0.423,0.621,0.031,0.748,-0.303,0.444,-0.439,0.784,-0.7,-0.275,0.54,0.309,0.432,0.403,-0.613,0.138,-0.353,0.51,-0.072,0.359,-0.445,-0.135,0.768,-0.702,-0.333,0.838,-0.555,0.09,0.003,0.05,0.168,-0.551,0.093,-0.516,-0.016,-0.47,-0.001,-0.749,0.517,0.536,0.547,0.773,-0.403,-0.505,0.286,-0.253,-0.095,-0.23,0.795,0.078,-0.72,0.655,0.131,-0.212,-0.502,-0.186,0.814,-0.605,-0.104,-0.295,-0.023,0.789,0.027,-0.095,0.047,-0.206,-0.063,-0.191,0.728,-0.561,-0.239,0.145,0.133,0.168,0.743,-0.13,0.235,0.061,0.259,0.044,0.112,0.803,0.546,-0.405,-0.586,-0.451,0.563,0.514,-0.577,0.516,0.719,0.447,-0.166,-0.084,0.67,0.351,0.36,0.61,0.247,-0.214,-0.004,0.353,0.476,0.185,0.634,-0.799,-0.635,-0.384,-0.366,0.397,-0.601,-0.106,-0.138,0.674,0.389,0.349,-0.226,-0.257,-0.506,-0.565,-0.434,0.852,-0.654,-0.294,0.254,-0.096,0.21,0.096,-0.152,0.385,0.125,-0.701,0.666,-0.239,-0.207
AFYA,0.571,0.697,-0.588,0.0,-0.389,0.775,-0.146,-0.124,0.438,-0.376,0.592,0.519,0.747,0.213,0.305,-0.621,0.686,-0.201,-0.652,-0.217,0.835,0.35,0.723,0.077,0.406,0.79,0.432,0.786,-0.07,0.531,0.228,-0.088,-0.844,0.88,0.82,0.311,-0.335,0.654,-0.558,-0.097,0.246,-0.215,-0.337,0.741,-0.286,0.539,0.349,0.726,-0.717,0.679,0.683,0.508,0.488,0.813,-0.043,0.102,-0.154,-0.257,0.89,0.786,0.479,0.871,0.515,-0.338,0.183,0.215,-0.489,-0.398,-0.8,0.717,-0.261,0.808,-0.476,0.509,0.568,-0.555,-0.213,-0.312,0.23,0.83,0.356,0.869,-0.27,0.623,0.304,0.811,0.67,-0.426,0.773,0.795,-0.766,0.829,0.196,0.518,0.52,0.353,0.773,0.588,0.83,0.712,0.879,0.566,0.828,-0.47,-0.853,-0.742,-0.42,0.272,0.836,0.132,0.769,0.633,0.541,-0.27,-0.425,0.759,-0.563,0.567,0.74,0.86,0.756,-0.449,0.799,0.714,0.137,0.629,-0.54,-0.597,0.655,0.66,0.672,0.619,0.623,-0.203,0.561,0.773,0.52,0.311,-0.417,-0.836,0.347,-0.194,0.621,0.428,0.399,0.4,-0.684,0.113,0.835,0.866,0.766,-0.107,-0.288,0.845,0.174,-0.229,-0.246,0.778,0.709,-0.438,0.099,0.275,-0.091,0.245,0.511,-0.114,0.356,0.161,0.244,-0.176,0.77,0.615,0.802,0.839,-0.571,0.703,0.631,0.74,-0.362,0.169,0.288,0.307,0.656,0.765,0.516,-0.063,-0.48,0.595,0.82,-0.328,0.069,0.505,0.594,0.685,0.219,0.598,0.873,-0.623,0.694,0.459
AGNC,-0.441,-0.219,0.755,-0.389,0.0,-0.48,0.692,0.66,0.435,0.735,-0.151,-0.244,-0.549,0.296,-0.899,0.294,0.057,0.643,0.349,0.047,-0.678,-0.137,-0.647,0.566,-0.922,-0.76,0.185,-0.142,0.273,-0.187,-0.088,0.803,0.509,-0.168,-0.25,0.55,0.489,-0.257,0.9,0.425,0.328,0.885,0.701,0.214,0.643,-0.593,0.384,0.003,0.72,-0.778,-0.365,-0.4,0.204,-0.464,0.572,0.529,0.603,0.784,-0.529,0.029,-0.705,-0.509,-0.111,0.711,0.507,0.6,0.664,-0.155,0.771,-0.072,0.219,-0.307,0.868,-0.644,-0.108,0.615,0.452,0.502,0.691,-0.488,0.273,-0.127,0.357,0.183,0.488,-0.406,-0.06,0.779,-0.769,-0.22,0.674,-0.458,-0.119,0.143,0.137,0.341,-0.429,0.385,-0.442,0.217,-0.341,0.305,-0.667,0.627,0.446,0.612,0.746,-0.671,-0.349,0.428,-0.07,-0.186,-0.181,0.849,-0.234,-0.62,0.748,0.281,-0.001,-0.425,-0.203,0.937,-0.512,0.066,-0.412,0.105,0.871,-0.158,-0.008,0.207,-0.163,0.134,0.138,0.844,-0.33,-0.181,0.458,0.322,-0.009,0.704,-0.248,0.5,0.166,0.407,0.348,0.171,0.775,0.614,-0.228,-0.639,-0.44,0.752,0.734,-0.616,0.69,0.807,0.456,0.058,0.089,0.87,0.612,0.51,0.399,0.542,-0.056,-0.139,0.518,0.698,0.349,0.903,-0.775,-0.599,-0.205,-0.169,0.508,-0.68,-0.1,0.068,0.76,0.542,0.562,-0.233,-0.339,-0.372,-0.551,-0.625,0.863,-0.516,-0.23,0.185,-0.23,0.415,0.389,-0.022,0.7,0.417,-0.63,0.501,-0.149,-0.245
AGYS,0.767,0.366,-0.571,0.775,-0.48,0.0,-0.388,-0.039,0.464,-0.605,0.795,0.811,0.76,0.261,0.398,-0.765,0.643,-0.616,-0.688,-0.321,0.798,0.786,0.766,0.239,0.629,0.743,0.579,0.855,-0.393,0.132,0.079,-0.305,-0.641,0.743,0.895,-0.062,-0.376,0.797,-0.59,0.109,0.393,-0.194,-0.671,0.633,-0.133,0.852,0.054,0.755,-0.636,0.862,0.868,0.881,0.625,0.946,0.159,-0.23,-0.496,-0.556,0.947,0.614,0.5,0.894,0.706,-0.419,0.051,0.26,-0.374,-0.388,-0.773,0.411,0.058,0.921,-0.699,0.658,0.773,-0.487,0.008,0.076,0.192,0.928,0.569,0.719,-0.435,0.665,0.211,0.759,0.774,-0.526,0.846,0.865,-0.569,0.955,0.252,0.646,0.528,0.424,0.911,0.361,0.711,0.533,0.913,0.578,0.644,-0.754,-0.706,-0.853,-0.495,0.557,0.948,-0.082,0.828,0.628,0.639,-0.421,-0.415,0.866,-0.529,0.529,0.544,0.948,0.57,-0.604,0.937,0.727,0.186,0.335,-0.681,-0.339,0.563,0.652,0.357,0.722,0.679,-0.282,0.843,0.789,0.254,0.521,-0.284,-0.758,0.171,-0.101,0.299,0.43,0.442,0.471,-0.706,-0.02,0.833,0.778,0.942,-0.341,-0.312,0.84,0.081,-0.368,-0.061,0.757,0.698,-0.678,0.19,0.356,-0.147,0.343,0.753,0.374,0.289,0.031,0.367,-0.241,0.877,0.39,0.715,0.842,-0.587,0.893,0.645,0.701,-0.562,0.288,0.372,0.738,0.796,0.941,0.306,-0.005,-0.615,0.75,0.838,0.054,0.443,0.296,0.371,0.386,0.206,0.261,0.86,-0.786,0.849,0.67
ALT,-0.334,0.196,0.702,-0.146,0.692,-0.388,0.0,0.708,0.458,0.869,-0.393,-0.059,-0.272,-0.039,-0.51,0.168,0.304,0.799,0.1,-0.127,-0.453,-0.319,-0.344,0.515,-0.739,-0.386,0.03,-0.2,0.505,0.056,0.536,0.752,0.143,-0.082,-0.072,0.575,0.674,-0.196,0.69,0.013,0.551,0.536,0.852,0.263,0.42,-0.416,0.776,0.028,0.546,-0.592,-0.132,-0.449,0.277,-0.464,0.503,0.909,0.789,0.912,-0.337,0.314,-0.6,-0.217,-0.414,0.611,0.713,0.647,0.444,0.043,0.52,0.153,0.292,-0.238,0.844,-0.586,-0.234,0.189,0.132,0.125,0.592,-0.391,0.313,0.033,0.712,0.176,0.607,-0.151,0.16,0.859,-0.513,-0.081,0.414,-0.305,0.277,0.071,0.326,0.369,-0.452,0.523,-0.083,0.314,-0.15,0.189,-0.345,0.592,0.26,0.337,0.807,-0.539,-0.295,0.642,0.009,0.253,-0.03,0.927,-0.085,-0.467,0.441,0.368,0.202,-0.214,0.278,0.825,-0.444,0.146,-0.255,0.353,0.811,-0.344,0.297,0.314,0.236,0.107,0.063,0.821,-0.401,0.157,0.57,0.142,-0.051,0.43,0.094,0.145,0.568,0.537,0.173,0.419,0.656,0.839,-0.074,-0.275,-0.237,0.725,0.54,-0.214,0.728,0.841,0.151,0.194,0.268,0.752,0.375,0.488,0.7,0.374,-0.18,-0.227,0.506,0.751,0.187,0.726,-0.624,-0.166,0.049,-0.059,0.099,-0.415,0.256,0.193,0.675,0.569,0.499,-0.464,-0.035,-0.383,-0.403,-0.604,0.815,-0.677,0.003,-0.136,-0.386,0.522,0.488,0.245,0.459,0.593,-0.393,0.618,-0.107,-0.254
AMGN,-0.039,-0.005,0.706,-0.124,0.66,-0.039,0.708,0.0,0.719,0.599,0.063,0.354,-0.161,0.284,-0.558,-0.174,0.445,0.421,-0.134,-0.313,-0.375,0.257,-0.197,0.792,-0.521,-0.362,0.432,0.125,-0.028,-0.37,0.243,0.605,0.171,-0.003,0.197,0.303,0.469,0.234,0.628,0.501,0.766,0.708,0.429,0.432,0.711,-0.078,0.509,0.294,0.49,-0.322,0.151,-0.004,0.616,-0.112,0.797,0.566,0.343,0.579,-0.092,0.352,-0.585,-0.038,0.079,0.545,0.628,0.81,0.559,-0.264,0.45,0.07,0.603,0.117,0.603,-0.364,0.239,0.334,0.419,0.631,0.758,-0.093,0.677,0.192,0.369,0.506,0.548,-0.12,0.407,0.672,-0.38,0.199,0.517,0.018,0.225,0.379,0.413,0.508,-0.076,0.471,-0.029,0.395,0.101,0.473,-0.409,0.181,0.21,0.089,0.643,-0.394,0.036,0.432,0.328,0.336,0.207,0.77,-0.284,-0.254,0.498,0.582,0.181,0.046,0.191,0.656,-0.126,0.455,-0.319,0.375,0.61,-0.246,0.266,0.536,-0.027,0.508,0.311,0.772,-0.088,0.325,0.532,0.544,-0.1,0.365,-0.149,0.379,0.404,0.714,0.531,0.486,0.517,0.759,0.159,-0.206,0.078,0.516,0.577,-0.094,0.77,0.692,0.5,0.395,0.495,0.442,0.636,0.751,0.574,0.618,0.313,0.168,0.757,0.77,0.448,0.736,-0.413,-0.341,0.19,0.162,0.149,-0.15,0.376,0.392,0.429,0.731,0.76,0.057,0.207,-0.003,-0.554,-0.633,0.624,-0.352,0.228,0.269,-0.033,0.644,0.542,0.127,0.643,0.461,-0.19,0.327,0.314,-0.005
AMPH,0.364,0.271,0.247,0.438,0.435,0.464,0.458,0.719,0.0,0.225,0.553,0.664,0.314,0.479,-0.42,-0.521,0.83,0.154,-0.494,-0.443,0.112,0.573,0.23,0.84,-0.254,0.067,0.697,0.663,-0.056,0.025,0.272,0.51,-0.27,0.583,0.69,0.47,0.242,0.609,0.261,0.398,0.829,0.614,0.124,0.883,0.43,0.271,0.605,0.764,0.032,0.094,0.578,0.382,0.924,0.438,0.761,0.424,0.161,0.354,0.453,0.773,-0.282,0.471,0.455,0.327,0.7,0.91,0.264,-0.612,-0.049,0.394,0.4,0.629,0.216,0.013,0.599,-0.012,0.297,0.49,0.886,0.469,0.847,0.652,0.067,0.861,0.731,0.385,0.804,0.31,0.119,0.689,0.066,0.507,0.305,0.803,0.687,0.766,0.427,0.82,0.333,0.794,0.614,0.832,0.021,-0.158,-0.35,-0.354,0.358,-0.137,0.564,0.437,0.789,0.638,0.48,0.529,-0.607,0.239,0.143,0.875,0.599,0.557,0.56,0.338,0.404,0.832,-0.268,0.593,0.223,-0.627,0.645,0.905,0.313,0.865,0.694,0.626,0.396,0.71,0.776,0.756,-0.326,-0.088,-0.04,0.254,0.639,0.929,0.734,0.708,0.074,0.74,0.653,0.23,0.56,0.409,0.385,0.338,0.853,0.524,0.291,0.857,0.872,0.179,0.706,0.875,0.469,0.831,0.675,0.199,0.875,0.813,0.652,0.642,0.083,-0.093,0.593,0.706,-0.291,0.275,0.674,0.8,0.221,0.823,0.928,0.373,0.483,0.526,-0.282,-0.717,0.329,0.115,0.699,0.048,0.11,0.823,0.835,0.43,0.861,0.768,0.281,-0.166,0.718,0.383
AMZN,-0.425,0.032,0.705,-0.376,0.735,-0.605,0.869,0.599,0.225,0.0,-0.529,-0.316,-0.543,-0.002,-0.619,0.381,0.014,0.883,0.306,0.088,-0.615,-0.474,-0.618,0.415,-0.792,-0.519,-0.16,-0.416,0.512,-0.028,0.349,0.765,0.337,-0.329,-0.294,0.428,0.584,-0.411,0.85,0.092,0.34,0.553,0.922,0.027,0.455,-0.637,0.567,-0.212,0.654,-0.78,-0.423,-0.666,0.085,-0.671,0.436,0.802,0.732,0.869,-0.577,0.06,-0.543,-0.471,-0.531,0.692,0.583,0.495,0.536,0.132,0.72,0.02,0.243,-0.469,0.919,-0.641,-0.418,0.306,0.217,0.18,0.497,-0.585,0.127,-0.184,0.652,-0.002,0.309,-0.429,-0.125,0.882,-0.732,-0.372,0.507,-0.558,0.038,-0.189,0.04,0.138,-0.607,0.327,-0.281,0.019,-0.422,-0.005,-0.517,0.713,0.543,0.541,0.869,-0.697,-0.534,0.554,-0.253,-0.009,-0.222,0.863,0.019,-0.629,0.591,0.113,0.056,-0.475,0.013,0.863,-0.658,-0.139,-0.34,0.188,0.891,-0.124,0.028,0.007,-0.008,-0.136,-0.107,0.742,-0.532,-0.105,0.386,-0.043,-0.018,0.614,-0.116,0.23,0.339,0.322,0.133,0.174,0.771,0.727,-0.317,-0.525,-0.505,0.696,0.555,-0.452,0.579,0.809,0.214,-0.091,0.024,0.808,0.257,0.35,0.569,0.26,-0.352,-0.26,0.361,0.59,-0.013,0.704,-0.791,-0.239,-0.172,-0.311,0.343,-0.616,0.026,-0.077,0.652,0.36,0.308,-0.65,-0.278,-0.615,-0.476,-0.494,0.825,-0.798,-0.28,-0.111,-0.502,0.323,0.315,0.019,0.298,0.373,-0.546,0.727,-0.361,-0.524
ANIP,0.562,0.07,-0.378,0.592,-0.151,0.795,-0.393,0.063,0.553,-0.529,0.0,0.612,0.454,0.536,0.003,-0.649,0.486,-0.508,-0.461,-0.253,0.555,0.807,0.445,0.32,0.385,0.397,0.729,0.877,-0.517,-0.002,-0.301,-0.13,-0.336,0.688,0.75,0.079,-0.41,0.793,-0.323,0.501,0.25,0.187,-0.629,0.666,0.16,0.573,-0.084,0.725,-0.467,0.586,0.594,0.794,0.609,0.856,0.269,-0.351,-0.457,-0.474,0.738,0.476,0.356,0.614,0.914,-0.174,0.004,0.302,-0.07,-0.693,-0.472,0.25,0.039,0.827,-0.485,0.573,0.835,-0.1,0.304,0.375,0.401,0.819,0.578,0.657,-0.633,0.695,0.208,0.505,0.595,-0.46,0.538,0.705,-0.332,0.789,0.03,0.672,0.315,0.457,0.84,0.38,0.417,0.56,0.745,0.718,0.364,-0.671,-0.534,-0.56,-0.407,0.257,0.842,-0.093,0.803,0.291,0.556,-0.287,-0.601,0.676,-0.176,0.52,0.532,0.713,0.238,-0.351,0.794,0.758,0.02,0.333,-0.48,-0.262,0.386,0.626,0.143,0.782,0.754,-0.08,0.731,0.516,0.368,0.675,-0.221,-0.512,-0.115,0.259,0.134,0.396,0.614,0.242,-0.512,-0.063,0.691,0.46,0.705,-0.164,-0.013,0.476,0.17,-0.26,0.165,0.694,0.605,-0.473,0.453,0.404,-0.254,0.533,0.799,0.286,0.441,0.175,0.488,0.028,0.628,0.072,0.612,0.773,-0.231,0.587,0.355,0.662,-0.325,0.308,0.462,0.76,0.474,0.876,0.171,-0.116,-0.416,0.732,0.664,0.262,0.399,0.435,0.496,0.254,0.462,0.274,0.649,-0.776,0.813,0.562
AOSL,0.722,0.271,-0.161,0.519,-0.244,0.811,-0.059,0.354,0.664,-0.316,0.612,0.0,0.689,0.225,0.227,-0.727,0.743,-0.444,-0.709,-0.495,0.447,0.834,0.68,0.546,0.432,0.486,0.577,0.687,-0.357,-0.092,0.334,-0.129,-0.484,0.52,0.82,-0.132,-0.024,0.766,-0.336,0.135,0.721,0.018,-0.432,0.621,0.051,0.801,0.226,0.726,-0.307,0.658,0.897,0.761,0.82,0.723,0.47,-0.043,-0.351,-0.248,0.76,0.634,0.086,0.786,0.515,-0.203,0.325,0.517,-0.144,-0.365,-0.508,0.23,0.444,0.806,-0.434,0.438,0.719,-0.381,0.046,0.348,0.352,0.738,0.732,0.579,-0.142,0.717,0.376,0.571,0.869,-0.179,0.624,0.85,-0.202,0.805,0.451,0.746,0.674,0.541,0.67,0.387,0.552,0.516,0.795,0.55,0.326,-0.639,-0.538,-0.774,-0.123,0.461,0.769,0.059,0.782,0.808,0.626,-0.069,-0.339,0.606,-0.339,0.656,0.398,0.833,0.626,-0.32,0.751,0.721,0.055,0.326,-0.357,-0.371,0.561,0.728,0.247,0.762,0.502,0.028,0.664,0.821,0.271,0.585,-0.23,-0.438,0.114,-0.127,0.375,0.664,0.421,0.663,-0.404,0.303,0.719,0.587,0.896,-0.175,-0.091,0.73,0.351,-0.044,0.12,0.741,0.76,-0.473,0.314,0.559,0.243,0.47,0.828,0.504,0.478,0.289,0.432,-0.013,0.585,0.175,0.595,0.719,-0.626,0.802,0.786,0.665,-0.361,0.506,0.564,0.68,0.777,0.764,-0.09,-0.286,-0.251,0.452,0.802,0.067,0.433,0.407,0.367,0.29,0.357,0.292,0.622,-0.413,0.829,0.623
APDN,0.7,0.495,-0.509,0.747,-0.549,0.76,-0.272,-0.161,0.314,-0.543,0.454,0.689,0.0,0.089,0.501,-0.672,0.682,-0.496,-0.802,-0.418,0.735,0.454,0.913,0.022,0.594,0.786,0.359,0.653,-0.146,0.365,0.379,-0.251,-0.83,0.665,0.695,-0.002,-0.212,0.641,-0.723,-0.354,0.281,-0.372,-0.459,0.508,-0.524,0.689,0.236,0.675,-0.688,0.791,0.867,0.633,0.428,0.775,-0.015,-0.114,-0.407,-0.348,0.838,0.657,0.3,0.901,0.378,-0.498,0.181,0.06,-0.673,-0.22,-0.866,0.511,-0.088,0.789,-0.66,0.411,0.533,-0.695,-0.443,-0.319,-0.047,0.751,0.244,0.616,-0.07,0.419,0.311,0.823,0.685,-0.424,0.869,0.791,-0.63,0.748,0.425,0.588,0.533,0.337,0.708,0.314,0.687,0.52,0.797,0.367,0.689,-0.552,-0.875,-0.879,-0.455,0.616,0.777,-0.183,0.636,0.733,0.378,-0.339,-0.123,0.734,-0.777,0.502,0.47,0.832,0.768,-0.612,0.813,0.551,0.099,0.359,-0.669,-0.508,0.613,0.561,0.544,0.513,0.304,-0.289,0.558,0.743,0.078,0.29,-0.311,-0.731,0.447,-0.531,0.477,0.365,0.064,0.394,-0.66,0.047,0.776,0.86,0.855,-0.251,-0.496,0.874,0.096,-0.249,-0.408,0.636,0.587,-0.579,-0.054,0.128,0.096,0.072,0.485,0.162,0.153,0.022,0.344,-0.377,0.803,0.443,0.557,0.723,-0.76,0.847,0.698,0.593,-0.466,0.112,0.171,0.494,0.687,0.749,0.356,-0.038,-0.49,0.645,0.777,-0.401,0.422,0.19,0.242,0.514,0.066,0.316,0.726,-0.572,0.691,0.665
APLT,0.49,0.064,-0.039,0.213,0.296,0.261,-0.039,0.284,0.479,-0.002,0.536,0.225,0.089,0.0,-0.523,-0.262,0.4,-0.042,-0.31,-0.04,0.07,0.427,0.044,0.417,-0.1,0.006,0.444,0.449,-0.37,-0.011,-0.272,0.439,-0.158,0.303,0.339,0.142,-0.218,0.432,0.19,0.45,0.176,0.511,-0.068,0.507,0.188,-0.085,0.18,0.55,-0.168,-0.029,0.146,0.314,0.43,0.385,0.424,-0.008,-0.261,-0.037,0.23,0.374,-0.116,0.249,0.576,0.11,0.264,0.369,-0.007,-0.511,-0.004,0.221,-0.07,0.435,0.025,0.1,0.476,0.11,0.167,0.379,0.508,0.335,0.405,0.372,-0.126,0.573,0.207,0.208,0.283,0.12,-0.04,0.349,-0.065,0.214,-0.368,0.386,0.255,0.23,0.455,0.368,0.119,0.487,0.295,0.546,-0.048,-0.077,-0.219,-0.189,0.014,-0.244,0.366,-0.017,0.463,0.154,-0.11,0.16,-0.321,0.067,0.099,0.483,0.297,0.264,0.095,0.058,0.357,0.433,-0.429,0.426,0.004,-0.36,0.075,0.39,-0.106,0.542,0.39,0.15,0.245,0.279,0.256,0.531,-0.62,-0.057,-0.134,0.144,0.252,0.44,0.691,-0.004,-0.043,0.256,0.493,0.067,0.281,0.366,0.375,0.082,0.472,0.154,0.269,0.445,0.429,0.0,0.448,0.465,-0.036,0.409,0.461,0.16,0.581,0.477,0.395,0.367,0.098,-0.152,0.25,0.492,0.22,0.138,0.312,0.383,0.013,0.193,0.448,0.262,0.138,0.367,-0.117,-0.364,0.039,0.418,0.303,-0.03,0.086,0.365,0.5,0.334,0.543,0.32,0.17,-0.328,0.421,0.068
APVO,0.277,0.214,-0.606,0.305,-0.899,0.398,-0.51,-0.558,-0.42,-0.619,0.003,0.227,0.501,-0.523,0.0,-0.184,-0.063,-0.552,-0.246,0.012,0.592,0.041,0.596,-0.517,0.821,0.677,-0.194,0.064,-0.083,0.237,0.254,-0.789,-0.384,0.101,0.178,-0.41,-0.237,0.139,-0.792,-0.487,-0.239,-0.902,-0.572,-0.272,-0.55,0.623,-0.31,-0.112,-0.526,0.708,0.354,0.332,-0.239,0.319,-0.526,-0.387,-0.383,-0.631,0.439,-0.066,0.621,0.416,-0.078,-0.568,-0.442,-0.524,-0.509,0.282,-0.667,0.045,-0.122,0.2,-0.736,0.531,0.023,-0.557,-0.418,-0.515,-0.677,0.373,-0.264,0.016,-0.243,-0.26,-0.323,0.358,0.066,-0.661,0.716,0.143,-0.536,0.395,0.347,-0.132,-0.074,-0.193,0.268,-0.343,0.342,-0.223,0.292,-0.344,0.591,-0.557,-0.352,-0.49,-0.565,0.69,0.259,-0.247,0.009,0.204,0.283,-0.702,0.264,0.558,-0.656,-0.286,-0.083,0.357,0.228,-0.781,0.378,-0.107,0.46,-0.172,-0.74,0.225,0.132,-0.191,0.238,-0.18,-0.155,-0.684,0.297,0.157,-0.385,-0.324,0.118,-0.594,0.319,-0.483,-0.164,-0.391,-0.47,0.003,-0.664,-0.526,0.15,0.574,0.388,-0.734,-0.716,0.559,-0.665,-0.661,-0.422,-0.077,-0.132,-0.719,-0.542,-0.483,-0.23,-0.508,-0.06,0.178,-0.559,-0.676,-0.266,-0.801,0.663,0.511,0.123,0.085,-0.562,0.609,0.066,-0.066,-0.549,-0.377,-0.524,0.187,0.342,0.261,0.511,0.638,-0.708,0.324,0.195,-0.111,0.282,-0.382,-0.418,-0.046,-0.687,-0.365,0.49,-0.346,0.085,0.287
ARGX,-0.579,-0.215,0.233,-0.621,0.294,-0.765,0.168,-0.174,-0.521,0.381,-0.649,-0.727,-0.672,-0.262,-0.184,0.0,-0.697,0.407,0.818,0.589,-0.645,-0.643,-0.674,-0.244,-0.463,-0.594,-0.613,-0.741,0.531,0.099,-0.082,0.088,0.648,-0.668,-0.759,0.037,0.28,-0.853,0.438,-0.169,-0.488,0.031,0.496,-0.621,0.018,-0.622,-0.186,-0.746,0.597,-0.67,-0.775,-0.7,-0.654,-0.764,-0.296,0.059,0.526,0.33,-0.775,-0.616,-0.202,-0.777,-0.643,0.308,-0.252,-0.309,0.352,0.54,0.629,-0.418,-0.182,-0.825,0.455,-0.294,-0.691,0.413,0.059,-0.099,-0.248,-0.714,-0.529,-0.732,0.21,-0.61,-0.273,-0.686,-0.696,0.271,-0.674,-0.757,0.388,-0.755,-0.276,-0.604,-0.374,-0.364,-0.783,-0.386,-0.677,-0.511,-0.79,-0.61,-0.49,0.63,0.61,0.812,0.378,-0.411,-0.824,0.26,-0.777,-0.59,-0.451,0.18,0.386,-0.668,0.476,-0.61,-0.573,-0.778,-0.574,0.399,-0.759,-0.74,-0.003,-0.494,0.502,0.396,-0.538,-0.677,-0.38,-0.712,-0.557,0.07,-0.446,-0.729,-0.225,-0.548,0.231,0.631,-0.093,0.065,-0.453,-0.499,-0.389,-0.327,0.441,-0.155,-0.752,-0.669,-0.799,0.191,0.299,-0.715,-0.272,0.169,0.184,-0.682,-0.717,0.594,-0.213,-0.321,-0.083,-0.291,-0.648,-0.196,-0.456,-0.208,-0.391,0.167,-0.634,-0.306,-0.67,-0.735,0.435,-0.698,-0.623,-0.662,0.437,-0.293,-0.451,-0.628,-0.761,-0.786,-0.196,0.125,0.369,-0.52,-0.79,0.006,-0.397,-0.429,-0.436,-0.383,-0.238,-0.33,-0.723,0.643,-0.819,-0.621
ARLP,0.581,0.546,-0.058,0.686,0.057,0.643,0.304,0.445,0.83,0.014,0.486,0.743,0.682,0.4,-0.063,-0.697,0.0,-0.01,-0.792,-0.514,0.47,0.495,0.601,0.559,0.062,0.479,0.575,0.707,-0.05,0.236,0.482,0.344,-0.679,0.728,0.801,0.39,0.092,0.713,-0.13,-0.001,0.748,0.208,-0.014,0.867,0.012,0.454,0.696,0.856,-0.34,0.397,0.792,0.509,0.823,0.63,0.509,0.406,-0.041,0.171,0.703,0.922,-0.051,0.784,0.407,-0.022,0.654,0.685,-0.205,-0.449,-0.461,0.65,0.168,0.799,-0.098,0.115,0.587,-0.385,-0.123,0.066,0.592,0.645,0.689,0.8,0.154,0.775,0.672,0.726,0.9,0.138,0.476,0.849,-0.325,0.668,0.423,0.766,0.782,0.654,0.603,0.768,0.658,0.841,0.794,0.719,0.418,-0.269,-0.666,-0.691,0.08,0.129,0.729,0.239,0.846,0.859,0.414,0.278,-0.367,0.457,-0.347,0.89,0.698,0.784,0.858,-0.028,0.649,0.837,-0.154,0.711,-0.119,-0.776,0.77,0.892,0.564,0.805,0.617,0.298,0.452,0.917,0.586,0.598,-0.472,-0.461,0.312,-0.177,0.818,0.856,0.526,0.682,-0.252,0.632,0.856,0.619,0.777,0.277,0.003,0.706,0.704,0.289,-0.084,0.91,0.92,-0.121,0.399,0.664,0.428,0.521,0.614,0.12,0.716,0.64,0.541,0.293,0.417,0.273,0.718,0.858,-0.544,0.586,0.883,0.851,-0.084,0.593,0.714,0.345,0.701,0.638,-0.004,-0.537,0.016,0.337,0.877,-0.299,0.165,0.697,0.737,0.675,0.576,0.761,0.551,-0.344,0.785,0.498
ATEX,-0.51,0.163,0.511,-0.201,0.643,-0.616,0.799,0.421,0.154,0.883,-0.508,-0.444,-0.496,-0.042,-0.552,0.407,-0.01,0.0,0.343,0.149,-0.456,-0.605,-0.599,0.23,-0.777,-0.436,-0.146,-0.366,0.522,0.17,0.31,0.717,0.216,-0.179,-0.281,0.575,0.366,-0.417,0.705,0.025,0.13,0.468,0.896,0.069,0.324,-0.712,0.563,-0.2,0.508,-0.718,-0.469,-0.746,-0.039,-0.596,0.227,0.792,0.788,0.826,-0.506,0.125,-0.394,-0.43,-0.474,0.645,0.452,0.359,0.398,0.117,0.589,0.166,0.002,-0.438,0.873,-0.591,-0.372,0.306,0.125,-0.021,0.421,-0.536,-0.013,-0.04,0.573,-0.047,0.26,-0.374,-0.195,0.748,-0.666,-0.36,0.256,-0.496,-0.021,-0.291,-0.056,0.094,-0.583,0.347,-0.173,0.097,-0.357,0.033,-0.277,0.722,0.396,0.542,0.671,-0.796,-0.494,0.506,-0.234,-0.104,-0.237,0.738,-0.029,-0.513,0.477,0.095,0.142,-0.44,0.018,0.791,-0.602,-0.095,-0.233,0.329,0.814,-0.159,0.062,-0.016,0.128,-0.137,-0.052,0.657,-0.539,-0.131,0.465,-0.087,-0.029,0.437,-0.05,0.255,0.397,0.227,0.096,0.041,0.637,0.579,-0.262,-0.423,-0.534,0.652,0.506,-0.399,0.477,0.681,0.067,-0.07,0.018,0.78,0.222,0.179,0.341,0.189,-0.379,-0.526,0.329,0.563,-0.06,0.635,-0.698,-0.045,-0.085,-0.26,0.33,-0.628,-0.059,-0.005,0.635,0.244,0.166,-0.769,-0.339,-0.599,-0.26,-0.381,0.695,-0.698,-0.281,-0.26,-0.598,0.412,0.378,0.134,0.244,0.45,-0.435,0.633,-0.348,-0.553
ATRA,-0.695,-0.435,0.258,-0.652,0.349,-0.688,0.1,-0.134,-0.494,0.306,-0.461,-0.709,-0.802,-0.31,-0.246,0.818,-0.792,0.343,0.0,0.572,-0.633,-0.485,-0.802,-0.212,-0.449,-0.679,-0.437,-0.624,0.313,-0.113,-0.327,0.002,0.826,-0.591,-0.695,0.026,0.153,-0.782,0.49,0.129,-0.476,0.143,0.34,-0.59,0.278,-0.572,-0.358,-0.715,0.642,-0.627,-0.805,-0.598,-0.611,-0.715,-0.213,-0.048,0.496,0.198,-0.769,-0.716,-0.15,-0.835,-0.406,0.36,-0.348,-0.263,0.53,0.371,0.704,-0.564,-0.103,-0.795,0.456,-0.269,-0.557,0.539,0.391,0.109,-0.157,-0.702,-0.414,-0.7,-0.053,-0.553,-0.303,-0.773,-0.747,0.172,-0.689,-0.775,0.461,-0.667,-0.3,-0.596,-0.505,-0.283,-0.71,-0.414,-0.698,-0.574,-0.751,-0.473,-0.537,0.495,0.738,0.894,0.279,-0.401,-0.729,0.193,-0.696,-0.756,-0.253,0.126,0.14,-0.549,0.657,-0.628,-0.528,-0.778,-0.758,0.436,-0.737,-0.624,0.049,-0.579,0.492,0.599,-0.562,-0.643,-0.445,-0.618,-0.341,0.119,-0.377,-0.79,-0.137,-0.402,0.45,0.643,-0.302,0.423,-0.605,-0.526,-0.3,-0.349,0.495,-0.272,-0.803,-0.772,-0.817,0.048,0.349,-0.794,-0.344,0.096,0.25,-0.682,-0.703,0.522,-0.056,-0.334,-0.236,-0.127,-0.531,-0.197,-0.442,-0.225,-0.324,0.184,-0.635,-0.395,-0.589,-0.754,0.598,-0.732,-0.743,-0.638,0.442,-0.19,-0.356,-0.44,-0.731,-0.683,-0.206,0.188,0.324,-0.518,-0.831,0.336,-0.304,-0.37,-0.396,-0.564,-0.184,-0.39,-0.683,0.493,-0.734,-0.528
AUTL,-0.227,-0.073,-0.162,-0.217,0.047,-0.321,-0.127,-0.313,-0.443,0.088,-0.253,-0.495,-0.418,-0.04,0.012,0.589,-0.514,0.149,0.572,0.0,-0.189,-0.338,-0.358,-0.297,-0.086,-0.187,-0.342,-0.306,0.283,0.199,-0.204,-0.087,0.374,-0.308,-0.379,0.004,-0.104,-0.512,0.165,-0.014,-0.474,-0.095,0.117,-0.364,-0.006,-0.294,-0.278,-0.385,0.203,-0.238,-0.505,-0.312,-0.507,-0.329,-0.302,-0.072,0.214,-0.085,-0.348,-0.401,0.21,-0.378,-0.182,0.116,-0.326,-0.307,0.12,0.35,0.238,-0.16,-0.326,-0.444,0.102,0.023,-0.329,0.148,0.144,-0.128,-0.219,-0.312,-0.361,-0.371,-0.142,-0.315,-0.281,-0.35,-0.526,-0.06,-0.247,-0.466,0.037,-0.329,-0.332,-0.422,-0.29,-0.306,-0.3,-0.257,-0.252,-0.336,-0.354,-0.351,-0.108,0.272,0.339,0.472,0.012,-0.188,-0.342,0.131,-0.417,-0.455,-0.12,-0.14,0.155,-0.209,0.237,-0.468,-0.261,-0.376,-0.419,0.051,-0.301,-0.428,0.007,-0.338,0.093,0.469,-0.376,-0.45,-0.263,-0.431,-0.243,-0.205,-0.117,-0.456,-0.133,-0.35,0.017,0.221,-0.064,0.127,-0.337,-0.437,-0.137,-0.23,0.01,-0.302,-0.383,-0.306,-0.425,-0.062,0.101,-0.322,-0.366,-0.113,0.13,-0.423,-0.448,0.186,-0.156,-0.284,-0.333,-0.173,-0.387,-0.107,-0.345,-0.278,-0.31,-0.053,-0.18,-0.023,-0.327,-0.398,0.401,-0.285,-0.406,-0.416,0.142,-0.312,-0.384,-0.331,-0.328,-0.36,0.123,0.32,-0.061,-0.136,-0.482,0.052,-0.163,-0.311,-0.284,-0.273,-0.267,-0.244,-0.243,0.145,-0.481,-0.393
AVDL,0.573,0.536,-0.752,0.835,-0.678,0.798,-0.453,-0.375,0.112,-0.615,0.555,0.447,0.735,0.07,0.592,-0.645,0.47,-0.456,-0.633,-0.189,0.0,0.35,0.74,-0.225,0.696,0.903,0.338,0.664,-0.248,0.415,0.099,-0.377,-0.794,0.725,0.708,0.043,-0.529,0.638,-0.764,-0.161,0.008,-0.498,-0.601,0.435,-0.395,0.648,0.059,0.523,-0.844,0.853,0.642,0.644,0.241,0.826,-0.254,-0.178,-0.451,-0.585,0.879,0.529,0.748,0.823,0.508,-0.55,-0.145,-0.107,-0.638,-0.216,-0.909,0.575,-0.315,0.761,-0.725,0.585,0.539,-0.559,-0.289,-0.382,-0.133,0.805,0.164,0.708,-0.373,0.337,-0.002,0.809,0.506,-0.613,0.875,0.652,-0.865,0.808,0.19,0.296,0.226,0.145,0.799,0.24,0.793,0.419,0.793,0.364,0.913,-0.629,-0.74,-0.791,-0.672,0.466,0.798,-0.22,0.619,0.44,0.426,-0.588,-0.186,0.862,-0.758,0.305,0.566,0.808,0.554,-0.728,0.84,0.534,0.251,0.439,-0.791,-0.308,0.507,0.386,0.534,0.428,0.505,-0.503,0.584,0.631,0.13,0.197,-0.258,-0.952,0.381,-0.251,0.341,0.1,0.151,0.137,-0.845,-0.23,0.743,0.878,0.744,-0.39,-0.57,0.851,-0.179,-0.558,-0.43,0.549,0.476,-0.722,-0.1,-0.068,-0.333,-0.04,0.393,-0.014,0.027,-0.179,0.098,-0.475,0.917,0.695,0.666,0.717,-0.508,0.797,0.446,0.553,-0.62,-0.076,-0.037,0.381,0.622,0.733,0.657,0.295,-0.766,0.706,0.696,-0.234,0.251,0.2,0.262,0.495,-0.15,0.215,0.895,-0.784,0.621,0.472
BCRX,0.673,-0.061,-0.211,0.35,-0.137,0.786,-0.319,0.257,0.573,-0.474,0.807,0.834,0.454,0.427,0.041,-0.643,0.495,-0.605,-0.485,-0.338,0.35,0.0,0.463,0.518,0.404,0.274,0.683,0.733,-0.561,-0.271,-0.127,-0.197,-0.192,0.434,0.708,-0.228,-0.233,0.729,-0.246,0.455,0.503,0.185,-0.621,0.528,0.223,0.704,-0.105,0.676,-0.244,0.577,0.708,0.838,0.708,0.735,0.483,-0.352,-0.519,-0.457,0.645,0.379,0.137,0.586,0.75,-0.153,0.089,0.416,-0.0,-0.48,-0.355,0.015,0.37,0.746,-0.472,0.519,0.806,-0.119,0.321,0.602,0.354,0.705,0.704,0.441,-0.424,0.705,0.227,0.374,0.661,-0.303,0.476,0.708,-0.061,0.734,0.14,0.706,0.454,0.482,0.72,0.225,0.337,0.367,0.675,0.595,0.137,-0.683,-0.372,-0.589,-0.263,0.407,0.743,-0.114,0.723,0.439,0.539,-0.214,-0.486,0.581,-0.127,0.5,0.235,0.693,0.219,-0.32,0.717,0.638,0.031,0.113,-0.39,-0.123,0.297,0.59,-0.077,0.753,0.558,-0.025,0.763,0.551,0.167,0.695,-0.175,-0.3,-0.176,0.19,0.026,0.492,0.555,0.431,-0.367,0.045,0.598,0.34,0.759,-0.257,0.019,0.461,0.211,-0.174,0.318,0.606,0.604,-0.482,0.439,0.485,-0.057,0.56,0.902,0.613,0.411,0.171,0.487,0.018,0.537,-0.073,0.446,0.618,-0.309,0.646,0.479,0.543,-0.356,0.44,0.539,0.868,0.598,0.807,-0.111,-0.175,-0.317,0.585,0.617,0.374,0.536,0.272,0.274,0.039,0.427,0.078,0.514,-0.574,0.788,0.596
BHAT,0.691,0.5,-0.516,0.723,-0.647,0.766,-0.344,-0.197,0.23,-0.618,0.445,0.68,0.913,0.044,0.596,-0.674,0.601,-0.599,-0.802,-0.358,0.74,0.463,0.0,-0.068,0.697,0.798,0.282,0.606,-0.196,0.285,0.29,-0.39,-0.803,0.599,0.644,-0.166,-0.206,0.644,-0.797,-0.331,0.227,-0.486,-0.564,0.408,-0.505,0.765,0.125,0.599,-0.731,0.831,0.81,0.662,0.367,0.767,-0.101,-0.186,-0.496,-0.45,0.828,0.544,0.329,0.878,0.383,-0.597,0.077,-0.034,-0.655,-0.209,-0.9,0.426,-0.071,0.739,-0.737,0.501,0.471,-0.717,-0.468,-0.329,-0.16,0.761,0.188,0.552,-0.165,0.369,0.215,0.811,0.606,-0.522,0.904,0.751,-0.577,0.751,0.36,0.524,0.505,0.192,0.718,0.189,0.687,0.427,0.767,0.245,0.679,-0.645,-0.865,-0.882,-0.524,0.731,0.754,-0.189,0.59,0.698,0.387,-0.441,-0.1,0.69,-0.772,0.391,0.388,0.811,0.714,-0.697,0.809,0.49,0.151,0.294,-0.76,-0.424,0.484,0.493,0.492,0.433,0.216,-0.422,0.489,0.675,0.006,0.177,-0.306,-0.753,0.425,-0.56,0.384,0.259,0.039,0.344,-0.737,-0.061,0.71,0.897,0.843,-0.372,-0.587,0.877,-0.036,-0.382,-0.341,0.547,0.502,-0.687,-0.161,0.071,0.053,-0.046,0.45,0.221,0.089,-0.126,0.198,-0.515,0.836,0.473,0.524,0.664,-0.733,0.86,0.618,0.471,-0.534,-0.008,0.09,0.528,0.718,0.737,0.38,0.086,-0.575,0.643,0.749,-0.307,0.383,0.125,0.138,0.45,-0.044,0.209,0.755,-0.585,0.63,0.63
BLBD,0.278,0.02,0.423,0.077,0.566,0.239,0.515,0.792,0.84,0.415,0.32,0.546,0.022,0.417,-0.517,-0.244,0.559,0.23,-0.212,-0.297,-0.225,0.518,-0.068,0.0,-0.374,-0.203,0.583,0.401,-0.046,-0.193,0.249,0.569,0.092,0.199,0.434,0.299,0.377,0.321,0.539,0.466,0.822,0.724,0.27,0.619,0.541,0.098,0.444,0.523,0.374,-0.152,0.354,0.194,0.811,0.146,0.913,0.397,0.229,0.422,0.133,0.512,-0.447,0.173,0.233,0.537,0.702,0.905,0.486,-0.345,0.297,0.037,0.59,0.332,0.393,-0.108,0.455,0.112,0.462,0.706,0.863,0.185,0.764,0.266,0.209,0.698,0.61,0.028,0.588,0.492,-0.166,0.382,0.369,0.234,0.24,0.622,0.556,0.702,0.156,0.643,0.009,0.483,0.309,0.633,-0.334,0.02,0.044,-0.087,0.572,-0.245,0.268,0.479,0.489,0.469,0.343,0.638,-0.528,0.008,0.43,0.653,0.303,0.277,0.295,0.502,0.108,0.524,-0.299,0.309,0.459,-0.302,0.447,0.654,0.036,0.659,0.502,0.728,0.305,0.492,0.583,0.684,-0.244,0.281,-0.269,0.323,0.395,0.842,0.698,0.673,0.363,0.756,0.36,-0.114,0.327,0.428,0.613,0.046,0.793,0.678,0.487,0.595,0.647,0.326,0.758,0.884,0.544,0.841,0.568,0.409,0.755,0.77,0.602,0.713,-0.199,-0.36,0.236,0.395,-0.107,0.08,0.528,0.531,0.349,0.877,0.857,0.3,0.317,0.286,-0.52,-0.666,0.502,-0.099,0.392,0.176,0.144,0.604,0.614,0.102,0.797,0.513,-0.028,0.086,0.475,0.22
BMRN,0.612,0.112,-0.702,0.406,-0.922,0.629,-0.739,-0.521,-0.254,-0.792,0.385,0.432,0.594,-0.1,0.821,-0.463,0.062,-0.777,-0.449,-0.086,0.696,0.404,0.697,-0.374,0.0,0.75,0.053,0.33,-0.455,0.088,0.018,-0.777,-0.469,0.228,0.39,-0.57,-0.488,0.455,-0.858,-0.19,-0.19,-0.74,-0.833,-0.081,-0.481,0.707,-0.416,0.164,-0.727,0.861,0.492,0.622,-0.01,0.611,-0.349,-0.609,-0.74,-0.865,0.631,0.04,0.673,0.596,0.328,-0.659,-0.445,-0.452,-0.573,-0.015,-0.767,0.028,-0.09,0.477,-0.912,0.74,0.33,-0.573,-0.288,-0.25,-0.539,0.628,-0.077,0.188,-0.458,0.009,-0.38,0.453,0.193,-0.785,0.816,0.346,-0.58,0.585,0.162,0.082,-0.054,-0.186,0.6,-0.304,0.437,-0.115,0.473,-0.12,0.597,-0.792,-0.472,-0.697,-0.735,0.723,0.514,-0.447,0.247,0.254,0.313,-0.828,0.089,0.702,-0.69,-0.137,0.024,0.545,0.206,-0.939,0.65,0.104,0.318,-0.064,-0.912,0.175,0.081,-0.043,0.103,0.083,0.007,-0.766,0.47,0.281,-0.413,-0.081,-0.068,-0.69,0.168,-0.407,-0.178,-0.263,-0.147,-0.075,-0.8,-0.559,0.364,0.653,0.598,-0.757,-0.642,0.653,-0.582,-0.768,-0.299,0.086,0.055,-0.954,-0.404,-0.339,-0.348,-0.34,0.273,0.37,-0.356,-0.597,-0.154,-0.821,0.835,0.458,0.261,0.318,-0.482,0.801,0.195,0.056,-0.761,-0.382,-0.381,0.491,0.454,0.563,0.496,0.581,-0.855,0.638,0.36,-0.038,0.419,-0.303,-0.29,-0.02,-0.53,-0.391,0.685,-0.635,0.351,0.392
BNGO,0.652,0.585,-0.727,0.79,-0.76,0.743,-0.386,-0.362,0.067,-0.519,0.397,0.486,0.786,0.006,0.677,-0.594,0.479,-0.436,-0.679,-0.187,0.903,0.274,0.798,-0.203,0.75,0.0,0.165,0.55,-0.163,0.436,0.323,-0.393,-0.84,0.61,0.678,-0.072,-0.398,0.566,-0.763,-0.322,0.066,-0.606,-0.5,0.355,-0.513,0.649,0.124,0.475,-0.841,0.827,0.665,0.549,0.236,0.727,-0.226,-0.117,-0.437,-0.531,0.836,0.528,0.692,0.853,0.307,-0.544,-0.022,-0.13,-0.687,-0.141,-0.899,0.54,-0.218,0.693,-0.721,0.608,0.391,-0.736,-0.419,-0.468,-0.198,0.779,0.107,0.608,-0.23,0.281,-0.036,0.765,0.515,-0.575,0.884,0.6,-0.839,0.73,0.298,0.252,0.262,0.084,0.72,0.204,0.769,0.321,0.726,0.189,0.855,-0.609,-0.725,-0.841,-0.571,0.543,0.706,-0.145,0.525,0.585,0.392,-0.543,-0.076,0.803,-0.796,0.258,0.513,0.775,0.672,-0.763,0.769,0.416,0.208,0.386,-0.777,-0.309,0.505,0.313,0.539,0.314,0.323,-0.533,0.525,0.663,0.044,0.041,-0.324,-0.89,0.399,-0.466,0.384,0.12,0.063,0.208,-0.792,-0.134,0.688,0.892,0.745,-0.412,-0.619,0.909,-0.181,-0.492,-0.47,0.479,0.451,-0.735,-0.264,-0.053,-0.132,-0.139,0.297,0.076,-0.024,-0.216,0.006,-0.546,0.882,0.709,0.625,0.643,-0.633,0.851,0.561,0.454,-0.636,-0.135,-0.087,0.281,0.647,0.646,0.561,0.267,-0.714,0.621,0.666,-0.35,0.21,0.09,0.187,0.467,-0.263,0.176,0.863,-0.643,0.523,0.426
BUSE,0.383,0.083,0.01,0.432,0.185,0.579,0.03,0.432,0.697,-0.16,0.729,0.577,0.359,0.444,-0.194,-0.613,0.575,-0.146,-0.437,-0.342,0.338,0.683,0.282,0.583,0.053,0.165,0.0,0.824,-0.415,-0.088,-0.095,0.206,-0.212,0.578,0.634,0.329,-0.158,0.703,0.008,0.591,0.463,0.487,-0.258,0.716,0.397,0.338,0.16,0.73,-0.142,0.332,0.563,0.549,0.656,0.614,0.617,0.03,-0.194,-0.097,0.524,0.567,0.005,0.47,0.726,0.234,0.341,0.539,0.099,-0.582,-0.206,0.237,0.267,0.718,-0.073,0.174,0.911,0.042,0.382,0.512,0.606,0.542,0.648,0.588,-0.156,0.712,0.579,0.391,0.596,-0.019,0.267,0.583,-0.057,0.612,0.214,0.692,0.358,0.745,0.63,0.529,0.296,0.618,0.677,0.894,0.141,-0.406,-0.361,-0.384,-0.114,0.051,0.715,-0.003,0.763,0.327,0.449,0.131,-0.669,0.508,0.057,0.701,0.475,0.579,0.298,0.053,0.547,0.786,-0.109,0.497,-0.134,-0.187,0.602,0.753,0.217,0.895,0.733,0.382,0.521,0.542,0.496,0.932,-0.246,-0.259,-0.176,0.355,0.33,0.641,0.684,0.395,-0.143,0.267,0.675,0.278,0.591,0.055,0.138,0.331,0.476,0.176,0.253,0.735,0.704,-0.152,0.814,0.552,0.076,0.74,0.737,0.257,0.686,0.491,0.832,0.329,0.31,-0.144,0.449,0.677,-0.115,0.378,0.417,0.797,0.088,0.676,0.658,0.642,0.531,0.708,0.005,-0.196,-0.031,0.427,0.628,0.263,0.477,0.689,0.634,0.228,0.66,0.479,0.404,-0.51,0.857,0.611
CAKE,0.633,0.333,-0.38,0.786,-0.142,0.855,-0.2,0.125,0.663,-0.416,0.877,0.687,0.653,0.449,0.064,-0.741,0.707,-0.366,-0.624,-0.306,0.664,0.733,0.606,0.401,0.33,0.55,0.824,0.0,-0.341,0.2,-0.038,0.005,-0.548,0.849,0.866,0.281,-0.291,0.812,-0.34,0.331,0.402,0.166,-0.461,0.831,0.065,0.588,0.179,0.885,-0.509,0.627,0.761,0.731,0.699,0.885,0.369,-0.085,-0.315,-0.311,0.84,0.718,0.298,0.789,0.802,-0.089,0.277,0.431,-0.203,-0.643,-0.588,0.454,0.041,0.917,-0.418,0.476,0.875,-0.321,0.163,0.199,0.479,0.86,0.607,0.791,-0.377,0.798,0.478,0.698,0.749,-0.352,0.641,0.823,-0.427,0.859,0.211,0.773,0.508,0.648,0.884,0.609,0.589,0.728,0.903,0.836,0.497,-0.591,-0.702,-0.678,-0.337,0.312,0.944,0.03,0.907,0.536,0.59,-0.151,-0.676,0.768,-0.279,0.7,0.677,0.852,0.548,-0.297,0.834,0.856,0.005,0.516,-0.463,-0.421,0.689,0.813,0.42,0.885,0.799,0.05,0.752,0.733,0.52,0.734,-0.377,-0.6,0.017,0.102,0.433,0.603,0.649,0.473,-0.509,0.164,0.873,0.63,0.829,-0.094,-0.108,0.661,0.338,-0.077,0.036,0.864,0.802,-0.404,0.521,0.501,-0.027,0.599,0.787,0.222,0.551,0.309,0.66,0.057,0.67,0.176,0.694,0.894,-0.412,0.675,0.59,0.846,-0.204,0.479,0.575,0.697,0.693,0.932,0.247,-0.159,-0.341,0.686,0.837,0.063,0.426,0.588,0.653,0.446,0.537,0.545,0.736,-0.751,0.913,0.697
CASY,-0.363,0.275,0.17,-0.07,0.273,-0.393,0.505,-0.028,-0.056,0.512,-0.517,-0.357,-0.146,-0.37,-0.083,0.531,-0.05,0.522,0.313,0.283,-0.248,-0.561,-0.196,-0.046,-0.455,-0.163,-0.415,-0.341,0.0,0.561,0.462,0.318,0.071,-0.093,-0.267,0.453,0.523,-0.549,0.277,-0.511,0.009,-0.019,0.66,-0.082,-0.156,-0.321,0.458,-0.24,0.339,-0.416,-0.246,-0.53,-0.194,-0.468,-0.126,0.544,0.755,0.611,-0.315,0.059,-0.157,-0.251,-0.643,0.236,0.301,0.103,0.112,0.363,0.21,0.173,-0.213,-0.411,0.423,-0.369,-0.562,-0.116,-0.216,-0.387,0.042,-0.369,-0.227,-0.21,0.427,-0.22,0.319,-0.109,-0.158,0.361,-0.247,-0.236,0.126,-0.365,0.238,-0.122,0.154,0.068,-0.524,0.245,-0.137,0.014,-0.263,-0.264,-0.083,0.586,0.097,0.357,0.515,-0.206,-0.385,0.509,-0.32,0.028,-0.068,0.414,0.12,-0.324,0.109,-0.114,0.043,-0.293,0.181,0.431,-0.433,-0.264,-0.075,-0.097,0.436,-0.223,0.133,-0.083,0.245,-0.366,-0.245,0.31,-0.236,-0.126,0.254,-0.384,0.152,0.276,0.285,-0.172,0.244,0.012,-0.328,0.239,0.258,0.36,-0.279,-0.171,-0.336,0.387,0.092,-0.195,0.165,0.441,-0.225,-0.105,-0.13,0.634,-0.155,-0.038,0.356,-0.003,-0.487,-0.331,-0.142,0.147,-0.155,0.245,-0.366,0.083,-0.147,-0.245,-0.132,-0.371,-0.066,-0.159,0.454,0.082,-0.042,-0.571,-0.29,-0.443,-0.078,-0.268,0.442,-0.534,-0.191,-0.381,-0.443,0.005,0.055,0.102,0.046,0.327,-0.34,0.498,-0.461,-0.295
CCOI,0.221,0.597,-0.404,0.531,-0.187,0.132,0.056,-0.37,0.025,-0.028,-0.002,-0.092,0.365,-0.011,0.237,0.099,0.236,0.17,-0.113,0.199,0.415,-0.271,0.285,-0.193,0.088,0.436,-0.088,0.2,0.561,0.0,0.393,0.087,-0.468,0.44,0.216,0.466,0.065,-0.048,-0.252,-0.469,-0.184,-0.266,0.163,0.255,-0.473,-0.003,0.393,0.15,-0.334,0.133,0.136,-0.07,-0.048,0.182,-0.292,0.256,0.304,0.099,0.279,0.394,0.315,0.327,-0.143,-0.138,0.117,-0.052,-0.365,0.04,-0.399,0.451,-0.554,0.169,-0.118,0.156,-0.056,-0.418,-0.411,-0.564,-0.043,0.244,-0.183,0.249,0.071,0.058,0.266,0.427,0.11,-0.136,0.326,0.202,-0.527,0.165,0.177,0.086,0.217,0.165,0.15,0.403,0.271,0.376,0.287,0.065,0.479,0.105,-0.488,-0.16,-0.029,0.067,0.177,0.297,0.157,0.267,0.076,-0.055,-0.067,0.268,-0.344,0.127,0.355,0.258,0.475,-0.126,0.207,0.092,-0.001,0.297,-0.172,-0.403,0.412,0.14,0.536,0.003,0.085,-0.08,0.167,0.233,0.304,-0.155,-0.37,-0.37,0.466,-0.37,0.398,0.058,-0.056,0.139,-0.352,0.102,0.333,0.417,0.192,0.126,-0.172,0.333,0.034,0.016,-0.378,0.281,0.158,0.067,-0.11,-0.077,0.053,-0.013,-0.149,-0.229,-0.062,0.04,0.002,-0.064,0.3,0.381,0.234,0.341,-0.388,0.21,0.221,0.228,0.106,-0.067,-0.132,-0.264,0.042,0.136,0.39,-0.008,-0.09,0.141,0.253,-0.574,-0.16,0.146,0.294,0.456,0.024,0.439,0.254,-0.112,0.015,0.048
CEVA,0.225,0.469,0.086,0.228,-0.088,0.079,0.536,0.243,0.272,0.349,-0.301,0.334,0.379,-0.272,0.254,-0.082,0.482,0.31,-0.327,-0.204,0.099,-0.127,0.29,0.249,0.018,0.323,-0.095,-0.038,0.462,0.393,0.0,0.191,-0.378,0.097,0.273,0.188,0.427,0.038,-0.021,-0.524,0.511,-0.179,0.387,0.199,-0.232,0.168,0.677,0.168,-0.001,0.088,0.384,-0.083,0.289,-0.05,0.207,0.595,0.356,0.394,0.187,0.507,-0.078,0.359,-0.427,0.053,0.528,0.331,-0.152,0.25,-0.157,0.335,0.199,0.123,0.138,-0.081,-0.109,-0.478,-0.388,-0.271,0.114,0.081,0.191,0.173,0.607,0.134,0.396,0.253,0.417,0.347,0.201,0.244,-0.167,0.125,0.648,0.15,0.428,0.313,-0.091,0.383,0.334,0.245,0.238,-0.008,0.219,0.094,-0.197,-0.302,0.366,0.058,0.052,0.392,0.162,0.685,0.204,0.346,0.131,0.101,-0.275,0.3,0.242,0.269,0.684,0.084,0.048,0.149,0.032,0.306,0.151,-0.351,0.504,0.269,0.459,0.086,-0.052,0.248,0.03,0.519,0.233,-0.048,-0.154,-0.12,0.383,-0.434,0.603,0.424,-0.122,0.564,0.047,0.567,0.247,0.298,0.292,0.188,-0.03,0.438,0.348,0.358,-0.266,0.307,0.371,0.109,-0.075,0.21,0.617,0.079,-0.047,0.064,0.153,0.335,0.033,0.095,0.051,0.345,0.261,0.206,-0.578,0.304,0.612,0.26,0.082,0.317,0.163,-0.253,0.342,-0.03,-0.088,-0.277,0.21,-0.275,0.33,-0.492,-0.11,0.233,0.232,0.312,-0.003,0.381,0.116,0.267,0.101,0.047
