,AAPL,ACRS,ADP,AFYA,AGNC,AGYS,ALT,AMGN,AMPH,AMZN,ANIP,AOSL,APDN,APLT,APVO,ARGX,ARLP,ATEX,ATRA,AUTL,AVDL,BCRX,BHAT,BLBD,BMRN,BNGO,BUSE,CAKE,CASY,CCOI,CEVA,CHY,CLDX,CLMT,COHU,COLM,COST,CPRT,CSWC,CSX,DBX,DCOM,DKNG,DMLP,DOX,EA,EDIT,ENPH,ENSG,ERNA,ESGR,ETNB,EXTR,FANG,FARO,FATE,FGEN,FIVE,FIVN,FLGT,FOLD,FORM,FOXA,FRPT,FSLR,FTAI,GBDC,GDYN,GGAL,GNLN,GRFS,GT,HCAT,HCM,HFWA,HOLX,HQY,HUBG,IAC,ICLR,IDCC,IEP,IHRT,ILMN,ILPT,IMAB,IMOS,INMD,INTZ,JAZZ,JKHY,JRVR,KIDS,LBRDK,LGND,LMAT,LPLA,LULU,MASI,MAT,MATW,MBIN,MBIO,MCRB,MDB,MDLZ,MELI,MIRM,MLKN,MNMD,MNRO,MPWR,MRCY,MRSN,MTVA,NAAS,NDAQ,NDSN,NEGG,NOVT,NVDA,NWE,NWSA,NXST,OCX,ODFL,OMAB,OPCH,OPRA,ORGO,OTRK,OZK,PAGP,PCH,PEGA,PENG,PENN,PFBC,PGNY,PHAT,PHUN,PINC,PLUG,PLXS,PYPL,QLYS,QNCX,QQQX,QVCGA,RAPT,RBBN,RCKT,REPL,RMBS,ROAD,ROKU,ROP,RUSHA,SANM,SATS,SBCF,SBLK,SBUX,SCHL,SCSC,SDGR,SEIC,SFIX,SGRY,SKYW,SLP,SNES,STAA,STLD,STOK,SWKS,TER,TFIN,TIGO,TILE,TPIC,TTEC,TTEK,TTGT,UXIN,VERU,VLYPP,VNOM,VRNS,VRSN,WDAY,WERN,WINA,WKHS,WRLD,XP,XTKG,YY,ZION,ZM
AAPL,0.0,0.142,-0.318,0.475,-0.203,0.681,-0.141,0.177,0.457,-0.135,0.51,0.61,0.501,0.596,-0.058,-0.463,0.609,-0.324,-0.67,-0.381,0.306,0.637,0.449,0.485,0.282,0.408,0.48,0.628,-0.388,0.195,0.1,0.122,-0.611,0.405,0.619,-0.262,-0.062,0.584,-0.154,0.194,0.375,0.157,-0.227,0.487,-0.124,0.23,0.054,0.608,-0.425,0.306,0.592,0.431,0.582,0.647,0.461,-0.163,-0.532,-0.265,0.539,0.445,0.054,0.711,0.49,-0.121,0.29,0.351,-0.308,-0.378,-0.372,0.135,0.118,0.685,-0.341,0.515,0.621,-0.443,-0.01,0.309,0.287,0.611,0.514,0.457,-0.059,0.572,0.183,0.512,0.567,-0.128,0.309,0.63,-0.365,0.495,-0.185,0.409,0.333,0.417,0.741,0.272,0.565,0.401,0.534,0.435,0.092,-0.331,-0.536,-0.677,-0.08,0.209,0.173,-0.134,0.639,0.625,-0.021,-0.038,-0.363,0.349,-0.144,0.507,0.245,0.716,0.49,-0.246,0.618,0.403,0.04,0.297,-0.305,-0.274,0.373,0.461,0.028,0.588,0.345,-0.037,0.618,0.66,0.096,0.498,-0.641,-0.406,-0.17,-0.357,0.253,0.53,0.54,0.321,-0.11,0.27,0.767,0.416,0.755,-0.045,0.009,0.551,0.334,0.014,0.183,0.617,0.591,-0.309,0.307,0.483,0.149,0.3,0.608,0.44,0.397,0.181,0.53,0.072,0.416,-0.087,0.256,0.718,-0.515,0.618,0.661,0.459,-0.049,0.308,0.386,0.426,0.524,0.647,0.097,-0.208,-0.148,0.57,0.654,-0.164,0.417,0.115,0.363,0.36,0.313,0.016,0.524,-0.417,0.646,0.511
ACRS,0.142,0.0,-0.047,0.505,0.031,0.207,0.152,-0.013,0.253,-0.085,0.047,0.278,0.417,-0.087,0.168,-0.101,0.273,-0.0,-0.227,0.126,0.345,0.066,0.444,0.035,0.057,0.343,0.254,0.24,0.199,0.289,0.358,0.087,-0.402,0.402,0.323,0.384,0.126,0.114,-0.158,-0.259,0.16,-0.053,0.021,0.367,-0.132,0.206,0.51,0.351,-0.121,0.225,0.363,0.211,0.193,0.182,0.065,0.354,0.304,0.154,0.344,0.555,-0.122,0.393,0.001,-0.082,0.256,0.118,-0.269,0.085,-0.342,0.426,0.007,0.284,-0.017,-0.019,0.218,-0.278,-0.282,-0.208,0.068,0.198,-0.05,0.251,0.331,0.23,0.586,0.513,0.328,0.121,0.31,0.357,-0.267,0.294,0.402,0.395,0.585,0.234,0.168,0.446,-0.011,0.433,0.427,0.269,0.36,-0.102,-0.402,-0.223,-0.002,0.228,0.377,0.455,0.218,0.434,0.144,0.119,0.02,0.266,-0.294,0.383,0.403,0.315,0.562,-0.04,0.27,0.333,-0.19,0.409,-0.099,-0.459,0.475,0.406,0.478,0.243,0.125,0.114,-0.008,0.412,0.211,0.196,-0.084,-0.247,0.507,-0.209,0.508,0.239,-0.062,0.294,-0.28,0.182,0.407,0.512,0.329,0.23,-0.106,0.428,0.206,0.189,-0.222,0.339,0.297,-0.002,0.231,0.128,0.347,0.253,0.106,0.278,0.103,0.297,0.341,-0.053,0.28,0.246,0.314,0.261,-0.091,0.295,0.463,0.404,-0.077,0.242,0.169,0.156,0.282,0.254,-0.169,-0.023,0.023,0.084,0.314,-0.311,0.168,0.303,0.17,0.44,0.259,0.642,0.23,-0.071,0.235,0.301
ADP,-0.318,-0.047,0.0,-0.423,0.698,-0.511,0.785,0.719,0.341,0.762,-0.399,-0.153,-0.466,0.091,-0.56,0.153,0.182,0.694,0.074,-0.26,-0.675,-0.34,-0.472,0.4,-0.686,-0.639,-0.04,-0.311,0.215,-0.194,0.263,0.594,0.274,-0.297,-0.261,0.303,0.665,-0.135,0.702,0.251,0.438,0.554,0.712,0.088,0.568,-0.465,0.499,-0.166,0.702,-0.645,-0.293,-0.501,0.222,-0.549,0.416,0.675,0.496,0.778,-0.536,0.048,-0.727,-0.411,-0.297,0.551,0.48,0.49,0.548,-0.094,0.674,0.007,0.318,-0.332,0.79,-0.654,-0.276,0.467,0.222,0.286,0.464,-0.542,0.283,-0.027,0.529,0.082,0.283,-0.349,0.0,0.772,-0.643,-0.202,0.813,-0.48,-0.103,-0.114,0.044,0.168,-0.45,0.229,-0.049,0.166,-0.382,0.099,-0.644,0.528,0.417,0.431,0.761,-0.554,-0.451,0.353,-0.048,0.11,-0.224,0.777,0.005,-0.692,0.561,0.301,0.023,-0.355,0.065,0.776,-0.552,0.025,-0.132,0.36,0.781,-0.217,-0.002,0.144,-0.057,0.035,-0.056,0.712,-0.531,-0.021,0.382,0.082,-0.124,0.643,-0.125,0.194,0.378,0.38,0.215,0.148,0.645,0.642,-0.216,-0.468,-0.373,0.613,0.478,-0.44,0.57,0.696,0.401,0.039,0.14,0.645,0.284,0.403,0.565,0.19,-0.186,-0.341,0.493,0.554,0.067,0.61,-0.745,-0.485,-0.139,-0.159,0.2,-0.555,0.084,0.033,0.579,0.353,0.375,-0.523,-0.182,-0.512,-0.192,-0.523,0.8,-0.666,-0.09,0.023,-0.561,0.426,0.343,0.205,0.343,0.214,-0.592,0.721,-0.154,-0.428
AFYA,0.475,0.505,-0.423,0.0,-0.197,0.778,-0.175,-0.067,0.466,-0.421,0.692,0.583,0.735,0.15,0.2,-0.615,0.545,-0.377,-0.566,-0.131,0.725,0.549,0.693,0.171,0.335,0.659,0.663,0.845,-0.139,0.335,0.064,-0.071,-0.721,0.901,0.784,0.341,-0.15,0.622,-0.427,0.039,0.267,-0.027,-0.38,0.712,-0.156,0.51,0.237,0.78,-0.579,0.592,0.736,0.623,0.503,0.81,0.154,-0.045,-0.145,-0.234,0.849,0.739,0.229,0.831,0.56,-0.205,0.234,0.22,-0.358,-0.348,-0.694,0.563,-0.051,0.81,-0.424,0.432,0.692,-0.462,-0.056,-0.056,0.237,0.806,0.249,0.744,-0.239,0.604,0.577,0.809,0.661,-0.355,0.678,0.784,-0.602,0.803,0.304,0.752,0.597,0.517,0.75,0.599,0.418,0.687,0.878,0.617,0.648,-0.48,-0.827,-0.664,-0.335,0.41,0.682,0.146,0.69,0.555,0.493,-0.166,-0.441,0.708,-0.389,0.576,0.661,0.821,0.666,-0.327,0.781,0.729,-0.036,0.42,-0.48,-0.504,0.736,0.726,0.523,0.665,0.584,-0.036,0.562,0.697,0.389,0.554,-0.141,-0.724,0.253,-0.149,0.48,0.383,0.223,0.454,-0.493,0.067,0.789,0.788,0.779,-0.055,-0.171,0.753,0.179,-0.064,-0.12,0.706,0.631,-0.355,0.38,0.299,0.095,0.458,0.574,0.266,0.263,0.19,0.685,-0.114,0.678,0.292,0.689,0.747,-0.398,0.657,0.568,0.744,-0.198,0.38,0.39,0.666,0.646,0.859,0.165,-0.033,-0.303,0.62,0.753,-0.082,0.542,0.433,0.401,0.494,0.434,0.58,0.793,-0.681,0.741,0.837
AGNC,-0.203,0.031,0.698,-0.197,0.0,-0.402,0.772,0.688,0.553,0.786,-0.139,-0.251,-0.546,0.442,-0.87,0.25,0.299,0.817,0.181,-0.121,-0.627,-0.21,-0.626,0.589,-0.914,-0.738,0.204,-0.035,0.257,0.032,-0.015,0.823,0.285,0.0,-0.105,0.605,0.412,-0.128,0.885,0.452,0.39,0.862,0.756,0.42,0.631,-0.65,0.558,0.089,0.654,-0.76,-0.363,-0.494,0.334,-0.387,0.571,0.714,0.597,0.82,-0.464,0.226,-0.665,-0.4,-0.04,0.723,0.55,0.681,0.601,-0.332,0.745,0.236,0.083,-0.182,0.888,-0.544,-0.049,0.56,0.414,0.439,0.755,-0.418,0.443,0.216,0.373,0.356,0.422,-0.305,0.06,0.798,-0.75,-0.081,0.597,-0.398,-0.344,-0.001,0.128,0.378,-0.293,0.526,0.0,0.398,-0.265,0.444,-0.632,0.642,0.314,0.53,0.743,-0.8,-0.417,0.46,0.157,-0.031,-0.291,0.86,-0.362,-0.621,0.72,0.455,0.224,-0.282,-0.002,0.917,-0.465,0.182,-0.202,0.462,0.873,-0.39,0.067,0.308,-0.058,0.267,0.289,0.857,-0.274,0.024,0.69,0.328,-0.333,0.64,-0.302,0.453,0.423,0.548,0.505,0.161,0.692,0.71,0.003,-0.585,-0.357,0.809,0.734,-0.555,0.761,0.813,0.442,0.289,0.312,0.866,0.63,0.575,0.336,0.525,0.009,-0.409,0.651,0.786,0.347,0.867,-0.749,-0.589,-0.006,0.06,0.296,-0.668,0.054,0.252,0.706,0.559,0.615,-0.507,-0.308,-0.34,-0.186,-0.717,0.848,-0.5,-0.019,-0.048,-0.705,0.594,0.644,0.326,0.716,0.469,-0.549,0.515,-0.04,-0.457
AGYS,0.681,0.207,-0.511,0.778,-0.402,0.0,-0.375,0.001,0.432,-0.524,0.809,0.809,0.726,0.205,0.286,-0.748,0.546,-0.649,-0.648,-0.267,0.729,0.846,0.695,0.253,0.527,0.693,0.654,0.848,-0.407,0.022,-0.007,-0.244,-0.63,0.737,0.887,-0.103,-0.274,0.773,-0.49,0.16,0.395,-0.097,-0.61,0.573,-0.061,0.718,-0.037,0.745,-0.605,0.737,0.861,0.829,0.597,0.941,0.247,-0.318,-0.509,-0.519,0.925,0.557,0.416,0.895,0.704,-0.359,0.072,0.239,-0.292,-0.329,-0.712,0.32,0.171,0.91,-0.637,0.626,0.797,-0.436,0.095,0.224,0.177,0.909,0.458,0.7,-0.433,0.624,0.287,0.729,0.755,-0.48,0.714,0.848,-0.563,0.926,0.207,0.705,0.486,0.488,0.892,0.311,0.562,0.481,0.879,0.554,0.56,-0.674,-0.675,-0.841,-0.424,0.533,0.669,-0.113,0.769,0.584,0.548,-0.348,-0.38,0.794,-0.403,0.507,0.478,0.948,0.514,-0.501,0.918,0.705,0.103,0.209,-0.605,-0.27,0.579,0.639,0.273,0.699,0.64,-0.209,0.831,0.759,0.169,0.618,-0.134,-0.792,0.077,-0.084,0.202,0.366,0.288,0.485,-0.507,-0.03,0.792,0.728,0.938,-0.315,-0.24,0.83,0.072,-0.3,0.023,0.68,0.64,-0.589,0.295,0.331,-0.082,0.41,0.756,0.489,0.224,0.019,0.581,-0.166,0.789,0.285,0.704,0.772,-0.502,0.845,0.604,0.676,-0.398,0.362,0.387,0.853,0.778,0.94,0.134,-0.007,-0.514,0.746,0.795,0.213,0.726,0.232,0.244,0.28,0.267,0.175,0.899,-0.773,0.849,0.88
ALT,-0.141,0.152,0.785,-0.175,0.772,-0.375,0.0,0.762,0.526,0.872,-0.376,-0.103,-0.37,0.192,-0.61,0.196,0.43,0.844,0.027,-0.281,-0.585,-0.321,-0.428,0.61,-0.787,-0.528,0.084,-0.129,0.434,0.152,0.476,0.782,0.105,-0.077,-0.079,0.544,0.729,-0.144,0.776,0.174,0.576,0.647,0.865,0.347,0.471,-0.532,0.77,0.043,0.635,-0.677,-0.193,-0.52,0.349,-0.459,0.607,0.927,0.698,0.919,-0.425,0.314,-0.7,-0.244,-0.334,0.707,0.735,0.701,0.478,-0.147,0.642,0.201,0.275,-0.21,0.878,-0.565,-0.182,0.214,0.213,0.212,0.658,-0.426,0.454,0.134,0.694,0.245,0.56,-0.172,0.181,0.885,-0.619,-0.06,0.574,-0.376,-0.082,-0.041,0.22,0.463,-0.379,0.533,0.163,0.372,-0.223,0.274,-0.554,0.638,0.249,0.369,0.85,-0.625,-0.468,0.56,0.126,0.285,-0.215,0.955,-0.244,-0.589,0.576,0.458,0.219,-0.187,0.324,0.876,-0.499,0.15,-0.053,0.472,0.854,-0.382,0.312,0.343,0.154,0.189,0.142,0.897,-0.318,0.218,0.659,0.202,-0.322,0.553,-0.165,0.097,0.627,0.619,0.377,0.394,0.716,0.859,0.022,-0.392,-0.229,0.758,0.603,-0.316,0.765,0.907,0.273,0.314,0.362,0.806,0.478,0.576,0.69,0.379,-0.133,-0.349,0.586,0.764,0.317,0.762,-0.723,-0.382,-0.012,0.076,-0.045,-0.495,0.278,0.243,0.754,0.649,0.57,-0.583,-0.083,-0.378,-0.105,-0.669,0.899,-0.647,0.101,-0.209,-0.659,0.555,0.617,0.388,0.532,0.444,-0.515,0.644,-0.053,-0.328
AMGN,0.177,-0.013,0.719,-0.067,0.688,0.001,0.762,0.0,0.767,0.702,0.046,0.262,-0.255,0.485,-0.668,-0.148,0.626,0.566,-0.262,-0.488,-0.468,0.164,-0.292,0.838,-0.622,-0.46,0.44,0.206,-0.04,-0.167,0.207,0.697,-0.003,0.068,0.233,0.267,0.504,0.305,0.704,0.574,0.774,0.776,0.551,0.536,0.701,-0.306,0.522,0.309,0.488,-0.455,0.072,-0.208,0.67,-0.073,0.839,0.629,0.258,0.628,-0.142,0.382,-0.616,0.0,0.146,0.615,0.673,0.859,0.548,-0.451,0.526,0.182,0.509,0.169,0.655,-0.306,0.26,0.307,0.458,0.655,0.818,-0.098,0.783,0.432,0.345,0.576,0.444,-0.102,0.44,0.681,-0.508,0.253,0.562,-0.038,-0.229,0.178,0.248,0.584,0.039,0.498,0.409,0.487,0.039,0.547,-0.557,0.323,0.132,0.061,0.691,-0.572,-0.3,0.325,0.487,0.407,-0.068,0.811,-0.441,-0.396,0.619,0.684,0.245,0.14,0.294,0.723,-0.159,0.457,-0.014,0.584,0.669,-0.346,0.3,0.553,-0.032,0.568,0.419,0.818,0.004,0.444,0.68,0.557,-0.456,0.358,-0.399,0.272,0.521,0.797,0.686,0.462,0.617,0.826,0.307,-0.285,0.106,0.559,0.615,-0.132,0.823,0.734,0.581,0.552,0.625,0.54,0.687,0.814,0.518,0.557,0.328,-0.136,0.834,0.768,0.545,0.796,-0.514,-0.489,0.213,0.359,-0.1,-0.237,0.425,0.47,0.593,0.768,0.795,-0.208,0.165,-0.023,-0.126,-0.734,0.693,-0.314,0.385,0.127,-0.384,0.697,0.723,0.371,0.669,0.308,-0.194,0.365,0.367,-0.092
AMPH,0.457,0.253,0.341,0.466,0.553,0.432,0.526,0.767,0.0,0.366,0.504,0.566,0.183,0.572,-0.547,-0.447,0.862,0.268,-0.528,-0.507,-0.043,0.51,0.088,0.861,-0.388,-0.079,0.735,0.671,-0.08,0.078,0.2,0.595,-0.353,0.592,0.683,0.43,0.335,0.614,0.409,0.501,0.826,0.723,0.26,0.906,0.511,0.011,0.606,0.737,0.107,-0.104,0.469,0.186,0.927,0.398,0.851,0.466,0.138,0.433,0.354,0.773,-0.413,0.451,0.464,0.44,0.724,0.915,0.327,-0.673,0.098,0.448,0.401,0.621,0.333,0.012,0.606,0.043,0.377,0.608,0.891,0.398,0.848,0.796,0.111,0.885,0.707,0.341,0.787,0.402,-0.09,0.68,0.164,0.403,-0.044,0.655,0.551,0.834,0.45,0.812,0.5,0.811,0.513,0.858,-0.187,0.0,-0.345,-0.31,0.461,-0.291,0.125,0.403,0.833,0.651,0.196,0.621,-0.661,0.053,0.325,0.925,0.615,0.57,0.595,0.469,0.313,0.8,-0.116,0.705,0.345,-0.672,0.648,0.89,0.231,0.878,0.707,0.729,0.389,0.75,0.822,0.814,-0.468,-0.03,-0.242,0.215,0.683,0.929,0.724,0.657,0.265,0.775,0.719,0.111,0.532,0.498,0.481,0.252,0.867,0.626,0.409,0.898,0.916,0.314,0.824,0.88,0.49,0.833,0.661,0.081,0.873,0.822,0.85,0.692,-0.081,-0.327,0.599,0.752,-0.338,0.142,0.68,0.83,0.397,0.886,0.948,0.209,0.397,0.469,-0.1,-0.76,0.481,0.078,0.749,0.016,-0.075,0.832,0.863,0.559,0.913,0.619,0.237,-0.067,0.72,0.351
AMZN,-0.135,-0.085,0.762,-0.421,0.786,-0.524,0.872,0.702,0.366,0.0,-0.459,-0.337,-0.628,0.312,-0.748,0.367,0.256,0.909,0.163,-0.246,-0.765,-0.457,-0.693,0.602,-0.862,-0.692,-0.053,-0.25,0.409,0.125,0.257,0.841,0.27,-0.305,-0.292,0.366,0.657,-0.29,0.923,0.273,0.402,0.711,0.941,0.151,0.496,-0.748,0.507,-0.148,0.73,-0.863,-0.447,-0.743,0.203,-0.595,0.581,0.77,0.561,0.872,-0.659,0.039,-0.631,-0.473,-0.351,0.789,0.651,0.625,0.559,-0.147,0.834,0.026,0.177,-0.395,0.924,-0.611,-0.299,0.319,0.328,0.287,0.634,-0.596,0.397,-0.04,0.592,0.097,0.254,-0.426,-0.064,0.859,-0.833,-0.318,0.651,-0.611,-0.384,-0.296,-0.111,0.335,-0.439,0.344,0.116,0.131,-0.489,0.146,-0.779,0.771,0.481,0.544,0.9,-0.79,-0.702,0.379,-0.033,0.046,-0.439,0.901,-0.241,-0.755,0.75,0.258,0.052,-0.386,0.06,0.93,-0.671,-0.11,-0.038,0.337,0.923,-0.153,0.086,0.079,-0.046,0.018,0.063,0.838,-0.338,-0.018,0.519,0.073,-0.42,0.725,-0.441,0.144,0.395,0.508,0.472,0.211,0.86,0.802,-0.154,-0.667,-0.435,0.703,0.62,-0.575,0.695,0.875,0.371,0.128,0.181,0.867,0.409,0.537,0.529,0.26,-0.254,-0.47,0.55,0.607,0.159,0.811,-0.888,-0.549,-0.305,-0.06,0.052,-0.68,0.065,0.016,0.832,0.479,0.445,-0.77,-0.284,-0.565,-0.004,-0.622,0.913,-0.68,-0.102,-0.185,-0.802,0.377,0.526,0.206,0.41,0.17,-0.678,0.715,-0.237,-0.562
ANIP,0.51,0.047,-0.399,0.692,-0.139,0.809,-0.376,0.046,0.504,-0.459,0.0,0.608,0.456,0.417,0.004,-0.65,0.426,-0.497,-0.455,-0.19,0.574,0.811,0.427,0.26,0.345,0.422,0.763,0.87,-0.513,-0.045,-0.337,-0.12,-0.386,0.759,0.8,0.061,-0.408,0.799,-0.298,0.464,0.235,0.173,-0.571,0.642,0.179,0.49,-0.105,0.725,-0.521,0.531,0.59,0.728,0.578,0.877,0.264,-0.371,-0.448,-0.454,0.78,0.493,0.363,0.662,0.891,-0.173,-0.005,0.254,-0.049,-0.603,-0.484,0.272,0.073,0.852,-0.459,0.599,0.849,-0.084,0.321,0.434,0.334,0.851,0.454,0.751,-0.632,0.685,0.225,0.515,0.595,-0.444,0.487,0.723,-0.43,0.811,0.045,0.677,0.302,0.448,0.844,0.365,0.366,0.544,0.767,0.696,0.397,-0.614,-0.555,-0.591,-0.387,0.241,0.617,-0.08,0.773,0.284,0.49,-0.264,-0.521,0.664,-0.154,0.51,0.566,0.748,0.232,-0.322,0.814,0.767,-0.027,0.329,-0.453,-0.269,0.398,0.613,0.105,0.759,0.721,-0.079,0.699,0.525,0.327,0.716,-0.119,-0.623,-0.084,0.266,0.112,0.325,0.404,0.228,-0.423,-0.072,0.701,0.484,0.715,-0.153,-0.0,0.522,0.131,-0.257,0.167,0.646,0.587,-0.439,0.488,0.332,-0.251,0.554,0.792,0.312,0.355,0.154,0.603,0.014,0.613,0.062,0.732,0.736,-0.185,0.582,0.352,0.677,-0.272,0.304,0.426,0.777,0.469,0.876,0.032,-0.093,-0.392,0.724,0.659,0.328,0.531,0.423,0.393,0.245,0.454,0.252,0.777,-0.77,0.821,0.668
AOSL,0.61,0.278,-0.153,0.583,-0.251,0.809,-0.103,0.262,0.566,-0.337,0.608,0.0,0.72,0.1,0.246,-0.725,0.61,-0.483,-0.678,-0.313,0.481,0.855,0.686,0.39,0.435,0.542,0.578,0.643,-0.351,-0.179,0.326,-0.181,-0.532,0.537,0.863,-0.155,-0.023,0.745,-0.35,0.092,0.664,-0.034,-0.445,0.564,0.052,0.736,0.207,0.708,-0.33,0.641,0.906,0.746,0.753,0.724,0.425,-0.088,-0.331,-0.27,0.812,0.655,0.064,0.842,0.471,-0.239,0.259,0.387,-0.133,-0.257,-0.542,0.229,0.529,0.812,-0.44,0.457,0.706,-0.38,0.034,0.391,0.237,0.765,0.514,0.6,-0.147,0.675,0.409,0.584,0.857,-0.19,0.608,0.866,-0.2,0.837,0.429,0.777,0.673,0.485,0.636,0.351,0.419,0.466,0.825,0.487,0.375,-0.628,-0.542,-0.819,-0.144,0.478,0.632,0.082,0.704,0.807,0.6,-0.105,-0.229,0.623,-0.352,0.606,0.402,0.852,0.64,-0.336,0.775,0.714,-0.023,0.267,-0.37,-0.369,0.551,0.694,0.208,0.702,0.432,-0.006,0.603,0.828,0.186,0.593,-0.036,-0.509,0.161,-0.111,0.346,0.5,0.183,0.613,-0.395,0.187,0.687,0.643,0.899,-0.188,-0.099,0.823,0.226,-0.071,0.091,0.64,0.696,-0.478,0.304,0.406,0.267,0.482,0.809,0.592,0.321,0.237,0.5,-0.085,0.6,0.23,0.71,0.628,-0.505,0.817,0.785,0.648,-0.375,0.475,0.48,0.752,0.777,0.765,-0.195,-0.194,-0.27,0.436,0.76,0.143,0.635,0.36,0.217,0.226,0.323,0.286,0.738,-0.423,0.81,0.734
APDN,0.501,0.417,-0.466,0.735,-0.546,0.726,-0.37,-0.255,0.183,-0.628,0.456,0.72,0.0,-0.102,0.524,-0.659,0.438,-0.671,-0.705,-0.176,0.74,0.544,0.941,-0.103,0.634,0.817,0.31,0.543,-0.148,0.158,0.306,-0.378,-0.812,0.619,0.645,-0.084,-0.15,0.556,-0.738,-0.388,0.219,-0.428,-0.557,0.356,-0.525,0.734,0.138,0.617,-0.701,0.795,0.877,0.727,0.335,0.739,-0.074,-0.252,-0.403,-0.406,0.853,0.577,0.221,0.892,0.304,-0.585,0.085,-0.08,-0.646,-0.045,-0.898,0.413,0.06,0.724,-0.705,0.391,0.46,-0.674,-0.461,-0.264,-0.188,0.744,0.014,0.458,-0.106,0.309,0.372,0.824,0.62,-0.454,0.87,0.76,-0.604,0.744,0.518,0.707,0.59,0.203,0.61,0.221,0.314,0.384,0.781,0.213,0.725,-0.607,-0.844,-0.881,-0.473,0.753,0.717,-0.16,0.448,0.663,0.442,-0.394,0.038,0.708,-0.778,0.351,0.362,0.764,0.697,-0.646,0.814,0.48,-0.054,0.113,-0.7,-0.46,0.529,0.484,0.432,0.38,0.151,-0.366,0.452,0.641,-0.13,0.246,0.063,-0.753,0.482,-0.528,0.33,0.147,-0.188,0.358,-0.655,-0.122,0.616,0.898,0.819,-0.29,-0.507,0.912,-0.07,-0.302,-0.408,0.421,0.406,-0.617,-0.116,-0.009,0.173,0.068,0.453,0.438,-0.063,-0.081,0.355,-0.465,0.815,0.498,0.547,0.526,-0.546,0.855,0.614,0.447,-0.54,0.055,0.086,0.73,0.672,0.746,0.045,0.09,-0.512,0.62,0.639,-0.239,0.763,0.034,-0.049,0.311,0.035,0.288,0.758,-0.595,0.593,0.866
APLT,0.596,-0.087,0.091,0.15,0.442,0.205,0.192,0.485,0.572,0.312,0.417,0.1,-0.102,0.0,-0.704,-0.151,0.55,0.206,-0.354,-0.365,-0.186,0.294,-0.176,0.631,-0.373,-0.238,0.495,0.47,-0.332,0.117,-0.305,0.634,-0.23,0.269,0.262,0.109,-0.012,0.419,0.433,0.574,0.269,0.715,0.225,0.543,0.297,-0.393,0.156,0.48,-0.045,-0.321,0.014,-0.02,0.481,0.299,0.594,0.095,-0.244,0.169,0.034,0.296,-0.279,0.172,0.547,0.335,0.402,0.549,0.1,-0.638,0.228,0.209,-0.085,0.384,0.247,0.041,0.473,0.168,0.311,0.504,0.655,0.189,0.6,0.486,-0.029,0.574,0.168,0.119,0.271,0.268,-0.34,0.297,-0.012,0.034,-0.642,0.162,0.057,0.42,0.458,0.369,0.43,0.51,0.111,0.604,-0.372,0.189,-0.19,-0.095,0.238,-0.473,-0.208,-0.084,0.553,0.173,-0.396,0.396,-0.515,-0.206,0.403,0.567,0.251,0.261,0.114,0.336,0.182,0.364,-0.125,0.535,0.245,-0.344,0.108,0.393,-0.168,0.578,0.454,0.373,0.281,0.306,0.41,0.592,-0.783,0.043,-0.479,0.073,0.283,0.606,0.813,0.049,0.343,0.475,0.554,-0.157,0.23,0.452,0.496,-0.099,0.638,0.359,0.437,0.558,0.514,0.267,0.611,0.63,0.025,0.398,0.42,-0.109,0.71,0.521,0.609,0.6,-0.184,-0.511,0.087,0.588,-0.035,-0.071,0.299,0.413,0.428,0.356,0.568,-0.026,0.041,0.25,0.105,-0.533,0.319,0.315,0.388,-0.098,-0.167,0.393,0.662,0.48,0.629,0.111,0.024,-0.147,0.428,0.016
APVO,-0.058,0.168,-0.56,0.2,-0.87,0.286,-0.61,-0.668,-0.547,-0.748,0.004,0.246,0.524,-0.704,0.0,-0.161,-0.369,-0.706,-0.035,0.346,0.643,0.113,0.626,-0.669,0.863,0.725,-0.253,-0.093,-0.05,-0.035,0.22,-0.869,-0.153,-0.0,0.09,-0.368,-0.28,-0.006,-0.83,-0.57,-0.329,-0.94,-0.689,-0.429,-0.54,0.745,-0.35,-0.169,-0.478,0.771,0.357,0.498,-0.363,0.224,-0.618,-0.48,-0.274,-0.669,0.445,-0.142,0.598,0.319,-0.173,-0.642,-0.536,-0.663,-0.455,0.503,-0.7,-0.114,0.014,0.081,-0.759,0.431,-0.068,-0.478,-0.449,-0.513,-0.78,0.334,-0.539,-0.283,-0.246,-0.383,-0.228,0.29,-0.041,-0.661,0.782,0.043,-0.47,0.396,0.653,0.067,0.061,-0.372,0.076,-0.402,-0.229,-0.367,0.301,-0.474,0.715,-0.638,-0.216,-0.41,-0.615,0.829,0.536,-0.148,-0.254,0.051,0.484,-0.759,0.482,0.633,-0.74,-0.457,-0.179,0.188,0.06,-0.827,0.363,-0.16,0.092,-0.454,-0.769,0.331,0.022,-0.27,0.156,-0.322,-0.327,-0.75,0.119,-0.033,-0.59,-0.376,0.558,-0.546,0.549,-0.337,-0.328,-0.598,-0.716,-0.062,-0.761,-0.687,-0.097,0.607,0.273,-0.735,-0.716,0.563,-0.778,-0.71,-0.503,-0.344,-0.354,-0.768,-0.619,-0.64,-0.186,-0.451,-0.119,0.481,-0.731,-0.698,-0.391,-0.869,0.712,0.697,0.112,-0.206,-0.172,0.618,-0.06,-0.217,-0.725,-0.47,-0.614,0.467,0.302,0.229,0.002,0.748,-0.766,0.255,-0.06,0.087,0.681,-0.486,-0.689,-0.36,-0.706,-0.211,0.474,-0.376,-0.052,0.389
ARGX,-0.463,-0.101,0.153,-0.615,0.25,-0.748,0.196,-0.148,-0.447,0.367,-0.65,-0.725,-0.659,-0.151,-0.161,0.0,-0.565,0.473,0.778,0.431,-0.609,-0.685,-0.637,-0.19,-0.424,-0.577,-0.643,-0.702,0.525,0.225,-0.02,0.114,0.657,-0.651,-0.749,0.076,0.209,-0.824,0.393,-0.169,-0.467,0.018,0.484,-0.542,-0.026,-0.568,-0.126,-0.727,0.599,-0.601,-0.769,-0.687,-0.597,-0.747,-0.318,0.137,0.524,0.325,-0.769,-0.577,-0.13,-0.779,-0.614,0.301,-0.228,-0.234,0.3,0.422,0.603,-0.366,-0.281,-0.803,0.436,-0.248,-0.677,0.377,0.02,-0.194,-0.176,-0.697,-0.37,-0.72,0.217,-0.557,-0.333,-0.658,-0.668,0.257,-0.603,-0.736,0.329,-0.737,-0.277,-0.666,-0.357,-0.361,-0.744,-0.332,-0.51,-0.445,-0.768,-0.546,-0.448,0.59,0.576,0.815,0.345,-0.437,-0.639,0.269,-0.69,-0.55,-0.435,0.172,0.298,-0.626,0.418,-0.553,-0.525,-0.761,-0.533,0.358,-0.745,-0.716,0.064,-0.392,0.468,0.348,-0.532,-0.646,-0.315,-0.655,-0.491,0.052,-0.409,-0.691,-0.12,-0.594,0.033,0.663,-0.087,0.047,-0.386,-0.376,-0.186,-0.329,0.357,-0.083,-0.685,-0.657,-0.781,0.188,0.271,-0.726,-0.184,0.148,0.138,-0.571,-0.64,0.553,-0.253,-0.245,-0.141,-0.327,-0.63,-0.323,-0.322,-0.163,-0.523,0.163,-0.589,-0.273,-0.706,-0.636,0.324,-0.671,-0.583,-0.617,0.374,-0.307,-0.414,-0.746,-0.75,-0.774,-0.033,0.072,0.323,-0.508,-0.73,-0.13,-0.654,-0.369,-0.262,-0.274,-0.25,-0.27,-0.768,0.633,-0.792,-0.779
ARLP,0.609,0.273,0.182,0.545,0.299,0.546,0.43,0.626,0.862,0.256,0.426,0.61,0.438,0.55,-0.369,-0.565,0.0,0.107,-0.761,-0.626,0.13,0.457,0.321,0.743,-0.22,0.162,0.65,0.694,-0.059,0.224,0.328,0.535,-0.655,0.632,0.677,0.332,0.348,0.659,0.182,0.233,0.792,0.499,0.201,0.835,0.186,0.097,0.607,0.789,-0.139,0.042,0.618,0.257,0.83,0.52,0.736,0.394,-0.069,0.327,0.463,0.788,-0.316,0.65,0.412,0.223,0.753,0.783,-0.019,-0.547,-0.157,0.554,0.243,0.708,0.124,-0.001,0.575,-0.24,0.087,0.316,0.71,0.472,0.757,0.807,0.195,0.752,0.702,0.576,0.833,0.299,0.095,0.754,-0.1,0.44,-0.011,0.644,0.567,0.82,0.562,0.713,0.732,0.812,0.562,0.737,0.004,-0.006,-0.564,-0.542,0.31,-0.091,0.143,0.15,0.838,0.796,0.097,0.49,-0.501,0.124,0.042,0.908,0.568,0.713,0.789,0.264,0.452,0.742,0.019,0.677,0.135,-0.716,0.754,0.861,0.365,0.806,0.621,0.532,0.462,0.866,0.614,0.717,-0.561,-0.271,-0.115,-0.191,0.762,0.897,0.631,0.69,0.179,0.728,0.821,0.332,0.676,0.404,0.214,0.472,0.789,0.512,0.194,0.907,0.91,0.154,0.622,0.786,0.525,0.574,0.585,0.035,0.77,0.665,0.858,0.53,0.085,-0.125,0.517,0.863,-0.574,0.332,0.803,0.804,0.316,0.761,0.822,0.238,0.556,0.526,0.112,-0.658,0.323,0.267,0.861,-0.218,0.098,0.665,0.754,0.693,0.726,0.493,0.338,-0.185,0.751,0.543
ATEX,-0.324,-0.0,0.694,-0.377,0.817,-0.649,0.844,0.566,0.268,0.909,-0.497,-0.483,-0.671,0.206,-0.706,0.473,0.107,0.0,0.32,-0.089,-0.711,-0.561,-0.722,0.439,-0.872,-0.714,-0.068,-0.315,0.442,0.183,0.187,0.791,0.348,-0.277,-0.378,0.523,0.521,-0.403,0.868,0.239,0.202,0.667,0.924,0.123,0.449,-0.802,0.518,-0.208,0.716,-0.857,-0.558,-0.773,0.058,-0.654,0.424,0.788,0.703,0.879,-0.698,0.032,-0.605,-0.571,-0.397,0.801,0.531,0.491,0.511,-0.083,0.822,0.072,0.041,-0.473,0.956,-0.625,-0.328,0.397,0.268,0.165,0.543,-0.653,0.211,-0.082,0.593,0.008,0.264,-0.467,-0.202,0.84,-0.828,-0.396,0.572,-0.649,-0.289,-0.355,-0.123,0.235,-0.554,0.341,-0.056,0.119,-0.511,0.115,-0.654,0.78,0.471,0.674,0.792,-0.828,-0.653,0.433,-0.149,-0.128,-0.435,0.851,-0.209,-0.724,0.7,0.169,0.052,-0.499,-0.036,0.919,-0.729,-0.132,-0.064,0.35,0.916,-0.135,0.031,0.018,0.016,-0.054,0.005,0.812,-0.469,-0.152,0.525,0.01,-0.294,0.725,-0.311,0.217,0.367,0.373,0.336,0.058,0.779,0.666,-0.234,-0.659,-0.569,0.734,0.628,-0.649,0.595,0.827,0.267,0.033,0.076,0.889,0.394,0.365,0.401,0.236,-0.327,-0.533,0.446,0.61,0.105,0.735,-0.88,-0.447,-0.31,-0.165,0.215,-0.771,-0.092,-0.011,0.792,0.392,0.321,-0.813,-0.423,-0.61,-0.05,-0.503,0.882,-0.702,-0.236,-0.25,-0.865,0.403,0.495,0.194,0.394,0.277,-0.71,0.704,-0.326,-0.645
ATRA,-0.67,-0.227,0.074,-0.566,0.181,-0.648,0.027,-0.262,-0.528,0.163,-0.455,-0.678,-0.705,-0.354,-0.035,0.778,-0.761,0.32,0.0,0.578,-0.44,-0.528,-0.654,-0.352,-0.258,-0.516,-0.548,-0.633,0.336,-0.029,-0.228,-0.13,0.859,-0.532,-0.629,0.06,-0.044,-0.766,0.284,-0.021,-0.524,-0.076,0.214,-0.558,0.157,-0.364,-0.284,-0.708,0.539,-0.408,-0.76,-0.489,-0.624,-0.669,-0.402,0.005,0.518,0.096,-0.65,-0.647,0.074,-0.789,-0.424,0.202,-0.435,-0.335,0.418,0.393,0.538,-0.481,-0.237,-0.763,0.318,-0.156,-0.593,0.452,0.255,-0.093,-0.243,-0.613,-0.426,-0.68,-0.103,-0.53,-0.404,-0.711,-0.727,0.057,-0.455,-0.732,0.314,-0.549,-0.117,-0.62,-0.422,-0.428,-0.689,-0.386,-0.621,-0.551,-0.643,-0.496,-0.287,0.345,0.69,0.844,0.123,-0.305,-0.368,0.254,-0.674,-0.728,-0.094,-0.031,0.218,-0.365,0.41,-0.656,-0.432,-0.746,-0.722,0.232,-0.648,-0.585,0.052,-0.514,0.329,0.545,-0.595,-0.651,-0.319,-0.635,-0.332,-0.059,-0.384,-0.763,-0.104,-0.548,0.377,0.56,-0.063,0.426,-0.552,-0.546,-0.316,-0.387,0.202,-0.328,-0.782,-0.631,-0.79,-0.034,0.208,-0.692,-0.405,-0.076,0.082,-0.659,-0.684,0.342,-0.241,-0.414,-0.366,-0.211,-0.535,-0.264,-0.455,-0.261,-0.623,-0.006,-0.438,-0.128,-0.449,-0.73,0.566,-0.606,-0.711,-0.621,0.144,-0.341,-0.45,-0.497,-0.678,-0.649,-0.12,0.256,0.109,-0.493,-0.816,0.236,-0.504,-0.334,-0.354,-0.511,-0.321,-0.254,-0.582,0.425,-0.745,-0.715
AUTL,-0.381,0.126,-0.26,-0.131,-0.121,-0.267,-0.281,-0.488,-0.507,-0.246,-0.19,-0.313,-0.176,-0.365,0.346,0.431,-0.626,-0.089,0.578,0.0,0.093,-0.198,-0.075,-0.521,0.214,0.051,-0.346,-0.341,0.225,0.025,-0.099,-0.382,0.451,-0.227,-0.285,0.048,-0.28,-0.48,-0.131,-0.216,-0.5,-0.371,-0.181,-0.382,-0.129,0.111,-0.203,-0.333,0.099,0.116,-0.302,0.022,-0.514,-0.265,-0.465,-0.116,0.249,-0.241,-0.136,-0.285,0.323,-0.291,-0.234,-0.092,-0.445,-0.476,0.013,0.485,-0.01,-0.128,-0.223,-0.374,-0.11,0.079,-0.303,0.065,-0.04,-0.253,-0.425,-0.169,-0.555,-0.471,-0.143,-0.329,-0.193,-0.233,-0.464,-0.174,0.116,-0.379,-0.038,-0.122,0.262,-0.2,-0.038,-0.465,-0.334,-0.247,-0.566,-0.363,-0.132,-0.388,0.223,-0.048,0.29,0.352,-0.198,0.146,0.214,0.206,-0.501,-0.432,0.193,-0.337,0.378,0.105,-0.119,-0.504,-0.191,-0.363,-0.401,-0.229,-0.139,-0.337,-0.165,-0.419,-0.149,0.415,-0.354,-0.417,-0.136,-0.446,-0.336,-0.371,-0.214,-0.444,-0.279,-0.387,0.416,0.143,0.345,0.183,-0.347,-0.575,-0.483,-0.264,-0.351,-0.49,-0.421,-0.067,-0.35,-0.195,-0.107,-0.133,-0.532,-0.281,-0.137,-0.513,-0.507,-0.106,-0.299,-0.496,-0.313,-0.156,-0.337,0.191,-0.532,-0.313,-0.455,-0.369,0.105,0.255,-0.136,-0.515,0.546,-0.062,-0.37,-0.391,-0.303,-0.406,-0.494,-0.038,-0.217,-0.231,-0.189,0.478,-0.311,-0.117,-0.529,0.098,0.124,-0.325,-0.467,-0.409,-0.37,0.022,-0.097,-0.009,-0.444,-0.297
AVDL,0.306,0.345,-0.675,0.725,-0.627,0.729,-0.585,-0.468,-0.043,-0.765,0.574,0.481,0.74,-0.186,0.643,-0.609,0.13,-0.711,-0.44,0.093,0.0,0.505,0.759,-0.333,0.755,0.887,0.39,0.549,-0.29,0.108,-0.039,-0.523,-0.568,0.627,0.597,0.002,-0.471,0.505,-0.767,-0.17,-0.092,-0.513,-0.745,0.23,-0.353,0.741,-0.108,0.445,-0.781,0.875,0.661,0.82,0.104,0.753,-0.257,-0.387,-0.428,-0.665,0.849,0.376,0.656,0.723,0.43,-0.57,-0.253,-0.278,-0.569,0.014,-0.891,0.355,-0.109,0.665,-0.766,0.519,0.524,-0.475,-0.251,-0.254,-0.306,0.754,-0.134,0.405,-0.372,0.168,0.136,0.755,0.385,-0.617,0.885,0.544,-0.784,0.779,0.498,0.488,0.307,0.069,0.654,0.108,0.18,0.225,0.765,0.225,0.903,-0.724,-0.613,-0.707,-0.698,0.703,0.807,-0.208,0.353,0.256,0.514,-0.628,0.01,0.89,-0.746,0.122,0.397,0.661,0.344,-0.752,0.812,0.444,-0.008,0.074,-0.832,-0.11,0.44,0.295,0.384,0.296,0.307,-0.524,0.465,0.431,-0.171,0.253,0.229,-0.904,0.482,-0.178,0.069,-0.143,-0.227,0.083,-0.803,-0.431,0.528,0.856,0.671,-0.443,-0.581,0.798,-0.351,-0.569,-0.439,0.269,0.218,-0.762,-0.057,-0.233,-0.239,0.033,0.351,0.444,-0.25,-0.278,0.242,-0.579,0.922,0.655,0.557,0.429,-0.184,0.795,0.277,0.394,-0.662,-0.068,-0.123,0.77,0.572,0.752,0.111,0.467,-0.756,0.68,0.461,0.055,0.821,-0.007,-0.119,0.135,-0.141,0.194,0.853,-0.844,0.527,0.758
BCRX,0.637,0.066,-0.34,0.549,-0.21,0.846,-0.321,0.164,0.51,-0.457,0.811,0.855,0.544,0.294,0.113,-0.685,0.457,-0.561,-0.528,-0.198,0.505,0.0,0.537,0.35,0.435,0.435,0.677,0.731,-0.561,-0.263,-0.094,-0.234,-0.35,0.566,0.845,-0.225,-0.341,0.772,-0.32,0.377,0.458,0.071,-0.606,0.556,0.168,0.648,-0.063,0.698,-0.402,0.619,0.753,0.807,0.684,0.804,0.386,-0.322,-0.491,-0.482,0.791,0.487,0.252,0.733,0.72,-0.234,0.025,0.312,-0.074,-0.413,-0.483,0.133,0.375,0.833,-0.496,0.634,0.822,-0.183,0.247,0.568,0.252,0.818,0.533,0.61,-0.436,0.73,0.198,0.46,0.699,-0.331,0.527,0.804,-0.256,0.846,0.164,0.683,0.495,0.393,0.76,0.241,0.377,0.388,0.789,0.573,0.328,-0.687,-0.463,-0.72,-0.325,0.38,0.616,-0.072,0.732,0.5,0.525,-0.259,-0.385,0.668,-0.223,0.507,0.344,0.798,0.303,-0.389,0.811,0.692,0.017,0.179,-0.443,-0.2,0.313,0.592,-0.015,0.738,0.534,-0.114,0.715,0.649,0.169,0.674,-0.089,-0.516,-0.041,0.184,0.073,0.387,0.325,0.377,-0.395,-0.008,0.672,0.489,0.818,-0.275,-0.042,0.648,0.128,-0.254,0.226,0.59,0.624,-0.523,0.374,0.349,-0.103,0.541,0.906,0.599,0.303,0.153,0.487,-0.074,0.632,0.11,0.693,0.614,-0.273,0.721,0.54,0.598,-0.411,0.379,0.448,0.836,0.628,0.847,-0.201,-0.118,-0.407,0.59,0.662,0.346,0.642,0.289,0.242,0.088,0.36,0.15,0.773,-0.616,0.823,0.65
BHAT,0.449,0.444,-0.472,0.693,-0.626,0.695,-0.428,-0.292,0.088,-0.693,0.427,0.686,0.941,-0.176,0.626,-0.637,0.321,-0.722,-0.654,-0.075,0.759,0.537,0.0,-0.2,0.72,0.829,0.284,0.489,-0.207,0.072,0.239,-0.489,-0.731,0.548,0.577,-0.181,-0.189,0.532,-0.796,-0.358,0.13,-0.514,-0.641,0.252,-0.495,0.778,0.035,0.528,-0.713,0.835,0.818,0.743,0.241,0.698,-0.145,-0.304,-0.435,-0.495,0.826,0.472,0.255,0.84,0.295,-0.619,-0.03,-0.186,-0.621,-0.012,-0.913,0.309,0.082,0.661,-0.743,0.449,0.434,-0.671,-0.469,-0.281,-0.296,0.727,-0.074,0.361,-0.149,0.237,0.303,0.777,0.511,-0.516,0.895,0.676,-0.549,0.739,0.535,0.627,0.546,0.096,0.583,0.098,0.244,0.282,0.763,0.129,0.73,-0.69,-0.795,-0.847,-0.546,0.828,0.727,-0.155,0.378,0.587,0.447,-0.476,0.067,0.724,-0.775,0.256,0.288,0.708,0.61,-0.71,0.789,0.422,-0.059,0.059,-0.771,-0.315,0.439,0.407,0.386,0.314,0.055,-0.451,0.363,0.546,-0.202,0.183,0.107,-0.755,0.498,-0.486,0.229,0.036,-0.249,0.273,-0.706,-0.232,0.55,0.923,0.778,-0.411,-0.59,0.901,-0.194,-0.4,-0.384,0.318,0.306,-0.704,-0.171,-0.105,0.119,-0.009,0.394,0.51,-0.138,-0.188,0.272,-0.576,0.843,0.515,0.497,0.424,-0.456,0.858,0.517,0.359,-0.578,-0.037,-0.014,0.753,0.674,0.718,0.01,0.234,-0.583,0.59,0.566,-0.15,0.817,-0.01,-0.139,0.2,-0.073,0.227,0.771,-0.607,0.545,0.84
BLBD,0.485,0.035,0.4,0.171,0.589,0.253,0.61,0.838,0.861,0.602,0.26,0.39,-0.103,0.631,-0.669,-0.19,0.743,0.439,-0.352,-0.521,-0.333,0.35,-0.2,0.0,-0.528,-0.292,0.548,0.454,-0.049,0.05,0.194,0.702,-0.143,0.26,0.456,0.239,0.411,0.387,0.632,0.552,0.804,0.796,0.457,0.701,0.539,-0.23,0.456,0.499,0.329,-0.351,0.216,-0.097,0.823,0.166,0.921,0.483,0.139,0.5,0.059,0.521,-0.447,0.213,0.282,0.594,0.727,0.938,0.45,-0.543,0.38,0.186,0.426,0.366,0.486,-0.038,0.437,0.092,0.485,0.693,0.906,0.154,0.878,0.54,0.194,0.744,0.448,0.037,0.591,0.518,-0.367,0.415,0.304,0.139,-0.309,0.334,0.327,0.747,0.27,0.636,0.528,0.564,0.202,0.675,-0.481,0.233,-0.046,-0.111,0.627,-0.5,-0.228,0.355,0.643,0.531,-0.014,0.705,-0.656,-0.196,0.573,0.737,0.366,0.372,0.406,0.605,0.045,0.5,0.039,0.546,0.549,-0.405,0.443,0.64,0.023,0.688,0.588,0.761,0.352,0.602,0.739,0.651,-0.619,0.223,-0.518,0.19,0.516,0.908,0.838,0.597,0.542,0.841,0.513,-0.194,0.328,0.498,0.645,0.009,0.855,0.706,0.58,0.741,0.769,0.461,0.771,0.926,0.454,0.716,0.535,-0.001,0.854,0.748,0.667,0.798,-0.338,-0.485,0.257,0.587,-0.347,-0.05,0.561,0.587,0.564,0.859,0.869,-0.066,0.24,0.219,-0.034,-0.771,0.597,-0.08,0.552,-0.003,-0.287,0.649,0.81,0.4,0.783,0.306,-0.0,0.172,0.499,0.065
BMRN,0.282,0.057,-0.686,0.335,-0.914,0.527,-0.787,-0.622,-0.388,-0.862,0.345,0.435,0.634,-0.373,0.863,-0.424,-0.22,-0.872,-0.258,0.214,0.755,0.435,0.72,-0.528,0.0,0.814,0.007,0.179,-0.4,-0.131,0.013,-0.842,-0.304,0.153,0.311,-0.525,-0.508,0.308,-0.886,-0.31,-0.282,-0.798,-0.881,-0.241,-0.495,0.779,-0.467,0.086,-0.711,0.893,0.502,0.71,-0.152,0.52,-0.447,-0.684,-0.609,-0.872,0.639,-0.033,0.665,0.529,0.2,-0.707,-0.528,-0.587,-0.537,0.228,-0.806,-0.123,0.035,0.368,-0.911,0.653,0.248,-0.518,-0.328,-0.262,-0.656,0.588,-0.362,-0.061,-0.43,-0.138,-0.287,0.404,0.09,-0.774,0.859,0.247,-0.589,0.586,0.485,0.221,0.051,-0.322,0.417,-0.367,-0.065,-0.255,0.483,-0.25,0.724,-0.822,-0.365,-0.64,-0.762,0.836,0.65,-0.363,-0.001,0.12,0.461,-0.851,0.298,0.775,-0.758,-0.293,-0.068,0.405,0.065,-0.954,0.63,0.038,0.034,-0.319,-0.92,0.292,0.015,-0.129,0.057,-0.062,-0.161,-0.811,0.305,0.117,-0.598,-0.125,0.373,-0.695,0.392,-0.298,-0.335,-0.464,-0.467,-0.124,-0.818,-0.69,0.153,0.692,0.5,-0.777,-0.664,0.677,-0.691,-0.798,-0.4,-0.161,-0.159,-0.96,-0.47,-0.507,-0.298,-0.307,0.188,0.616,-0.552,-0.63,-0.222,-0.863,0.867,0.61,0.246,0.043,-0.174,0.805,0.079,-0.074,-0.83,-0.446,-0.485,0.706,0.417,0.516,0.004,0.69,-0.889,0.555,0.133,0.128,0.856,-0.412,-0.55,-0.312,-0.569,-0.26,0.71,-0.649,0.23,0.534
BNGO,0.408,0.343,-0.639,0.659,-0.738,0.693,-0.528,-0.46,-0.079,-0.692,0.422,0.542,0.817,-0.238,0.725,-0.577,0.162,-0.714,-0.516,0.051,0.887,0.435,0.829,-0.292,0.814,0.0,0.225,0.455,-0.213,0.138,0.217,-0.535,-0.648,0.496,0.56,-0.133,-0.296,0.443,-0.771,-0.345,-0.023,-0.613,-0.655,0.141,-0.505,0.749,-0.069,0.41,-0.773,0.86,0.715,0.728,0.107,0.668,-0.204,-0.354,-0.448,-0.617,0.806,0.37,0.565,0.777,0.238,-0.55,-0.102,-0.289,-0.625,0.075,-0.888,0.284,0.018,0.603,-0.78,0.535,0.387,-0.694,-0.384,-0.344,-0.36,0.737,-0.176,0.278,-0.222,0.094,0.124,0.731,0.41,-0.6,0.907,0.491,-0.739,0.701,0.571,0.455,0.318,0.048,0.591,0.072,0.166,0.124,0.698,0.054,0.818,-0.707,-0.614,-0.785,-0.592,0.798,0.735,-0.179,0.269,0.429,0.462,-0.585,0.095,0.836,-0.779,0.069,0.325,0.645,0.494,-0.789,0.752,0.312,-0.026,-0.002,-0.828,-0.099,0.474,0.226,0.385,0.193,0.135,-0.543,0.441,0.478,-0.272,0.107,0.164,-0.817,0.457,-0.437,0.117,-0.107,-0.278,0.18,-0.751,-0.343,0.483,0.865,0.699,-0.498,-0.639,0.872,-0.347,-0.487,-0.489,0.212,0.198,-0.783,-0.212,-0.205,0.004,-0.076,0.259,0.529,-0.287,-0.327,0.18,-0.633,0.883,0.635,0.458,0.381,-0.37,0.871,0.416,0.293,-0.646,-0.108,-0.166,0.695,0.634,0.675,0.091,0.438,-0.705,0.619,0.447,-0.076,0.831,-0.134,-0.197,0.09,-0.253,0.134,0.802,-0.729,0.446,0.765
BUSE,0.48,0.254,-0.04,0.663,0.204,0.654,0.084,0.44,0.735,-0.053,0.763,0.578,0.31,0.495,-0.253,-0.643,0.65,-0.068,-0.548,-0.346,0.39,0.677,0.284,0.548,0.007,0.225,0.0,0.861,-0.423,-0.04,-0.132,0.238,-0.438,0.716,0.783,0.281,-0.196,0.808,0.035,0.615,0.501,0.471,-0.187,0.822,0.444,0.23,0.243,0.778,-0.276,0.271,0.535,0.46,0.733,0.689,0.595,0.117,-0.204,-0.065,0.62,0.686,0.046,0.595,0.76,0.184,0.338,0.565,0.087,-0.635,-0.246,0.446,0.244,0.817,-0.043,0.311,0.922,0.031,0.378,0.553,0.613,0.631,0.666,0.878,-0.195,0.84,0.525,0.472,0.674,-0.005,0.21,0.713,-0.192,0.678,-0.018,0.631,0.386,0.671,0.732,0.598,0.518,0.698,0.736,0.919,0.206,-0.353,-0.464,-0.486,-0.09,-0.048,0.426,0.072,0.875,0.424,0.344,0.156,-0.665,0.441,0.083,0.771,0.629,0.71,0.42,0.068,0.602,0.863,-0.036,0.706,-0.106,-0.356,0.575,0.803,0.212,0.933,0.787,0.342,0.501,0.679,0.604,0.922,-0.336,-0.461,-0.195,0.319,0.45,0.645,0.632,0.373,-0.123,0.318,0.804,0.364,0.655,0.14,0.176,0.444,0.497,0.141,0.31,0.815,0.81,-0.123,0.803,0.571,0.038,0.735,0.788,0.163,0.7,0.51,0.847,0.32,0.315,-0.04,0.711,0.778,-0.159,0.376,0.501,0.875,0.052,0.638,0.69,0.516,0.551,0.738,-0.004,-0.268,-0.024,0.428,0.765,0.233,0.276,0.765,0.693,0.434,0.674,0.482,0.629,-0.486,0.901,0.548
CAKE,0.628,0.24,-0.311,0.845,-0.035,0.848,-0.129,0.206,0.671,-0.25,0.87,0.643,0.543,0.47,-0.093,-0.702,0.694,-0.315,-0.633,-0.341,0.549,0.731,0.489,0.454,0.179,0.455,0.861,0.0,-0.336,0.174,-0.135,0.106,-0.619,0.881,0.872,0.225,-0.175,0.818,-0.191,0.406,0.434,0.28,-0.329,0.825,0.158,0.391,0.139,0.875,-0.493,0.438,0.692,0.588,0.71,0.876,0.456,-0.097,-0.332,-0.225,0.791,0.689,0.204,0.791,0.809,-0.02,0.324,0.467,-0.112,-0.643,-0.488,0.456,0.09,0.91,-0.313,0.462,0.869,-0.262,0.254,0.339,0.506,0.83,0.591,0.893,-0.38,0.811,0.498,0.668,0.744,-0.281,0.446,0.828,-0.433,0.796,-0.002,0.739,0.434,0.693,0.897,0.596,0.623,0.723,0.836,0.828,0.37,-0.445,-0.7,-0.658,-0.217,0.201,0.529,0.017,0.913,0.528,0.415,-0.041,-0.676,0.603,-0.104,0.717,0.669,0.873,0.542,-0.154,0.784,0.837,0.023,0.523,-0.337,-0.44,0.682,0.809,0.332,0.876,0.801,0.131,0.738,0.739,0.523,0.793,-0.357,-0.641,-0.137,0.085,0.416,0.592,0.574,0.484,-0.277,0.222,0.878,0.552,0.814,-0.012,-0.002,0.619,0.376,0.005,0.166,0.849,0.804,-0.267,0.615,0.539,0.019,0.634,0.785,0.2,0.55,0.314,0.838,0.166,0.53,0.036,0.726,0.897,-0.409,0.572,0.572,0.837,-0.031,0.534,0.622,0.66,0.653,0.896,0.191,-0.233,-0.201,0.662,0.857,0.148,0.448,0.575,0.605,0.479,0.603,0.425,0.776,-0.682,0.906,0.787
CASY,-0.388,0.199,0.215,-0.139,0.257,-0.407,0.434,-0.04,-0.08,0.409,-0.513,-0.351,-0.148,-0.332,-0.05,0.525,-0.059,0.442,0.336,0.225,-0.29,-0.561,-0.207,-0.049,-0.4,-0.213,-0.423,-0.336,0.0,0.579,0.485,0.244,0.13,-0.109,-0.322,0.461,0.571,-0.573,0.253,-0.503,0.007,-0.029,0.57,-0.121,-0.179,-0.241,0.422,-0.247,0.436,-0.376,-0.235,-0.482,-0.217,-0.48,-0.117,0.489,0.705,0.567,-0.357,0.027,-0.185,-0.299,-0.621,0.244,0.293,0.068,0.144,0.348,0.231,0.15,-0.2,-0.451,0.375,-0.451,-0.576,-0.122,-0.2,-0.414,0.021,-0.401,-0.212,-0.286,0.394,-0.266,0.35,-0.132,-0.171,0.316,-0.217,-0.274,0.23,-0.393,0.187,-0.097,0.09,0.116,-0.547,0.212,-0.154,-0.002,-0.289,-0.271,-0.121,0.537,0.121,0.402,0.489,-0.15,-0.25,0.433,-0.339,0.005,-0.034,0.355,0.117,-0.317,0.107,-0.122,0.002,-0.328,0.169,0.398,-0.452,-0.288,-0.056,-0.164,0.406,-0.193,0.184,-0.098,0.232,-0.374,-0.233,0.316,-0.193,-0.164,0.209,-0.38,0.152,0.385,0.184,-0.173,0.243,-0.012,-0.255,0.271,0.208,0.282,-0.335,-0.223,-0.354,0.319,0.077,-0.247,0.106,0.44,-0.225,-0.13,-0.158,0.582,-0.148,-0.05,0.367,-0.007,-0.497,-0.345,-0.138,0.105,-0.135,0.203,-0.375,0.073,-0.236,-0.248,-0.162,-0.374,-0.095,-0.183,0.399,0.095,-0.058,-0.519,-0.273,-0.458,0.125,-0.22,0.416,-0.51,-0.217,-0.374,-0.454,-0.008,-0.003,0.054,0.022,0.254,-0.464,0.479,-0.472,-0.242
CCOI,0.195,0.289,-0.194,0.335,0.032,0.022,0.152,-0.167,0.078,0.125,-0.045,-0.179,0.158,0.117,-0.035,0.225,0.224,0.183,-0.029,0.025,0.108,-0.263,0.072,0.05,-0.131,0.138,-0.04,0.174,0.579,0.0,0.261,0.246,-0.317,0.315,0.025,0.45,0.344,-0.151,0.007,-0.269,-0.125,0.009,0.289,0.191,-0.342,-0.178,0.283,0.085,-0.113,-0.127,0.01,-0.177,-0.037,0.06,-0.071,0.201,0.282,0.229,0.031,0.214,0.081,0.136,-0.145,0.074,0.243,0.081,-0.195,-0.035,-0.132,0.257,-0.499,0.037,0.049,0.002,-0.093,-0.296,-0.234,-0.38,0.096,0.063,-0.053,0.056,0.109,-0.007,0.362,0.289,0.024,0.002,0.046,0.074,-0.331,-0.061,-0.02,0.081,0.094,0.329,0.067,0.353,0.188,0.331,0.066,0.059,0.116,0.274,-0.374,0.044,0.175,-0.028,-0.116,0.211,0.096,0.156,-0.106,0.141,-0.171,-0.013,-0.026,0.11,0.167,0.124,0.349,0.123,0.019,-0.02,0.081,0.134,0.031,-0.299,0.404,0.115,0.371,-0.014,0.067,0.137,0.181,0.103,0.276,-0.07,-0.358,-0.118,0.114,-0.392,0.278,0.141,0.099,0.202,0.008,0.205,0.221,0.14,0.079,0.227,-0.003,0.053,0.158,0.228,-0.141,0.249,0.091,0.283,0.076,0.099,0.182,0.051,-0.183,-0.199,0.024,0.072,0.238,0.165,0.02,0.009,-0.104,0.31,-0.39,-0.003,0.091,0.125,0.4,0.108,0.007,-0.235,-0.087,0.049,0.435,-0.129,0.18,0.089,0.178,-0.477,-0.163,0.076,0.275,0.368,0.186,0.239,-0.055,0.001,-0.057,0.14
CEVA,0.1,0.358,0.263,0.064,-0.015,-0.007,0.476,0.207,0.2,0.257,-0.337,0.326,0.306,-0.305,0.22,-0.02,0.328,0.187,-0.228,-0.099,-0.039,-0.094,0.239,0.194,0.013,0.217,-0.132,-0.135,0.485,0.261,0.0,0.115,-0.241,-0.041,0.167,0.142,0.575,-0.063,0.032,-0.502,0.491,-0.148,0.316,0.081,-0.186,0.184,0.637,0.1,0.178,0.043,0.346,-0.037,0.23,-0.157,0.235,0.53,0.372,0.392,0.081,0.42,-0.255,0.259,-0.492,0.082,0.497,0.252,-0.048,0.317,-0.054,0.197,0.36,0.01,0.149,-0.18,-0.185,-0.426,-0.354,-0.19,0.05,-0.021,0.069,-0.042,0.63,0.043,0.478,0.175,0.356,0.373,0.149,0.159,0.095,0.029,0.567,0.215,0.423,0.289,-0.216,0.318,0.067,0.139,0.146,-0.099,0.061,0.085,-0.082,-0.212,0.413,0.149,0.058,0.407,0.019,0.636,0.201,0.339,0.196,0.008,-0.198,0.212,0.109,0.155,0.63,0.116,-0.045,0.062,-0.052,0.125,0.182,-0.285,0.465,0.213,0.338,0.0,-0.157,0.282,-0.035,0.422,0.103,-0.056,0.044,0.08,0.312,-0.43,0.524,0.296,-0.195,0.56,0.036,0.441,0.093,0.199,0.219,0.193,0.021,0.358,0.247,0.407,-0.219,0.163,0.245,0.129,-0.058,0.147,0.74,0.104,-0.093,0.231,0.042,0.28,0.065,0.054,-0.035,0.268,0.134,0.065,-0.451,0.244,0.551,0.141,0.07,0.333,0.143,-0.118,0.3,-0.085,-0.126,-0.208,0.278,-0.338,0.207,-0.382,0.006,0.129,0.047,0.157,0.011,0.308,-0.063,0.316,0.006,0.112
