,AAPL,ACRS,ADP,AFYA,AGNC,AGYS,ALT,AMGN,AMPH,AMZN,ANIP,AOSL,APDN,APLT,APVO,ARGX,ARLP,ATEX,ATRA,AUTL,AVDL,BCRX,BHAT,BLBD,BMRN,BNGO,BUSE,CAKE,CASY,CCOI,CEVA,CHY,CLDX,CLMT,COHU,COLM,COST,CPRT,CSWC,CSX,DBX,DCOM,DKNG,DMLP,DOX,EA,EDIT,ENPH,ENSG,ERNA,ESGR,ETNB,EXTR,FANG,FARO,FATE,FGEN,FIVE,FIVN,FLGT,FOLD,FORM,FOXA,FRPT,FSLR,FTAI,GBDC,GDYN,GGAL,GNLN,GRFS,GT,HCAT,HCM,HFWA,HOLX,HQY,HUBG,IAC,ICLR,IDCC,IEP,IHRT,ILMN,ILPT,IMAB,IMOS,INMD,INTZ,JAZZ,JKHY,JRVR,KIDS,LBRDK,LGND,LMAT,LPLA,LULU,MASI,MAT,MATW,MBIN,MBIO,MCRB,MDB,MDLZ,MELI,MIRM,MLKN,MNMD,MNRO,MPWR,MRCY,MRSN,MTVA,NAAS,NDAQ,NDSN,NEGG,NOVT,NVDA,NWE,NWSA,NXST,OCX,ODFL,OMAB,OPCH,OPRA,ORGO,OTRK,OZK,PAGP,PCH,PEGA,PENG,PENN,PFBC,PGNY,PHAT,PHUN,PINC,PLUG,PLXS,PYPL,QLYS,QNCX,QQQX,QVCGA,RAPT,RBBN,RCKT,REPL,RMBS,ROAD,ROKU,ROP,RUSHA,SANM,SATS,SBCF,SBLK,SBUX,SCHL,SCSC,SDGR,SEIC,SFIX,SGRY,SKYW,SLP,SNES,STAA,STLD,STOK,SWKS,TER,TFIN,TIGO,TILE,TPIC,TTEC,TTEK,TTGT,UXIN,VERU,VLYPP,VNOM,VRNS,VRSN,WDAY,WERN,WINA,WKHS,WRLD,XP,XTKG,YY,ZION,ZM
AAPL,0.0,-0.225,-0.314,-0.349,-0.272,0.379,0.423,-0.407,0.036,-0.26,-0.429,-0.354,0.564,0.529,0.393,-0.06,-0.631,-0.175,0.696,0.576,0.629,0.42,0.445,0.074,0.698,0.406,0.147,-0.043,-0.097,0.053,-0.383,0.509,0.616,0.619,0.38,-0.381,-0.211,-0.232,-0.422,-0.485,-0.258,-0.381,-0.487,0.383,-0.127,0.276,0.345,0.659,-0.413,-0.651,-0.143,0.249,-0.259,-0.417,-0.557,0.664,0.408,0.568,0.294,0.571,-0.282,0.24,0.405,-0.478,0.317,0.606,-0.345,0.28,0.361,0.516,0.345,-0.534,0.645,0.58,-0.171,0.526,-0.372,-0.258,0.38,0.523,0.801,-0.358,-0.476,-0.132,-0.098,-0.283,-0.282,-0.062,0.403,0.195,-0.394,-0.184,-0.797,-0.259,-0.31,-0.408,-0.366,0.313,0.013,0.323,-0.525,-0.268,0.617,0.291,-0.158,0.425,-0.076,-0.512,0.072,0.368,0.275,-0.45,-0.204,0.709,0.624,0.735,-0.349,-0.497,0.376,0.18,0.0,-0.487,-0.19,0.507,0.686,-0.624,-0.542,-0.567,0.434,-0.316,0.195,-0.555,-0.679,-0.373,-0.528,-0.407,-0.422,-0.05,-0.464,0.268,0.353,-0.323,0.422,-0.167,-0.248,-0.161,0.736,-0.304,0.266,0.609,-0.273,0.687,-0.121,-0.685,0.068,0.047,-0.157,-0.572,-0.596,-0.649,0.076,0.558,-0.122,0.433,-0.425,-0.136,-0.31,-0.352,0.223,-0.334,-0.388,0.458,0.112,-0.339,0.109,-0.298,0.018,0.024,-0.556,-0.228,0.602,0.532,-0.237,0.448,0.436,-0.638,-0.463,0.072,-0.044,0.189,0.069,-0.37,-0.176,0.425,-0.213,-0.102,0.392,-0.56,-0.529,0.417
ACRS,-0.225,0.0,-0.318,-0.341,-0.168,0.338,0.194,-0.392,-0.081,-0.163,-0.13,0.682,0.348,0.486,0.157,-0.535,-0.055,0.423,0.015,0.379,0.356,-0.372,0.399,0.513,-0.061,0.517,-0.183,-0.392,-0.367,0.105,0.61,0.48,0.024,0.165,0.549,-0.244,-0.412,0.015,0.421,0.113,-0.323,0.384,-0.338,0.398,-0.268,0.463,-0.11,0.26,-0.262,0.198,-0.279,-0.463,0.517,0.388,0.045,0.261,0.165,-0.101,-0.049,0.218,-0.126,0.584,-0.511,-0.22,0.405,-0.026,-0.059,0.024,0.323,0.448,0.497,0.232,0.14,0.232,-0.183,-0.12,-0.417,0.248,0.198,0.143,0.029,-0.258,0.086,0.36,-0.373,-0.003,-0.122,0.12,0.499,-0.401,-0.085,0.235,0.319,0.017,-0.165,-0.186,-0.119,-0.689,-0.13,-0.58,0.182,-0.257,0.069,0.025,-0.31,0.249,-0.141,-0.15,-0.099,0.079,0.539,0.425,0.696,0.199,0.19,0.104,-0.125,-0.006,0.185,0.61,0.695,0.1,-0.308,0.145,0.248,0.141,-0.134,-0.27,0.414,-0.237,0.456,-0.039,-0.207,-0.182,-0.144,0.436,-0.088,-0.167,-0.376,0.604,0.386,-0.234,0.272,0.553,0.306,-0.109,0.091,0.317,0.088,0.342,0.602,0.236,-0.22,0.241,0.638,-0.296,-0.338,-0.002,0.027,-0.043,-0.29,-0.381,-0.443,0.334,0.358,-0.293,-0.001,0.223,-0.609,-0.269,-0.23,0.412,-0.16,-0.312,0.088,0.433,0.518,0.589,0.001,0.184,0.117,0.476,0.513,0.442,0.45,0.625,-0.1,0.578,-0.084,-0.583,-0.449,0.271,0.354,0.455,-0.39,-0.417,0.134,-0.121,0.104,-0.491
ADP,-0.314,-0.318,0.0,0.836,0.919,-0.765,-0.339,0.92,-0.238,0.805,0.849,-0.01,-0.721,-0.711,-0.722,0.191,0.616,0.035,-0.771,-0.694,-0.581,-0.038,-0.693,-0.68,-0.671,-0.834,0.748,0.805,0.818,0.419,-0.042,-0.674,-0.308,-0.78,-0.758,0.723,0.861,0.794,0.525,0.659,0.892,0.301,0.792,-0.852,0.894,-0.696,0.044,-0.739,0.932,0.236,0.562,0.57,-0.491,-0.36,0.788,-0.578,-0.816,-0.664,0.35,-0.771,0.722,-0.753,0.581,0.884,-0.74,-0.787,0.846,0.391,-0.681,-0.675,-0.731,0.322,-0.785,-0.785,0.834,-0.202,0.865,0.377,0.112,-0.782,-0.425,0.741,0.677,-0.539,0.835,-0.085,0.616,0.499,-0.632,0.551,0.654,0.326,0.248,0.41,0.842,0.736,0.837,0.406,0.727,0.269,-0.011,0.934,-0.817,-0.233,0.824,-0.025,0.846,0.854,0.398,-0.082,-0.778,0.233,-0.487,-0.599,-0.732,-0.721,0.835,0.819,-0.43,-0.171,-0.661,0.772,0.794,-0.192,-0.647,0.597,0.685,0.809,-0.084,0.853,-0.627,0.831,0.769,0.926,0.856,-0.011,0.665,0.849,0.875,-0.739,-0.808,0.873,-0.847,-0.581,0.495,0.595,-0.726,0.431,-0.145,-0.639,-0.019,-0.623,0.639,0.601,-0.61,0.428,0.912,0.791,0.68,0.816,0.813,0.078,0.895,-0.22,-0.213,0.687,0.846,0.09,0.727,0.761,0.813,-0.767,0.359,0.78,0.463,-0.336,-0.762,-0.536,0.727,0.64,-0.179,-0.648,-0.546,-0.723,-0.335,-0.207,0.803,-0.709,0.38,0.663,0.711,0.419,0.387,-0.857,0.905,0.858,-0.818,0.808,0.657,0.604
AFYA,-0.349,-0.341,0.836,0.0,0.831,-0.827,-0.208,0.863,0.061,0.791,0.921,-0.127,-0.662,-0.7,-0.621,0.128,0.672,0.082,-0.776,-0.601,-0.62,0.036,-0.643,-0.641,-0.699,-0.855,0.654,0.676,0.833,0.458,-0.065,-0.775,-0.316,-0.846,-0.795,0.868,0.722,0.769,0.514,0.664,0.913,0.264,0.786,-0.85,0.817,-0.822,0.18,-0.726,0.922,0.383,0.51,0.593,-0.434,-0.25,0.777,-0.564,-0.822,-0.537,0.361,-0.704,0.8,-0.831,0.477,0.908,-0.84,-0.828,0.869,0.301,-0.756,-0.614,-0.6,0.475,-0.754,-0.797,0.847,-0.121,0.794,0.506,0.189,-0.732,-0.448,0.815,0.785,-0.441,0.888,0.061,0.741,0.608,-0.617,0.651,0.771,0.545,0.361,0.626,0.87,0.765,0.791,0.437,0.653,0.368,-0.014,0.866,-0.805,-0.142,0.816,-0.026,0.764,0.877,0.687,-0.049,-0.575,0.245,-0.535,-0.612,-0.656,-0.77,0.819,0.868,-0.352,-0.262,-0.609,0.807,0.854,-0.037,-0.713,0.709,0.78,0.835,-0.134,0.89,-0.519,0.862,0.771,0.794,0.866,-0.147,0.636,0.686,0.895,-0.591,-0.84,0.928,-0.858,-0.592,0.447,0.782,-0.693,0.457,-0.013,-0.642,-0.139,-0.589,0.698,0.529,-0.689,0.428,0.773,0.796,0.628,0.826,0.755,0.045,0.765,-0.061,0.047,0.738,0.767,0.046,0.636,0.624,0.872,-0.689,0.525,0.671,0.425,-0.244,-0.724,-0.614,0.79,0.7,-0.069,-0.59,-0.491,-0.608,-0.451,-0.149,0.831,-0.794,0.248,0.554,0.772,0.619,0.431,-0.845,0.898,0.864,-0.719,0.91,0.717,0.53
AGNC,-0.272,-0.168,0.919,0.831,0.0,-0.837,-0.176,0.877,-0.295,0.914,0.899,0.149,-0.603,-0.593,-0.607,0.033,0.66,0.196,-0.764,-0.559,-0.469,0.017,-0.621,-0.688,-0.644,-0.801,0.845,0.875,0.882,0.607,0.045,-0.61,-0.161,-0.793,-0.643,0.825,0.865,0.921,0.65,0.693,0.934,0.331,0.779,-0.867,0.949,-0.743,0.253,-0.665,0.928,0.269,0.604,0.659,-0.53,-0.432,0.838,-0.428,-0.813,-0.609,0.563,-0.714,0.84,-0.674,0.62,0.9,-0.776,-0.844,0.926,0.581,-0.612,-0.594,-0.598,0.334,-0.721,-0.726,0.895,-0.012,0.853,0.417,0.222,-0.704,-0.303,0.808,0.802,-0.545,0.887,-0.049,0.781,0.7,-0.577,0.541,0.626,0.499,0.256,0.51,0.924,0.681,0.949,0.438,0.818,0.292,-0.145,0.968,-0.823,-0.014,0.902,0.066,0.919,0.887,0.542,0.093,-0.693,0.457,-0.462,-0.503,-0.601,-0.68,0.923,0.894,-0.212,0.015,-0.52,0.796,0.833,0.004,-0.597,0.638,0.718,0.763,0.12,0.926,-0.586,0.904,0.729,0.935,0.897,0.085,0.608,0.896,0.841,-0.598,-0.85,0.907,-0.863,-0.631,0.576,0.695,-0.698,0.626,0.069,-0.504,0.14,-0.481,0.782,0.685,-0.601,0.582,0.935,0.798,0.666,0.875,0.855,0.045,0.905,-0.094,-0.209,0.824,0.951,0.027,0.707,0.811,0.903,-0.626,0.51,0.721,0.638,-0.305,-0.758,-0.565,0.769,0.802,0.013,-0.547,-0.609,-0.588,-0.264,-0.128,0.825,-0.745,0.313,0.617,0.759,0.547,0.516,-0.82,0.918,0.9,-0.77,0.86,0.715,0.653
AGYS,0.379,0.338,-0.765,-0.827,-0.837,0.0,0.162,-0.859,0.138,-0.883,-0.793,0.066,0.64,0.666,0.504,-0.074,-0.677,-0.097,0.653,0.564,0.556,-0.236,0.621,0.817,0.528,0.878,-0.599,-0.822,-0.881,-0.545,0.205,0.831,0.14,0.776,0.741,-0.913,-0.822,-0.747,-0.363,-0.57,-0.874,-0.002,-0.804,0.948,-0.796,0.909,-0.332,0.678,-0.831,-0.373,-0.484,-0.693,0.58,0.456,-0.652,0.451,0.82,0.439,-0.527,0.689,-0.822,0.797,-0.56,-0.815,0.945,0.754,-0.808,-0.431,0.695,0.711,0.629,-0.162,0.629,0.712,-0.72,-0.084,-0.873,-0.179,0.054,0.59,0.333,-0.812,-0.71,0.478,-0.847,-0.019,-0.864,-0.564,0.695,-0.485,-0.642,-0.459,-0.241,-0.588,-0.826,-0.502,-0.86,-0.598,-0.546,-0.395,0.229,-0.836,0.725,-0.204,-0.847,0.149,-0.656,-0.82,-0.553,-0.043,0.682,-0.461,0.643,0.546,0.592,0.672,-0.863,-0.784,0.085,0.278,0.546,-0.57,-0.806,0.024,0.716,-0.555,-0.677,-0.75,0.149,-0.866,0.59,-0.834,-0.711,-0.76,-0.842,0.022,-0.487,-0.611,-0.847,0.644,0.952,-0.798,0.914,0.755,-0.243,-0.715,0.699,-0.485,-0.168,0.551,0.056,0.479,-0.865,-0.557,0.812,-0.643,-0.822,-0.631,-0.509,-0.83,-0.641,-0.006,-0.84,0.305,0.161,-0.912,-0.741,0.191,-0.677,-0.768,-0.922,0.608,-0.622,-0.557,-0.549,0.404,0.785,0.81,-0.654,-0.573,0.018,0.646,0.677,0.587,0.611,0.08,-0.739,0.892,-0.111,-0.469,-0.77,-0.443,-0.232,0.901,-0.842,-0.857,0.65,-0.837,-0.544,-0.558
ALT,0.423,0.194,-0.339,-0.208,-0.176,0.162,0.0,-0.441,-0.061,-0.004,-0.154,0.252,0.621,0.579,0.628,-0.49,-0.336,0.478,0.388,0.628,0.655,0.574,0.514,0.134,0.529,0.386,0.014,-0.178,-0.129,0.245,0.065,0.422,0.833,0.294,0.598,-0.081,-0.284,0.018,-0.081,-0.099,-0.213,-0.081,-0.443,0.294,-0.158,0.139,0.72,0.566,-0.313,-0.254,0.046,0.108,0.135,-0.191,-0.306,0.768,0.364,0.441,0.377,0.668,0.102,0.383,-0.039,-0.31,0.24,0.235,-0.215,0.241,0.299,0.555,0.689,-0.219,0.614,0.516,-0.186,0.641,-0.435,-0.111,0.412,0.627,0.579,-0.013,0.076,0.133,-0.147,0.022,0.16,0.216,0.293,-0.222,-0.141,0.41,-0.164,0.163,-0.015,-0.358,-0.127,-0.012,-0.027,0.127,-0.365,-0.202,0.435,0.551,-0.053,0.506,-0.163,-0.349,0.291,0.702,0.497,0.257,0.047,0.712,0.624,0.598,-0.094,-0.192,0.638,0.474,0.509,-0.175,-0.057,0.771,0.401,-0.242,-0.286,-0.562,0.431,-0.06,0.502,-0.18,-0.458,-0.399,-0.218,-0.062,-0.539,-0.152,-0.482,0.585,0.187,-0.229,0.197,0.006,0.085,0.117,0.514,0.34,0.782,0.725,0.093,0.707,0.149,-0.211,0.211,0.326,-0.293,-0.398,-0.499,-0.246,-0.134,-0.117,-0.241,0.505,0.134,0.08,-0.105,-0.221,-0.135,-0.313,-0.214,0.632,0.445,-0.513,0.174,0.156,0.251,0.082,-0.244,0.02,0.623,0.556,-0.069,0.656,0.335,0.106,-0.241,0.044,-0.534,-0.207,0.111,0.063,0.173,0.419,-0.222,-0.238,0.43,-0.21,-0.252,0.025
AMGN,-0.407,-0.392,0.92,0.863,0.877,-0.859,-0.441,0.0,-0.121,0.797,0.844,-0.133,-0.811,-0.828,-0.735,0.327,0.722,-0.066,-0.777,-0.774,-0.718,-0.012,-0.792,-0.75,-0.691,-0.944,0.654,0.812,0.851,0.354,-0.119,-0.824,-0.397,-0.826,-0.883,0.824,0.877,0.742,0.412,0.616,0.903,0.19,0.897,-0.939,0.86,-0.818,0.022,-0.81,0.931,0.363,0.547,0.577,-0.558,-0.307,0.776,-0.703,-0.838,-0.613,0.296,-0.85,0.732,-0.84,0.567,0.921,-0.851,-0.787,0.829,0.323,-0.748,-0.81,-0.81,0.337,-0.838,-0.85,0.815,-0.218,0.935,0.331,-0.038,-0.806,-0.531,0.783,0.662,-0.46,0.85,0.009,0.665,0.457,-0.763,0.608,0.682,0.263,0.318,0.433,0.808,0.719,0.835,0.525,0.613,0.342,0.033,0.894,-0.857,-0.177,0.808,-0.216,0.764,0.917,0.426,-0.186,-0.831,0.249,-0.563,-0.739,-0.788,-0.814,0.835,0.827,-0.398,-0.359,-0.726,0.696,0.807,-0.285,-0.755,0.638,0.758,0.913,-0.252,0.864,-0.731,0.849,0.835,0.919,0.865,-0.028,0.686,0.744,0.964,-0.817,-0.867,0.884,-0.874,-0.64,0.369,0.584,-0.796,0.344,-0.17,-0.771,-0.072,-0.705,0.662,0.602,-0.749,0.469,0.902,0.811,0.713,0.852,0.74,0.074,0.891,-0.347,-0.205,0.735,0.784,0.084,0.709,0.807,0.886,-0.845,0.358,0.82,0.4,-0.334,-0.802,-0.679,0.738,0.585,-0.268,-0.789,-0.569,-0.803,-0.53,-0.175,0.798,-0.784,0.354,0.651,0.68,0.406,0.321,-0.951,0.898,0.896,-0.8,0.846,0.658,0.551
AMPH,0.036,-0.081,-0.238,0.061,-0.295,0.138,-0.061,-0.121,0.0,-0.25,-0.098,-0.401,-0.089,-0.048,-0.023,0.215,0.048,-0.166,0.114,-0.023,-0.162,0.011,-0.047,0.272,0.069,0.05,-0.257,-0.269,-0.047,-0.252,-0.083,-0.187,-0.143,-0.009,-0.142,0.096,-0.33,-0.19,-0.219,-0.013,-0.076,0.016,0.099,0.115,-0.259,-0.008,-0.188,0.019,-0.086,0.343,-0.121,-0.195,0.281,0.404,-0.106,-0.179,0.012,0.233,-0.187,0.059,-0.135,-0.088,-0.246,-0.042,-0.016,0.164,-0.105,-0.447,0.043,0.09,0.066,0.264,0.037,0.101,-0.052,-0.152,-0.062,0.247,-0.071,0.002,-0.109,-0.19,-0.127,0.36,0.002,0.224,-0.04,-0.107,0.013,0.262,0.138,-0.019,0.054,0.14,-0.129,0.201,-0.29,0.027,-0.145,0.331,0.334,-0.191,0.062,-0.167,-0.165,-0.234,-0.265,-0.072,0.306,-0.294,0.266,-0.274,0.032,-0.155,0.026,-0.064,-0.258,-0.087,-0.124,-0.109,0.015,-0.062,0.031,0.008,-0.105,0.08,0.106,0.081,-0.135,-0.166,0.315,-0.119,0.034,-0.272,-0.163,-0.302,0.149,-0.274,0.024,0.134,0.134,-0.014,0.122,0.223,-0.228,0.102,0.0,-0.334,-0.191,-0.185,-0.177,-0.117,-0.168,-0.229,-0.027,-0.164,-0.327,-0.001,0.022,-0.168,-0.117,0.132,-0.239,0.079,0.473,-0.15,-0.341,0.143,-0.176,-0.206,-0.12,0.051,-0.072,-0.073,-0.398,0.252,0.153,0.064,-0.011,-0.04,-0.136,0.024,0.344,0.055,-0.202,0.007,-0.175,0.042,0.068,-0.154,-0.081,0.175,0.048,0.066,-0.126,-0.154,0.174,0.007,0.085,-0.188
AMZN,-0.26,-0.163,0.805,0.791,0.914,-0.883,-0.004,0.797,-0.25,0.0,0.846,0.173,-0.502,-0.514,-0.464,-0.075,0.625,0.274,-0.672,-0.458,-0.384,0.196,-0.549,-0.661,-0.544,-0.77,0.763,0.838,0.885,0.683,0.059,-0.627,-0.025,-0.775,-0.559,0.874,0.806,0.884,0.573,0.668,0.928,0.237,0.732,-0.861,0.874,-0.793,0.445,-0.58,0.826,0.327,0.554,0.645,-0.469,-0.469,0.736,-0.299,-0.757,-0.509,0.672,-0.607,0.855,-0.631,0.59,0.831,-0.815,-0.811,0.873,0.553,-0.588,-0.55,-0.456,0.234,-0.586,-0.636,0.835,0.1,0.782,0.352,0.229,-0.585,-0.208,0.822,0.829,-0.488,0.837,-0.009,0.881,0.749,-0.574,0.469,0.592,0.591,0.27,0.632,0.906,0.566,0.927,0.483,0.73,0.329,-0.263,0.91,-0.751,0.19,0.947,-0.004,0.813,0.844,0.636,0.243,-0.577,0.577,-0.503,-0.412,-0.458,-0.607,0.888,0.865,-0.029,0.03,-0.352,0.687,0.844,0.164,-0.597,0.631,0.672,0.674,0.15,0.908,-0.478,0.884,0.652,0.814,0.885,0.069,0.521,0.773,0.77,-0.489,-0.863,0.846,-0.845,-0.667,0.521,0.794,-0.618,0.731,0.287,-0.382,0.124,-0.364,0.883,0.67,-0.611,0.698,0.838,0.681,0.555,0.843,0.795,-0.069,0.828,-0.071,-0.086,0.92,0.866,-0.052,0.689,0.752,0.91,-0.489,0.645,0.585,0.643,-0.306,-0.679,-0.618,0.736,0.768,0.123,-0.48,-0.611,-0.478,-0.382,-0.014,0.78,-0.779,0.196,0.522,0.827,0.593,0.448,-0.776,0.886,0.834,-0.681,0.825,0.645,0.667
ANIP,-0.429,-0.13,0.849,0.921,0.899,-0.793,-0.154,0.844,-0.098,0.846,0.0,0.117,-0.62,-0.654,-0.628,0.01,0.734,0.245,-0.879,-0.592,-0.588,-0.081,-0.635,-0.539,-0.782,-0.809,0.701,0.656,0.789,0.479,0.161,-0.679,-0.303,-0.89,-0.68,0.855,0.725,0.842,0.689,0.795,0.912,0.428,0.773,-0.833,0.831,-0.755,0.203,-0.749,0.93,0.404,0.576,0.516,-0.338,-0.166,0.89,-0.528,-0.801,-0.639,0.371,-0.712,0.839,-0.702,0.383,0.941,-0.755,-0.918,0.899,0.334,-0.687,-0.574,-0.515,0.585,-0.794,-0.802,0.868,-0.144,0.756,0.597,0.267,-0.748,-0.486,0.865,0.903,-0.434,0.84,0.099,0.771,0.699,-0.55,0.528,0.747,0.631,0.513,0.647,0.923,0.799,0.879,0.275,0.73,0.253,0.043,0.908,-0.869,-0.148,0.838,0.016,0.827,0.929,0.653,0.011,-0.545,0.416,-0.411,-0.617,-0.643,-0.796,0.867,0.955,-0.307,-0.09,-0.461,0.901,0.814,-0.031,-0.699,0.81,0.801,0.826,-0.035,0.944,-0.493,0.945,0.809,0.858,0.937,0.052,0.661,0.756,0.864,-0.485,-0.805,0.948,-0.844,-0.49,0.625,0.777,-0.731,0.643,0.037,-0.591,0.077,-0.589,0.698,0.702,-0.547,0.448,0.772,0.877,0.706,0.92,0.75,-0.108,0.752,-0.026,0.123,0.721,0.861,0.16,0.535,0.673,0.878,-0.646,0.482,0.687,0.481,-0.107,-0.623,-0.485,0.882,0.815,-0.075,-0.555,-0.392,-0.584,-0.33,0.025,0.89,-0.692,0.22,0.476,0.725,0.728,0.581,-0.794,0.885,0.817,-0.72,0.935,0.81,0.458
AOSL,-0.354,0.682,-0.01,-0.127,0.149,0.066,0.252,-0.133,-0.401,0.173,0.117,0.0,0.146,0.251,0.185,-0.434,0.109,0.611,-0.24,0.103,0.207,-0.249,0.132,0.318,-0.209,0.23,0.066,-0.052,-0.137,0.224,0.76,0.315,0.102,-0.136,0.447,-0.03,-0.072,0.288,0.551,0.353,-0.042,0.58,-0.088,0.135,0.048,0.273,0.096,0.026,0.012,0.204,0.155,-0.271,0.407,0.226,0.287,0.171,0.094,-0.261,0.11,0.069,0.136,0.486,-0.332,0.072,0.25,-0.295,0.115,0.182,0.246,0.189,0.376,0.267,-0.061,0.104,0.04,-0.054,-0.136,0.223,0.205,-0.005,-0.083,0.02,0.392,0.254,-0.186,0.094,0.142,0.301,0.113,-0.449,-0.104,0.327,0.453,0.04,0.169,0.056,0.228,-0.508,0.197,-0.481,0.153,0.055,-0.19,0.084,0.023,0.178,0.093,0.1,-0.072,0.29,0.191,0.687,0.567,0.094,0.126,-0.043,0.151,0.246,0.128,0.685,0.621,0.288,-0.038,0.186,-0.012,0.291,0.131,-0.095,0.431,0.081,0.282,0.26,0.074,0.117,0.154,0.63,0.025,0.155,-0.168,0.379,0.116,-0.009,0.048,0.418,0.591,-0.021,-0.119,0.64,0.264,0.23,0.708,0.077,0.008,0.576,0.553,0.056,-0.055,0.208,0.25,0.267,-0.043,-0.612,-0.128,0.2,0.286,-0.004,0.321,0.36,-0.379,0.064,0.036,0.218,-0.076,-0.018,0.143,0.505,0.364,0.48,0.257,0.371,0.038,0.197,0.286,0.208,0.319,0.627,0.124,0.359,-0.05,-0.229,-0.215,0.327,0.451,0.228,-0.09,-0.209,-0.053,0.129,0.34,-0.31
APDN,0.564,0.348,-0.721,-0.662,-0.603,0.64,0.621,-0.811,-0.089,-0.502,-0.62,0.146,0.0,0.908,0.762,-0.453,-0.698,0.177,0.728,0.927,0.869,0.166,0.862,0.482,0.668,0.822,-0.271,-0.532,-0.547,0.059,0.078,0.846,0.617,0.742,0.859,-0.615,-0.691,-0.484,-0.238,-0.519,-0.659,-0.219,-0.874,0.746,-0.541,0.594,0.344,0.899,-0.762,-0.447,-0.446,-0.193,0.281,-0.055,-0.645,0.872,0.687,0.595,0.088,0.825,-0.426,0.728,-0.207,-0.772,0.671,0.636,-0.547,0.117,0.547,0.868,0.85,-0.41,0.843,0.765,-0.518,0.476,-0.823,-0.232,0.372,0.761,0.741,-0.525,-0.416,0.21,-0.56,-0.218,-0.421,-0.056,0.758,-0.351,-0.536,0.042,-0.417,-0.199,-0.581,-0.751,-0.609,-0.294,-0.404,-0.266,-0.408,-0.646,0.751,0.378,-0.532,0.511,-0.466,-0.718,-0.114,0.52,0.785,-0.116,0.361,0.882,0.848,0.822,-0.595,-0.615,0.659,0.447,0.625,-0.545,-0.538,0.604,0.801,-0.552,-0.71,-0.863,0.463,-0.614,0.579,-0.659,-0.88,-0.691,-0.682,-0.094,-0.625,-0.484,-0.844,0.803,0.681,-0.636,0.695,0.291,-0.176,-0.289,0.83,-0.1,0.468,0.914,0.059,0.909,-0.325,-0.563,0.546,-0.244,-0.632,-0.718,-0.732,-0.706,-0.448,0.028,-0.652,0.616,0.028,-0.428,-0.498,-0.25,-0.446,-0.744,-0.614,0.878,0.041,-0.721,0.025,0.101,0.56,0.448,-0.627,-0.325,0.624,0.885,0.223,0.865,0.62,0.016,-0.562,0.522,-0.331,-0.448,-0.37,-0.243,-0.11,0.824,-0.654,-0.59,0.614,-0.7,-0.586,-0.182
APLT,0.529,0.486,-0.711,-0.7,-0.593,0.666,0.579,-0.828,-0.048,-0.514,-0.654,0.251,0.908,0.0,0.678,-0.583,-0.729,0.269,0.748,0.941,0.914,0.149,0.889,0.521,0.688,0.894,-0.259,-0.517,-0.532,0.084,0.066,0.87,0.634,0.793,0.892,-0.648,-0.681,-0.433,-0.188,-0.484,-0.681,-0.187,-0.865,0.779,-0.527,0.684,0.212,0.894,-0.746,-0.412,-0.501,-0.223,0.274,-0.055,-0.657,0.884,0.61,0.559,0.142,0.841,-0.455,0.755,-0.231,-0.793,0.677,0.623,-0.519,0.141,0.58,0.906,0.821,-0.442,0.862,0.835,-0.527,0.451,-0.816,-0.237,0.365,0.733,0.772,-0.636,-0.437,0.279,-0.555,-0.279,-0.448,-0.094,0.823,-0.429,-0.482,0.041,-0.444,-0.259,-0.568,-0.742,-0.623,-0.378,-0.352,-0.338,-0.384,-0.648,0.747,0.359,-0.56,0.581,-0.463,-0.737,-0.135,0.441,0.824,-0.093,0.456,0.894,0.805,0.83,-0.578,-0.612,0.542,0.555,0.653,-0.505,-0.534,0.566,0.829,-0.56,-0.759,-0.885,0.562,-0.649,0.64,-0.653,-0.897,-0.678,-0.732,-0.083,-0.616,-0.459,-0.869,0.813,0.697,-0.653,0.67,0.365,-0.172,-0.29,0.809,-0.125,0.416,0.94,0.135,0.893,-0.327,-0.556,0.633,-0.324,-0.618,-0.717,-0.712,-0.717,-0.436,0.034,-0.651,0.615,0.007,-0.45,-0.48,-0.284,-0.47,-0.752,-0.652,0.901,0.012,-0.775,0.082,0.084,0.545,0.52,-0.654,-0.282,0.635,0.962,0.266,0.904,0.651,0.036,-0.595,0.595,-0.269,-0.495,-0.434,-0.251,-0.077,0.861,-0.696,-0.626,0.614,-0.698,-0.571,-0.24
APVO,0.393,0.157,-0.722,-0.621,-0.607,0.504,0.628,-0.735,-0.023,-0.464,-0.628,0.185,0.762,0.678,0.0,-0.192,-0.616,0.146,0.681,0.705,0.686,0.352,0.657,0.395,0.674,0.636,-0.39,-0.447,-0.528,-0.105,0.095,0.633,0.637,0.579,0.777,-0.489,-0.589,-0.47,-0.377,-0.484,-0.628,-0.251,-0.684,0.635,-0.547,0.473,0.432,0.778,-0.725,-0.304,-0.172,-0.232,0.34,-0.012,-0.625,0.75,0.781,0.692,-0.037,0.793,-0.379,0.685,-0.252,-0.682,0.592,0.624,-0.62,-0.031,0.592,0.64,0.797,-0.404,0.762,0.748,-0.573,0.514,-0.692,-0.328,0.142,0.798,0.539,-0.418,-0.39,0.384,-0.581,0.059,-0.31,-0.178,0.368,-0.394,-0.55,-0.059,-0.285,-0.204,-0.511,-0.647,-0.541,-0.126,-0.492,-0.108,-0.287,-0.658,0.687,0.429,-0.493,0.245,-0.609,-0.694,-0.167,0.548,0.624,-0.005,0.329,0.755,0.847,0.749,-0.549,-0.605,0.697,0.33,0.599,-0.601,-0.424,0.548,0.568,-0.495,-0.508,-0.774,0.184,-0.543,0.513,-0.592,-0.704,-0.707,-0.609,0.052,-0.644,-0.539,-0.776,0.644,0.558,-0.666,0.666,0.296,-0.208,-0.37,0.701,-0.085,0.574,0.749,0.029,0.761,-0.329,-0.442,0.436,-0.028,-0.641,-0.683,-0.662,-0.619,-0.521,-0.167,-0.611,0.362,0.096,-0.338,-0.515,-0.132,-0.466,-0.533,-0.557,0.767,0.008,-0.644,-0.251,0.317,0.59,0.306,-0.548,-0.434,0.415,0.57,0.187,0.737,0.33,0.115,-0.639,0.391,-0.391,-0.331,-0.369,-0.311,-0.232,0.708,-0.628,-0.619,0.674,-0.624,-0.509,-0.318
ARGX,-0.06,-0.535,0.191,0.128,0.033,-0.074,-0.49,0.327,0.215,-0.075,0.01,-0.434,-0.453,-0.583,-0.192,0.0,0.223,-0.605,-0.131,-0.57,-0.534,-0.088,-0.604,-0.155,-0.15,-0.413,-0.041,0.188,0.089,-0.476,-0.101,-0.348,-0.391,-0.195,-0.474,0.104,0.229,-0.094,-0.309,-0.133,0.123,-0.019,0.42,-0.204,0.082,-0.173,-0.313,-0.329,0.166,0.106,0.293,-0.059,-0.079,0.157,0.12,-0.566,0.036,-0.034,-0.378,-0.381,-0.091,-0.271,0.14,0.238,-0.096,0.012,-0.063,-0.259,-0.033,-0.483,-0.455,0.145,-0.38,-0.292,0.083,-0.394,0.351,-0.036,-0.365,-0.275,-0.439,0.064,-0.15,0.047,0.089,0.346,-0.101,-0.32,-0.547,0.379,-0.091,-0.569,0.057,-0.232,-0.019,0.335,0.053,0.361,-0.006,0.36,0.39,0.115,-0.22,-0.402,0.025,-0.615,0.035,0.192,-0.225,-0.389,-0.555,-0.292,-0.203,-0.479,-0.293,-0.285,-0.057,0.0,-0.281,-0.5,-0.444,-0.111,0.115,-0.452,-0.309,0.038,0.355,0.408,-0.48,0.069,-0.356,-0.004,0.356,0.207,0.082,-0.009,0.324,0.111,0.352,-0.532,-0.068,0.088,0.01,-0.033,-0.101,-0.294,-0.275,-0.358,-0.458,-0.59,-0.158,-0.479,-0.205,0.069,-0.28,0.11,0.159,0.237,0.367,0.058,0.072,0.205,0.243,-0.406,-0.165,-0.047,-0.059,0.429,0.186,0.357,0.071,-0.516,-0.399,0.568,-0.461,0.076,-0.149,-0.218,0.117,-0.172,-0.619,-0.64,-0.079,-0.563,-0.315,-0.205,-0.004,-0.17,0.276,0.459,-0.047,-0.237,-0.154,-0.329,0.158,0.176,-0.172,0.083,0.145,0.08
ARLP,-0.631,-0.055,0.616,0.672,0.66,-0.677,-0.336,0.722,0.048,0.625,0.734,0.109,-0.698,-0.729,-0.616,0.223,0.0,0.032,-0.807,-0.677,-0.741,-0.239,-0.718,-0.399,-0.741,-0.731,0.343,0.472,0.561,0.251,0.249,-0.684,-0.519,-0.802,-0.649,0.768,0.531,0.61,0.455,0.614,0.671,0.388,0.813,-0.697,0.516,-0.685,-0.075,-0.814,0.728,0.639,0.402,0.14,-0.133,0.159,0.81,-0.718,-0.687,-0.615,0.088,-0.794,0.568,-0.528,0.08,0.793,-0.646,-0.763,0.656,0.096,-0.413,-0.649,-0.569,0.653,-0.798,-0.784,0.581,-0.439,0.746,0.431,-0.187,-0.721,-0.666,0.67,0.671,-0.263,0.584,0.24,0.67,0.45,-0.563,0.326,0.455,0.266,0.628,0.41,0.657,0.661,0.749,0.155,0.468,0.171,0.332,0.691,-0.794,-0.154,0.564,-0.407,0.582,0.812,0.321,-0.295,-0.572,0.539,-0.258,-0.803,-0.72,-0.804,0.695,0.742,-0.295,-0.139,-0.246,0.648,0.555,-0.327,-0.787,0.672,0.807,0.816,-0.123,0.712,-0.403,0.788,0.875,0.683,0.794,0.348,0.66,0.519,0.795,-0.444,-0.656,0.694,-0.699,-0.262,0.358,0.448,-0.842,0.502,-0.236,-0.744,0.361,-0.712,0.49,0.79,-0.473,0.383,0.575,0.813,0.836,0.847,0.392,-0.084,0.607,-0.326,0.188,0.57,0.649,0.342,0.275,0.678,0.745,-0.644,0.159,0.658,0.231,0.065,-0.437,-0.4,0.754,0.615,-0.438,-0.667,-0.184,-0.644,-0.458,0.383,0.73,-0.481,0.145,0.182,0.365,0.54,0.481,-0.75,0.633,0.604,-0.622,0.821,0.736,0.155
ATEX,-0.175,0.423,0.035,0.082,0.196,-0.097,0.478,-0.066,-0.166,0.274,0.245,0.611,0.177,0.269,0.146,-0.605,0.032,0.0,-0.157,0.215,0.224,0.205,0.227,0.053,-0.022,0.103,0.177,0.031,0.067,0.366,0.343,0.121,0.371,-0.133,0.278,0.158,0.06,0.299,0.417,0.306,0.093,0.267,-0.082,-0.005,0.114,0.033,0.28,0.075,0.129,0.009,0.125,0.086,0.135,-0.072,0.159,0.301,-0.062,-0.026,0.381,0.198,0.315,0.126,-0.161,0.085,-0.009,-0.286,0.223,0.195,-0.083,0.177,0.317,0.092,0.103,0.144,0.112,0.271,-0.064,0.122,0.311,0.109,0.141,0.178,0.446,0.047,0.068,0.022,0.283,0.384,0.127,-0.278,0.2,0.532,0.253,0.292,0.29,0.05,0.218,-0.237,0.253,-0.114,-0.138,0.146,-0.064,0.174,0.214,0.375,0.113,0.108,0.311,0.524,0.242,0.46,0.205,0.21,0.17,0.013,0.207,0.249,0.217,0.493,0.343,0.337,0.072,0.357,0.015,0.199,0.027,-0.131,0.393,0.198,0.266,0.32,0.007,0.06,0.189,0.173,-0.105,0.129,-0.077,0.284,-0.13,0.163,-0.183,0.082,0.404,0.336,-0.061,0.512,0.457,0.319,0.266,0.178,0.294,0.277,0.193,0.183,-0.006,0.062,-0.035,0.263,0.092,-0.325,-0.018,0.261,0.28,0.159,0.259,-0.078,-0.103,-0.02,0.105,0.251,0.359,-0.169,0.268,0.252,0.067,0.147,0.16,0.341,0.299,0.27,0.057,0.245,0.126,0.338,0.167,0.007,-0.183,-0.194,0.14,0.326,0.404,0.104,0.062,-0.061,0.057,0.241,0.184,-0.067
ATRA,0.696,0.015,-0.771,-0.776,-0.764,0.653,0.388,-0.777,0.114,-0.672,-0.879,-0.24,0.728,0.748,0.681,-0.131,-0.807,-0.157,0.0,0.753,0.726,0.373,0.69,0.366,0.928,0.748,-0.435,-0.467,-0.546,-0.23,-0.365,0.662,0.579,0.927,0.654,-0.708,-0.59,-0.698,-0.707,-0.786,-0.752,-0.572,-0.767,0.727,-0.646,0.591,0.108,0.873,-0.848,-0.562,-0.486,-0.172,0.067,-0.131,-0.926,0.743,0.732,0.817,-0.037,0.835,-0.652,0.562,-0.079,-0.895,0.605,0.913,-0.77,-0.073,0.579,0.638,0.572,-0.713,0.924,0.863,-0.701,0.478,-0.708,-0.604,0.015,0.835,0.766,-0.717,-0.813,0.312,-0.6,-0.183,-0.603,-0.471,0.573,-0.308,-0.627,-0.417,-0.707,-0.496,-0.78,-0.823,-0.795,0.019,-0.552,0.03,-0.376,-0.77,0.93,0.375,-0.638,0.232,-0.657,-0.884,-0.324,0.23,0.559,-0.449,0.136,0.792,0.777,0.909,-0.757,-0.887,0.504,0.096,0.334,-0.871,-0.632,0.329,0.777,-0.851,-0.855,-0.859,0.207,-0.782,0.426,-0.891,-0.914,-0.8,-0.901,-0.282,-0.693,-0.624,-0.821,0.494,0.668,-0.799,0.747,0.197,-0.621,-0.526,0.864,-0.584,0.243,0.756,-0.224,0.781,-0.441,-0.84,0.357,-0.235,-0.633,-0.922,-0.846,-0.924,-0.526,0.304,-0.589,0.226,-0.257,-0.501,-0.765,-0.393,-0.276,-0.672,-0.749,0.723,-0.133,-0.722,-0.22,-0.11,0.407,0.256,-0.901,-0.685,0.433,0.673,0.113,0.687,0.328,-0.274,-0.834,0.452,-0.263,-0.29,-0.439,-0.662,-0.522,0.754,-0.729,-0.611,0.749,-0.877,-0.846,-0.14
AUTL,0.576,0.379,-0.694,-0.601,-0.559,0.564,0.628,-0.774,-0.023,-0.458,-0.592,0.103,0.927,0.941,0.705,-0.57,-0.677,0.215,0.753,0.0,0.892,0.232,0.895,0.378,0.68,0.794,-0.214,-0.479,-0.444,0.185,-0.047,0.785,0.64,0.754,0.821,-0.551,-0.649,-0.407,-0.228,-0.487,-0.614,-0.287,-0.851,0.692,-0.49,0.51,0.353,0.902,-0.708,-0.428,-0.491,-0.082,0.175,-0.153,-0.64,0.903,0.579,0.596,0.193,0.813,-0.379,0.64,-0.128,-0.757,0.56,0.609,-0.467,0.224,0.482,0.88,0.802,-0.451,0.87,0.755,-0.468,0.544,-0.773,-0.217,0.406,0.743,0.815,-0.508,-0.41,0.153,-0.457,-0.292,-0.357,-0.024,0.77,-0.325,-0.41,0.129,-0.492,-0.114,-0.539,-0.772,-0.585,-0.24,-0.388,-0.248,-0.491,-0.619,0.748,0.475,-0.497,0.629,-0.44,-0.706,0.001,0.463,0.817,-0.091,0.331,0.902,0.797,0.821,-0.513,-0.591,0.653,0.436,0.568,-0.502,-0.465,0.651,0.813,-0.533,-0.729,-0.854,0.489,-0.579,0.547,-0.622,-0.895,-0.677,-0.675,-0.155,-0.65,-0.467,-0.815,0.794,0.592,-0.594,0.604,0.188,-0.218,-0.191,0.83,-0.111,0.506,0.922,0.042,0.943,-0.218,-0.612,0.456,-0.23,-0.576,-0.712,-0.764,-0.688,-0.409,0.118,-0.608,0.658,-0.022,-0.351,-0.45,-0.408,-0.409,-0.728,-0.565,0.875,0.153,-0.806,0.163,0.001,0.454,0.335,-0.634,-0.268,0.728,0.933,0.13,0.915,0.556,-0.027,-0.53,0.439,-0.345,-0.45,-0.304,-0.212,-0.109,0.776,-0.642,-0.517,0.617,-0.65,-0.575,-0.155
AVDL,0.629,0.356,-0.581,-0.62,-0.469,0.556,0.655,-0.718,-0.162,-0.384,-0.588,0.207,0.869,0.914,0.686,-0.534,-0.741,0.224,0.726,0.892,0.0,0.255,0.824,0.348,0.705,0.776,-0.107,-0.356,-0.403,0.173,0.004,0.819,0.749,0.714,0.844,-0.58,-0.557,-0.299,-0.209,-0.433,-0.565,-0.194,-0.813,0.668,-0.382,0.563,0.383,0.887,-0.657,-0.459,-0.33,-0.059,0.149,-0.241,-0.61,0.915,0.553,0.506,0.235,0.793,-0.313,0.674,-0.03,-0.7,0.586,0.586,-0.445,0.274,0.533,0.841,0.774,-0.522,0.832,0.763,-0.392,0.556,-0.714,-0.232,0.406,0.714,0.802,-0.515,-0.392,0.149,-0.448,-0.337,-0.337,-0.031,0.66,-0.307,-0.451,0.058,-0.539,-0.208,-0.444,-0.703,-0.501,-0.227,-0.294,-0.272,-0.492,-0.529,0.687,0.403,-0.429,0.635,-0.373,-0.676,-0.092,0.576,0.697,-0.051,0.327,0.956,0.801,0.855,-0.464,-0.547,0.599,0.551,0.543,-0.476,-0.389,0.671,0.805,-0.547,-0.686,-0.84,0.569,-0.532,0.488,-0.588,-0.88,-0.577,-0.65,-0.185,-0.605,-0.301,-0.806,0.701,0.578,-0.593,0.572,0.193,-0.1,-0.227,0.804,-0.053,0.544,0.94,0.086,0.932,-0.207,-0.542,0.505,-0.168,-0.471,-0.681,-0.706,-0.665,-0.27,0.007,-0.505,0.63,-0.115,-0.304,-0.357,-0.313,-0.304,-0.642,-0.575,0.845,0.106,-0.686,0.149,-0.018,0.418,0.39,-0.591,-0.258,0.694,0.874,0.071,0.859,0.637,-0.092,-0.518,0.425,-0.291,-0.345,-0.275,-0.245,-0.062,0.745,-0.562,-0.502,0.507,-0.664,-0.541,-0.068
BCRX,0.42,-0.372,-0.038,0.036,0.017,-0.236,0.574,-0.012,0.011,0.196,-0.081,-0.249,0.166,0.149,0.352,-0.088,-0.239,0.205,0.373,0.232,0.255,0.0,0.16,-0.394,0.577,-0.076,0.148,0.284,0.263,0.198,-0.529,-0.103,0.735,0.158,0.043,0.174,0.229,0.051,-0.409,-0.181,0.076,-0.496,-0.044,-0.147,0.127,-0.226,0.561,0.268,-0.052,-0.309,0.155,0.512,-0.406,-0.579,-0.36,0.457,0.059,0.519,0.508,0.366,0.208,-0.172,0.386,-0.124,-0.23,0.194,-0.081,0.253,-0.056,0.002,0.103,-0.576,0.436,0.296,-0.031,0.682,0.058,-0.47,0.041,0.441,0.492,0.092,-0.065,-0.066,0.191,-0.052,0.261,0.084,-0.138,0.13,0.057,0.099,-0.43,0.08,0.12,-0.252,0.008,0.589,0.033,0.565,-0.568,0.041,0.325,0.55,0.221,0.196,-0.072,-0.149,0.309,0.501,-0.047,-0.018,-0.479,0.418,0.303,0.403,0.076,-0.15,0.452,-0.05,-0.14,-0.255,0.178,0.447,0.128,-0.368,-0.232,-0.255,0.067,0.117,0.067,-0.08,-0.244,-0.15,-0.098,-0.283,-0.385,-0.002,-0.085,-0.094,-0.25,-0.037,-0.154,-0.471,-0.291,0.178,0.267,-0.024,0.574,0.348,-0.331,0.408,0.424,-0.345,-0.379,0.535,0.103,-0.39,-0.455,-0.144,0.097,0.28,0.196,-0.008,-0.314,0.364,-0.08,-0.545,0.411,0.06,0.06,0.192,0.56,-0.261,0.171,-0.283,-0.306,-0.466,-0.294,-0.133,0.433,0.074,-0.499,0.156,-0.246,-0.352,-0.203,-0.426,-0.364,0.203,0.383,-0.248,-0.189,-0.059,0.087,0.111,0.254,-0.078,-0.354,0.375
BHAT,0.445,0.399,-0.693,-0.643,-0.621,0.621,0.514,-0.792,-0.047,-0.549,-0.635,0.132,0.862,0.889,0.657,-0.604,-0.718,0.227,0.69,0.895,0.824,0.16,0.0,0.433,0.637,0.84,-0.378,-0.567,-0.574,0.045,-0.032,0.771,0.546,0.729,0.812,-0.654,-0.664,-0.492,-0.237,-0.463,-0.692,-0.28,-0.877,0.731,-0.578,0.628,0.173,0.829,-0.722,-0.411,-0.58,-0.231,0.257,-0.056,-0.673,0.812,0.564,0.527,0.017,0.787,-0.466,0.661,-0.297,-0.788,0.611,0.618,-0.541,0.042,0.449,0.836,0.747,-0.467,0.819,0.717,-0.584,0.408,-0.804,-0.28,0.229,0.733,0.68,-0.591,-0.476,0.2,-0.579,-0.414,-0.456,-0.173,0.788,-0.442,-0.39,0.043,-0.429,-0.24,-0.59,-0.747,-0.663,-0.392,-0.473,-0.405,-0.374,-0.693,0.759,0.332,-0.601,0.552,-0.537,-0.754,-0.18,0.412,0.806,-0.171,0.401,0.839,0.69,0.78,-0.557,-0.641,0.472,0.404,0.563,-0.49,-0.572,0.454,0.78,-0.57,-0.757,-0.877,0.36,-0.655,0.584,-0.658,-0.855,-0.723,-0.696,-0.08,-0.694,-0.554,-0.846,0.739,0.614,-0.666,0.588,0.316,-0.277,-0.287,0.767,-0.19,0.352,0.866,-0.015,0.84,-0.328,-0.617,0.539,-0.38,-0.621,-0.75,-0.773,-0.705,-0.516,0.032,-0.684,0.489,0.018,-0.472,-0.524,-0.387,-0.474,-0.767,-0.645,0.823,0.014,-0.839,0.001,0.059,0.498,0.46,-0.665,-0.389,0.559,0.88,0.264,0.828,0.597,0.017,-0.572,0.539,-0.298,-0.582,-0.418,-0.292,-0.202,0.78,-0.697,-0.628,0.62,-0.694,-0.64,-0.301
BLBD,0.074,0.513,-0.68,-0.641,-0.688,0.817,0.134,-0.75,0.272,-0.661,-0.539,0.318,0.482,0.521,0.395,-0.155,-0.399,0.053,0.366,0.378,0.348,-0.394,0.433,0.0,0.23,0.762,-0.583,-0.796,-0.774,-0.47,0.508,0.645,-0.02,0.475,0.655,-0.648,-0.794,-0.565,-0.082,-0.249,-0.674,0.294,-0.57,0.81,-0.715,0.798,-0.299,0.449,-0.654,-0.005,-0.327,-0.797,0.783,0.712,-0.366,0.277,0.659,0.282,-0.491,0.53,-0.63,0.764,-0.727,-0.576,0.813,0.453,-0.614,-0.556,0.679,0.615,0.665,0.188,0.395,0.554,-0.558,-0.218,-0.766,0.118,0.127,0.403,0.086,-0.622,-0.376,0.622,-0.742,0.195,-0.606,-0.318,0.615,-0.482,-0.511,-0.206,0.158,-0.35,-0.584,-0.226,-0.644,-0.719,-0.383,-0.391,0.405,-0.664,0.438,-0.237,-0.667,-0.036,-0.536,-0.563,-0.357,-0.079,0.705,-0.177,0.686,0.29,0.492,0.377,-0.715,-0.477,0.005,0.39,0.711,-0.337,-0.626,0.043,0.417,-0.197,-0.377,-0.519,0.197,-0.653,0.675,-0.55,-0.434,-0.627,-0.584,0.192,-0.204,-0.528,-0.671,0.736,0.832,-0.604,0.796,0.884,-0.008,-0.451,0.453,-0.18,-0.118,0.39,0.252,0.248,-0.752,-0.208,0.886,-0.569,-0.807,-0.353,-0.231,-0.552,-0.566,-0.307,-0.805,0.308,0.563,-0.757,-0.587,0.429,-0.774,-0.623,-0.694,0.565,-0.586,-0.426,-0.559,0.639,0.864,0.885,-0.307,-0.279,-0.086,0.53,0.865,0.507,0.472,0.381,-0.515,0.869,-0.012,-0.54,-0.687,-0.038,-0.033,0.805,-0.693,-0.805,0.565,-0.564,-0.193,-0.639
BMRN,0.698,-0.061,-0.671,-0.699,-0.644,0.528,0.529,-0.691,0.069,-0.544,-0.782,-0.209,0.668,0.688,0.674,-0.15,-0.741,-0.022,0.928,0.68,0.705,0.577,0.637,0.23,0.0,0.651,-0.353,-0.324,-0.438,-0.193,-0.41,0.578,0.741,0.84,0.616,-0.582,-0.436,-0.576,-0.711,-0.725,-0.655,-0.613,-0.654,0.613,-0.541,0.505,0.211,0.805,-0.741,-0.601,-0.355,-0.055,-0.023,-0.249,-0.889,0.766,0.657,0.847,0.097,0.845,-0.511,0.487,-0.022,-0.809,0.512,0.854,-0.715,-0.026,0.532,0.541,0.519,-0.764,0.919,0.857,-0.649,0.591,-0.583,-0.699,-0.03,0.873,0.778,-0.614,-0.722,0.276,-0.49,-0.182,-0.46,-0.404,0.47,-0.283,-0.541,-0.369,-0.701,-0.489,-0.628,-0.758,-0.669,0.138,-0.423,0.193,-0.425,-0.649,0.908,0.415,-0.491,0.251,-0.573,-0.821,-0.256,0.365,0.44,-0.364,0.019,0.8,0.742,0.916,-0.634,-0.817,0.511,0.16,0.294,-0.811,-0.543,0.349,0.713,-0.88,-0.806,-0.835,0.239,-0.638,0.433,-0.793,-0.833,-0.728,-0.8,-0.268,-0.718,-0.523,-0.75,0.4,0.524,-0.725,0.599,0.105,-0.617,-0.46,0.779,-0.487,0.343,0.755,-0.212,0.77,-0.289,-0.77,0.258,-0.029,-0.517,-0.907,-0.826,-0.823,-0.45,0.31,-0.443,0.136,-0.318,-0.357,-0.672,-0.442,-0.137,-0.539,-0.662,0.682,0.003,-0.677,-0.169,-0.126,0.283,0.147,-0.88,-0.633,0.433,0.595,-0.008,0.632,0.281,-0.281,-0.8,0.299,-0.356,-0.232,-0.304,-0.688,-0.466,0.651,-0.615,-0.54,0.741,-0.781,-0.842,-0.039
BNGO,0.406,0.517,-0.834,-0.855,-0.801,0.878,0.386,-0.944,0.05,-0.77,-0.809,0.23,0.822,0.894,0.636,-0.413,-0.731,0.103,0.748,0.794,0.776,-0.076,0.84,0.762,0.651,0.0,-0.553,-0.767,-0.808,-0.269,0.159,0.898,0.39,0.844,0.899,-0.852,-0.841,-0.662,-0.298,-0.541,-0.881,-0.119,-0.907,0.946,-0.771,0.89,-0.106,0.824,-0.878,-0.357,-0.587,-0.564,0.502,0.278,-0.72,0.704,0.751,0.525,-0.245,0.823,-0.713,0.876,-0.516,-0.892,0.874,0.742,-0.746,-0.218,0.71,0.852,0.792,-0.331,0.8,0.85,-0.743,0.175,-0.922,-0.263,0.128,0.732,0.552,-0.806,-0.633,0.482,-0.812,-0.172,-0.698,-0.391,0.841,-0.566,-0.632,-0.229,-0.322,-0.485,-0.779,-0.706,-0.811,-0.592,-0.533,-0.452,-0.055,-0.837,0.804,0.111,-0.796,0.335,-0.66,-0.866,-0.426,0.182,0.832,-0.242,0.611,0.747,0.727,0.799,-0.787,-0.767,0.325,0.461,0.714,-0.611,-0.778,0.261,0.788,-0.61,-0.782,-0.895,0.371,-0.846,0.717,-0.81,-0.854,-0.814,-0.858,0.03,-0.614,-0.642,-0.95,0.814,0.894,-0.833,0.849,0.66,-0.273,-0.563,0.776,-0.323,0.115,0.799,0.143,0.713,-0.66,-0.564,0.819,-0.561,-0.816,-0.75,-0.659,-0.829,-0.667,-0.05,-0.844,0.412,0.133,-0.75,-0.693,-0.066,-0.684,-0.822,-0.864,0.841,-0.368,-0.771,-0.277,0.279,0.757,0.76,-0.728,-0.497,0.306,0.863,0.57,0.808,0.656,0.156,-0.737,0.843,-0.235,-0.633,-0.706,-0.373,-0.217,0.965,-0.877,-0.856,0.716,-0.834,-0.624,-0.515
BUSE,0.147,-0.183,0.748,0.654,0.845,-0.599,0.014,0.654,-0.257,0.763,0.701,0.066,-0.271,-0.259,-0.39,-0.041,0.343,0.177,-0.435,-0.214,-0.107,0.148,-0.378,-0.583,-0.353,-0.553,0.0,0.818,0.835,0.703,-0.036,-0.295,0.116,-0.477,-0.396,0.613,0.703,0.82,0.522,0.48,0.782,0.259,0.498,-0.62,0.889,-0.556,0.387,-0.297,0.717,-0.002,0.553,0.745,-0.598,-0.589,0.6,-0.078,-0.591,-0.372,0.712,-0.425,0.686,-0.498,0.787,0.658,-0.558,-0.581,0.79,0.763,-0.424,-0.258,-0.353,0.129,-0.408,-0.412,0.878,0.216,0.621,0.382,0.534,-0.486,0.101,0.588,0.619,-0.567,0.832,-0.107,0.601,0.741,-0.341,0.648,0.454,0.48,-0.095,0.41,0.768,0.486,0.757,0.505,0.82,0.369,-0.395,0.831,-0.555,0.08,0.782,0.359,0.876,0.657,0.629,0.284,-0.458,0.265,-0.456,-0.139,-0.247,-0.331,0.745,0.692,-0.009,0.178,-0.463,0.616,0.764,0.313,-0.237,0.408,0.456,0.486,0.394,0.753,-0.497,0.661,0.361,0.789,0.605,-0.126,0.505,0.903,0.586,-0.38,-0.617,0.766,-0.608,-0.642,0.56,0.636,-0.323,0.506,0.229,-0.174,0.093,-0.121,0.706,0.373,-0.474,0.546,0.82,0.568,0.407,0.569,0.91,0.266,0.807,0.274,-0.35,0.702,0.825,-0.094,0.731,0.558,0.7,-0.363,0.565,0.571,0.745,-0.369,-0.697,-0.475,0.533,0.765,0.347,-0.195,-0.676,-0.292,-0.022,-0.375,0.626,-0.634,0.295,0.681,0.72,0.438,0.548,-0.548,0.771,0.813,-0.619,0.591,0.537,0.794
CAKE,-0.043,-0.392,0.805,0.676,0.875,-0.822,-0.178,0.812,-0.269,0.838,0.656,-0.052,-0.532,-0.517,-0.447,0.188,0.472,0.031,-0.467,-0.479,-0.356,0.284,-0.567,-0.796,-0.324,-0.767,0.818,0.0,0.913,0.576,-0.225,-0.582,0.042,-0.585,-0.611,0.749,0.903,0.784,0.303,0.405,0.837,0.028,0.74,-0.825,0.895,-0.717,0.312,-0.485,0.781,0.091,0.575,0.772,-0.714,-0.667,0.561,-0.29,-0.689,-0.335,0.672,-0.585,0.709,-0.666,0.809,0.722,-0.763,-0.589,0.751,0.646,-0.499,-0.608,-0.61,-0.038,-0.504,-0.528,0.783,0.167,0.86,0.083,0.087,-0.516,-0.074,0.645,0.54,-0.542,0.855,-0.12,0.701,0.567,-0.628,0.589,0.448,0.242,-0.078,0.315,0.783,0.472,0.822,0.721,0.729,0.489,-0.364,0.863,-0.61,0.156,0.844,-0.01,0.787,0.716,0.454,0.183,-0.77,0.32,-0.618,-0.351,-0.438,-0.46,0.783,0.661,-0.07,-0.07,-0.61,0.475,0.783,0.05,-0.466,0.327,0.536,0.613,0.123,0.788,-0.646,0.692,0.539,0.821,0.685,-0.052,0.479,0.823,0.741,-0.69,-0.828,0.732,-0.763,-0.76,0.294,0.547,-0.542,0.389,0.143,-0.396,0.013,-0.317,0.797,0.444,-0.704,0.713,0.928,0.54,0.473,0.657,0.825,0.258,0.942,-0.191,-0.488,0.856,0.781,-0.171,0.849,0.796,0.82,-0.543,0.529,0.653,0.612,-0.486,-0.847,-0.718,0.51,0.582,0.081,-0.539,-0.805,-0.541,-0.352,-0.348,0.595,-0.817,0.305,0.715,0.733,0.231,0.275,-0.785,0.836,0.87,-0.652,0.651,0.46,0.794
CASY,-0.097,-0.367,0.818,0.833,0.882,-0.881,-0.129,0.851,-0.047,0.885,0.789,-0.137,-0.547,-0.532,-0.528,0.089,0.561,0.067,-0.546,-0.444,-0.403,0.263,-0.574,-0.774,-0.438,-0.808,0.835,0.913,0.0,0.657,-0.244,-0.69,-0.024,-0.674,-0.694,0.875,0.832,0.829,0.383,0.541,0.923,0.086,0.77,-0.875,0.912,-0.842,0.356,-0.526,0.85,0.237,0.53,0.807,-0.682,-0.577,0.638,-0.334,-0.812,-0.387,0.695,-0.611,0.821,-0.781,0.775,0.803,-0.874,-0.682,0.864,0.597,-0.634,-0.55,-0.579,0.127,-0.549,-0.603,0.88,0.162,0.85,0.302,0.218,-0.596,-0.11,0.747,0.674,-0.531,0.959,-0.091,0.795,0.674,-0.594,0.687,0.64,0.476,0.023,0.555,0.854,0.554,0.831,0.684,0.715,0.505,-0.337,0.897,-0.684,0.146,0.89,0.063,0.803,0.807,0.697,0.108,-0.631,0.315,-0.656,-0.407,-0.482,-0.561,0.846,0.78,-0.086,-0.148,-0.616,0.61,0.901,0.14,-0.54,0.506,0.609,0.701,0.089,0.865,-0.568,0.785,0.586,0.816,0.76,-0.186,0.558,0.784,0.819,-0.603,-0.881,0.863,-0.84,-0.796,0.345,0.776,-0.555,0.43,0.185,-0.443,-0.06,-0.351,0.873,0.427,-0.77,0.645,0.889,0.634,0.495,0.723,0.854,0.233,0.906,-0.042,-0.271,0.901,0.791,-0.197,0.813,0.704,0.893,-0.534,0.659,0.611,0.672,-0.478,-0.864,-0.766,0.616,0.698,0.168,-0.486,-0.757,-0.478,-0.442,-0.296,0.718,-0.881,0.287,0.661,0.842,0.469,0.388,-0.823,0.89,0.928,-0.678,0.774,0.562,0.775
CCOI,0.053,0.105,0.419,0.458,0.607,-0.545,0.245,0.354,-0.252,0.683,0.479,0.224,0.059,0.084,-0.105,-0.476,0.251,0.366,-0.23,0.185,0.173,0.198,0.045,-0.47,-0.193,-0.269,0.703,0.576,0.657,0.0,-0.018,-0.139,0.256,-0.29,-0.085,0.52,0.405,0.67,0.475,0.344,0.557,0.108,0.206,-0.413,0.604,-0.481,0.547,-0.027,0.445,0.113,0.182,0.637,-0.443,-0.606,0.389,0.224,-0.491,-0.207,0.815,-0.192,0.617,-0.266,0.57,0.369,-0.504,-0.443,0.67,0.802,-0.324,0.045,-0.039,-0.029,-0.081,-0.215,0.605,0.411,0.349,0.258,0.472,-0.221,0.338,0.476,0.548,-0.497,0.602,-0.27,0.632,0.759,-0.02,0.307,0.368,0.685,-0.102,0.532,0.552,0.069,0.582,0.311,0.509,0.068,-0.581,0.542,-0.324,0.457,0.595,0.455,0.591,0.429,0.609,0.449,-0.071,0.509,-0.24,0.115,-0.034,-0.141,0.607,0.502,0.317,0.332,-0.06,0.422,0.572,0.545,-0.058,0.276,0.23,0.176,0.524,0.511,-0.216,0.513,0.102,0.451,0.453,-0.024,0.209,0.526,0.302,0.0,-0.523,0.506,-0.509,-0.575,0.382,0.703,-0.134,0.61,0.497,0.157,0.182,0.209,0.77,0.272,-0.336,0.466,0.54,0.28,0.121,0.433,0.575,0.114,0.488,0.378,-0.192,0.696,0.658,-0.368,0.437,0.281,0.595,0.022,0.732,0.089,0.886,-0.415,-0.488,-0.416,0.342,0.654,0.595,0.142,-0.598,0.109,-0.039,-0.077,0.548,-0.494,0.117,0.236,0.602,0.459,0.389,-0.326,0.49,0.583,-0.403,0.456,0.31,0.575
