,AAPL,ACRS,ADP,AFYA,AGNC,AGYS,ALT,AMGN,AMPH,AMZN,ANIP,AOSL,APDN,APLT,APVO,ARGX,ARLP,ATEX,ATRA,AUTL,AVDL,BCRX,BHAT,BLBD,BMRN,BNGO,BUSE,CAKE,CASY,CCOI,CEVA,CHY,CLDX,CLMT,COHU,COLM,COST,CPRT,CSWC,CSX,DBX,DCOM,DKNG,DMLP,DOX,EA,EDIT,ENPH,ENSG,ERNA,ESGR,ETNB,EXTR,FANG,FARO,FATE,FGEN,FIVE,FIVN,FLGT,FOLD,FORM,FOXA,FRPT,FSLR,FTAI,GBDC,GDYN,GGAL,GNLN,GRFS,GT,HCAT,HCM,HFWA,HOLX,HQY,HUBG,IAC,ICLR,IDCC,IEP,IHRT,ILMN,ILPT,IMAB,IMOS,INMD,INTZ,JAZZ,JKHY,JRVR,KIDS,LBRDK,LGND,LMAT,LPLA,LULU,MASI,MAT,MATW,MBIN,MBIO,MCRB,MDB,MDLZ,MELI,MIRM,MLKN,MNMD,MNRO,MPWR,MRCY,MRSN,MTVA,NAAS,NDAQ,NDSN,NEGG,NOVT,NVDA,NWE,NWSA,NXST,OCX,ODFL,OMAB,OPCH,OPRA,ORGO,OTRK,OZK,PAGP,PCH,PEGA,PENG,PENN,PFBC,PGNY,PHAT,PHUN,PINC,PLUG,PLXS,PYPL,QLYS,QNCX,QQQX,QVCGA,RAPT,RBBN,RCKT,REPL,RMBS,ROAD,ROKU,ROP,RUSHA,SANM,SATS,SBCF,SBLK,SBUX,SCHL,SCSC,SDGR,SEIC,SFIX,SGRY,SKYW,SLP,SNES,STAA,STLD,STOK,SWKS,TER,TFIN,TIGO,TILE,TPIC,TTEC,TTEK,TTGT,UXIN,VERU,VLYPP,VNOM,VRNS,VRSN,WDAY,WERN,WINA,WKHS,WRLD,XP,XTKG,YY,ZION,ZM
AAPL,0.0,-0.546,0.605,0.745,0.721,-0.419,-0.222,0.4,-0.403,-0.557,0.086,-0.521,-0.492,-0.217,-0.662,-0.357,-0.18,0.733,-0.342,-0.435,0.281,0.638,-0.035,-0.455,0.741,-0.307,0.431,0.223,0.211,0.447,0.64,0.103,-0.052,-0.329,-0.589,0.361,0.382,0.418,0.578,0.11,-0.009,-0.281,0.793,0.415,0.65,0.311,0.599,0.141,-0.484,-0.435,0.821,0.32,0.067,-0.453,-0.547,0.65,0.631,-0.265,0.402,0.301,-0.356,-0.234,0.633,-0.578,-0.522,0.507,0.689,-0.213,-0.49,-0.735,0.596,0.648,-0.628,0.611,-0.424,-0.464,0.421,-0.212,0.801,-0.156,0.584,0.632,-0.291,-0.526,0.552,-0.232,0.625,0.611,-0.661,0.799,-0.706,0.019,-0.301,0.474,0.638,0.595,0.728,-0.591,0.532,0.475,-0.449,0.509,-0.303,0.063,0.617,0.707,0.672,0.539,0.465,0.318,-0.303,0.171,-0.138,-0.496,-0.525,0.296,0.03,0.055,0.471,-0.512,0.387,-0.325,0.528,0.194,0.755,0.302,0.674,0.789,0.508,0.191,-0.277,-0.191,0.462,0.396,-0.776,0.501,0.468,0.218,0.409,-0.314,-0.385,-0.318,-0.476,-0.478,-0.305,0.113,-0.422,0.199,0.021,0.62,0.731,0.06,0.498,0.111,-0.623,0.751,0.364,-0.081,0.456,0.489,0.501,0.493,0.55,0.547,-0.403,0.068,-0.534,0.662,0.514,-0.564,-0.034,0.315,-0.654,0.679,-0.536,-0.371,-0.173,-0.697,-0.256,-0.373,-0.218,0.169,-0.59,-0.793,0.532,-0.415,-0.074,0.191,0.02,0.699,-0.265,-0.369,-0.542,0.13,0.622,0.739,-0.397,0.675,-0.397,0.128
ACRS,-0.546,0.0,-0.429,-0.63,-0.534,0.617,0.719,-0.313,0.482,0.556,0.047,0.772,0.122,0.38,0.664,0.66,0.583,-0.757,0.341,0.712,-0.635,-0.544,-0.513,0.335,-0.461,0.317,-0.395,0.318,-0.358,-0.588,-0.288,0.084,0.472,0.005,0.848,0.119,-0.501,-0.389,-0.58,-0.115,0.137,0.262,-0.545,-0.642,-0.146,-0.432,-0.171,0.287,0.717,0.577,-0.58,-0.287,0.12,0.59,0.707,-0.04,-0.281,0.677,-0.037,0.129,0.414,0.573,-0.491,0.661,0.724,-0.37,-0.703,0.071,0.741,0.557,-0.474,-0.109,0.658,-0.141,0.593,0.634,-0.475,0.464,-0.551,0.562,-0.622,-0.275,0.616,0.68,-0.505,0.401,-0.34,-0.608,0.452,-0.801,0.621,0.347,0.238,-0.372,0.099,-0.036,-0.345,0.501,-0.298,-0.529,0.715,-0.363,0.44,0.085,-0.597,-0.711,-0.53,-0.273,-0.312,-0.269,0.282,-0.346,-0.019,0.314,0.473,-0.404,0.481,0.23,-0.156,0.515,-0.342,0.235,-0.511,0.181,-0.638,-0.468,-0.565,-0.678,-0.576,-0.075,0.762,-0.083,0.177,-0.24,0.588,-0.277,-0.601,-0.136,-0.005,0.591,0.628,0.46,0.789,0.519,0.49,0.241,0.681,0.208,0.078,-0.306,-0.551,0.646,0.105,0.027,0.531,-0.441,-0.231,0.456,-0.422,-0.396,-0.491,-0.409,-0.455,-0.444,0.445,0.374,0.782,-0.648,-0.345,0.634,-0.162,-0.227,0.776,-0.595,0.621,0.537,0.265,0.646,0.081,0.641,0.546,0.13,0.596,0.581,-0.606,0.4,0.422,-0.384,0.115,-0.673,0.462,0.429,0.41,-0.016,-0.545,-0.549,0.457,-0.379,0.683,0.211
ADP,0.605,-0.429,0.0,0.654,0.895,-0.725,-0.422,0.824,-0.827,-0.495,0.191,-0.099,-0.701,-0.11,-0.804,-0.31,-0.516,0.602,0.226,-0.733,0.558,0.803,0.14,-0.49,0.692,-0.443,0.811,0.397,0.573,0.761,0.645,0.478,-0.514,-0.155,-0.591,-0.251,0.817,0.625,0.742,-0.001,0.071,0.267,0.668,0.447,0.557,0.768,0.443,0.394,-0.543,-0.781,0.7,0.739,-0.308,-0.807,-0.642,0.497,0.49,-0.469,0.522,-0.227,-0.201,-0.522,0.863,-0.686,-0.378,0.776,0.401,0.274,-0.619,-0.686,0.297,0.28,-0.582,0.455,-0.313,-0.712,0.803,-0.717,0.568,-0.47,0.81,0.445,-0.564,-0.761,0.329,-0.777,0.029,0.748,-0.583,0.54,-0.663,-0.155,-0.637,0.155,0.373,0.4,0.818,-0.505,0.593,0.763,-0.662,0.784,-0.761,-0.476,0.742,0.592,0.786,0.811,-0.135,0.668,-0.73,0.475,0.422,-0.031,-0.803,-0.048,0.333,-0.457,0.25,-0.512,0.304,-0.536,0.681,-0.378,0.636,0.485,0.34,0.717,0.722,-0.169,-0.441,0.065,0.101,0.807,-0.666,0.688,0.693,0.577,0.09,-0.71,-0.622,-0.735,-0.66,-0.749,-0.733,-0.195,-0.617,-0.276,-0.355,0.426,0.703,-0.044,0.365,0.62,-0.202,0.597,0.78,-0.025,0.753,0.753,0.758,0.624,0.903,-0.075,-0.829,0.266,-0.261,0.594,0.716,-0.467,0.355,0.511,-0.643,0.776,-0.157,-0.76,-0.516,-0.631,-0.646,-0.696,-0.587,-0.422,-0.857,-0.637,0.522,-0.547,-0.144,0.626,-0.449,0.827,0.123,-0.812,-0.62,-0.22,0.619,0.89,-0.841,0.625,-0.542,0.281
AFYA,0.745,-0.63,0.654,0.0,0.793,-0.612,-0.363,0.468,-0.638,-0.774,0.174,-0.496,-0.492,0.033,-0.814,-0.736,-0.466,0.893,-0.274,-0.581,0.512,0.827,0.315,-0.325,0.688,-0.043,0.449,-0.087,0.333,0.753,0.746,0.222,-0.468,-0.396,-0.739,0.123,0.599,0.599,0.84,0.152,0.04,-0.086,0.909,0.752,0.513,0.496,0.628,0.275,-0.776,-0.459,0.904,0.434,0.177,-0.606,-0.778,0.658,0.679,-0.457,0.222,0.229,-0.274,-0.429,0.738,-0.757,-0.544,0.621,0.774,-0.141,-0.752,-0.837,0.791,0.63,-0.6,0.507,-0.677,-0.755,0.488,-0.506,0.856,-0.409,0.813,0.619,-0.354,-0.773,0.4,-0.385,0.558,0.835,-0.6,0.831,-0.828,0.107,-0.145,0.633,0.466,0.497,0.734,-0.836,0.428,0.695,-0.641,0.411,-0.592,-0.042,0.72,0.834,0.717,0.636,0.433,0.5,-0.226,0.527,0.091,-0.357,-0.677,0.076,-0.038,-0.141,0.604,-0.76,0.66,-0.519,0.822,0.081,0.841,0.653,0.78,0.796,0.738,-0.028,-0.401,-0.0,0.203,0.315,-0.894,0.685,0.694,0.052,0.08,-0.446,-0.432,-0.608,-0.559,-0.448,-0.576,0.055,-0.679,0.057,0.136,0.624,0.875,-0.089,0.233,0.353,-0.417,0.853,0.27,-0.017,0.655,0.767,0.551,0.499,0.537,0.496,-0.522,0.07,-0.697,0.823,0.309,-0.825,0.243,0.631,-0.815,0.754,-0.607,-0.653,-0.094,-0.783,-0.3,-0.65,-0.48,0.009,-0.737,-0.787,0.662,-0.278,-0.172,0.523,-0.236,0.832,-0.28,-0.517,-0.632,0.274,0.564,0.808,-0.641,0.843,-0.479,-0.191
AGNC,0.721,-0.534,0.895,0.793,0.0,-0.812,-0.517,0.817,-0.898,-0.693,0.093,-0.237,-0.676,-0.086,-0.931,-0.504,-0.529,0.802,0.044,-0.773,0.709,0.91,0.264,-0.536,0.802,-0.309,0.771,0.264,0.493,0.865,0.753,0.498,-0.621,-0.235,-0.682,-0.171,0.847,0.659,0.905,-0.015,-0.072,0.181,0.826,0.618,0.611,0.819,0.522,0.406,-0.701,-0.773,0.855,0.722,-0.224,-0.839,-0.751,0.566,0.634,-0.575,0.553,-0.191,-0.315,-0.522,0.956,-0.855,-0.529,0.844,0.588,0.231,-0.766,-0.841,0.522,0.418,-0.69,0.556,-0.535,-0.808,0.788,-0.741,0.719,-0.476,0.905,0.59,-0.616,-0.886,0.367,-0.75,0.217,0.883,-0.694,0.741,-0.817,-0.154,-0.513,0.308,0.386,0.364,0.886,-0.706,0.554,0.837,-0.772,0.695,-0.81,-0.326,0.795,0.763,0.918,0.866,-0.001,0.685,-0.663,0.625,0.412,-0.176,-0.879,0.068,0.195,-0.447,0.463,-0.638,0.517,-0.577,0.774,-0.298,0.839,0.571,0.578,0.831,0.826,-0.224,-0.523,0.02,0.159,0.739,-0.835,0.843,0.741,0.442,0.082,-0.717,-0.646,-0.815,-0.714,-0.713,-0.816,-0.231,-0.762,-0.19,-0.221,0.55,0.87,-0.037,0.297,0.632,-0.361,0.752,0.719,-0.106,0.859,0.866,0.743,0.729,0.882,0.139,-0.865,0.129,-0.466,0.766,0.59,-0.631,0.333,0.646,-0.822,0.86,-0.335,-0.805,-0.424,-0.799,-0.611,-0.798,-0.673,-0.333,-0.94,-0.766,0.689,-0.465,-0.198,0.716,-0.404,0.958,-0.104,-0.853,-0.723,-0.086,0.595,0.982,-0.878,0.78,-0.65,0.065
AGYS,-0.419,0.617,-0.725,-0.612,-0.812,0.0,0.688,-0.765,0.861,0.689,0.033,0.26,0.572,0.346,0.84,0.565,0.738,-0.684,0.039,0.8,-0.728,-0.771,-0.477,0.564,-0.669,0.383,-0.618,-0.068,-0.318,-0.782,-0.483,-0.167,0.774,0.133,0.699,0.289,-0.756,-0.387,-0.802,0.204,0.315,-0.106,-0.534,-0.531,-0.382,-0.794,-0.423,-0.298,0.692,0.746,-0.669,-0.697,0.434,0.817,0.826,-0.288,-0.527,0.733,-0.409,0.409,0.471,0.641,-0.859,0.858,0.639,-0.794,-0.491,-0.203,0.804,0.759,-0.362,-0.189,0.71,-0.465,0.589,0.73,-0.622,0.755,-0.481,0.433,-0.786,-0.51,0.755,0.842,-0.1,0.778,0.026,-0.739,0.722,-0.64,0.62,0.227,0.506,-0.247,-0.061,-0.077,-0.606,0.628,-0.18,-0.697,0.842,-0.422,0.773,0.421,-0.609,-0.717,-0.774,-0.729,0.173,-0.459,0.621,-0.527,-0.391,0.163,0.824,-0.064,-0.028,0.582,-0.216,0.701,-0.311,0.353,-0.581,0.482,-0.757,-0.425,-0.382,-0.74,-0.613,0.505,0.633,0.091,0.101,-0.652,0.67,-0.628,-0.523,-0.229,-0.05,0.817,0.848,0.755,0.799,0.763,0.836,0.4,0.728,0.48,0.301,-0.34,-0.613,0.26,0.013,-0.471,0.351,-0.411,-0.597,0.406,-0.653,-0.722,-0.563,-0.447,-0.705,0.021,0.802,0.28,0.563,-0.521,-0.428,0.665,-0.177,-0.457,0.746,-0.625,0.388,0.759,0.394,0.815,0.603,0.936,0.669,0.357,0.848,0.668,-0.523,0.455,0.325,-0.689,0.409,-0.867,0.198,0.854,0.794,0.295,-0.341,-0.784,0.823,-0.586,0.823,0.173
ALT,-0.222,0.719,-0.422,-0.363,-0.517,0.688,0.0,-0.395,0.68,0.383,0.334,0.434,0.164,0.253,0.624,0.54,0.7,-0.558,-0.012,0.712,-0.737,-0.401,-0.504,0.488,-0.22,0.365,-0.418,0.144,-0.43,-0.595,-0.106,-0.158,0.682,-0.3,0.739,0.447,-0.636,-0.352,-0.557,-0.057,0.09,0.131,-0.386,-0.426,-0.086,-0.578,0.142,0.226,0.59,0.729,-0.343,-0.41,0.375,0.743,0.629,0.235,-0.042,0.777,-0.016,0.554,0.274,0.532,-0.517,0.556,0.608,-0.308,-0.547,-0.234,0.732,0.393,-0.125,0.237,0.634,0.131,0.535,0.589,-0.599,0.673,-0.335,0.743,-0.554,0.008,0.819,0.67,-0.239,0.674,0.136,-0.444,0.374,-0.547,0.489,0.673,0.385,-0.041,0.409,0.406,-0.273,0.354,-0.186,-0.458,0.744,-0.336,0.569,0.188,-0.498,-0.479,-0.455,-0.24,0.217,-0.343,0.555,-0.444,-0.242,0.098,0.585,-0.233,0.331,0.479,-0.006,0.458,-0.131,0.438,-0.463,0.616,-0.477,-0.406,-0.198,-0.431,-0.539,0.149,0.868,-0.133,0.526,-0.438,0.41,-0.3,-0.583,-0.257,0.195,0.781,0.679,0.568,0.759,0.706,0.614,0.489,0.717,0.516,0.336,0.036,-0.443,0.64,0.203,-0.125,0.325,-0.311,-0.468,0.467,-0.449,-0.365,-0.458,-0.503,-0.533,-0.091,0.676,0.34,0.47,-0.426,-0.386,0.322,-0.379,-0.295,0.682,-0.492,0.227,0.562,0.499,0.538,0.361,0.68,0.711,0.514,0.639,0.4,-0.568,0.447,0.321,-0.49,0.101,-0.599,0.417,0.622,0.337,0.24,-0.43,-0.502,0.578,-0.136,0.798,0.114
AMGN,0.4,-0.313,0.824,0.468,0.817,-0.765,-0.395,0.0,-0.826,-0.483,0.267,0.028,-0.626,-0.093,-0.741,-0.224,-0.521,0.477,0.331,-0.715,0.662,0.815,0.267,-0.391,0.665,-0.359,0.844,0.271,0.564,0.755,0.577,0.493,-0.598,-0.124,-0.442,-0.452,0.846,0.556,0.701,-0.102,-0.13,0.487,0.478,0.363,0.441,0.89,0.29,0.398,-0.467,-0.773,0.563,0.845,-0.438,-0.786,-0.576,0.344,0.418,-0.487,0.583,-0.344,-0.185,-0.593,0.833,-0.704,-0.468,0.789,0.152,0.447,-0.623,-0.534,0.254,0.084,-0.418,0.433,-0.209,-0.683,0.726,-0.72,0.408,-0.398,0.773,0.41,-0.542,-0.736,0.224,-0.806,-0.162,0.735,-0.477,0.432,-0.504,-0.1,-0.541,0.097,0.18,0.205,0.697,-0.406,0.428,0.819,-0.625,0.679,-0.829,-0.571,0.642,0.554,0.777,0.886,-0.235,0.75,-0.66,0.528,0.686,0.202,-0.739,-0.053,0.371,-0.599,0.121,-0.395,0.28,-0.361,0.576,-0.504,0.545,0.454,0.213,0.652,0.675,-0.314,-0.466,0.204,-0.027,0.776,-0.534,0.654,0.572,0.565,-0.115,-0.652,-0.665,-0.82,-0.644,-0.656,-0.842,-0.319,-0.551,-0.414,-0.269,0.414,0.579,-0.024,0.23,0.708,-0.1,0.386,0.763,-0.139,0.769,0.746,0.73,0.585,0.833,-0.216,-0.831,0.11,-0.215,0.478,0.575,-0.413,0.372,0.52,-0.589,0.636,-0.016,-0.795,-0.512,-0.542,-0.552,-0.748,-0.639,-0.545,-0.818,-0.398,0.424,-0.474,-0.229,0.736,-0.607,0.79,0.257,-0.839,-0.595,-0.241,0.429,0.779,-0.849,0.526,-0.554,0.125
AMPH,-0.403,0.482,-0.827,-0.638,-0.898,0.861,0.68,-0.826,0.0,0.6,0.013,0.094,0.579,0.03,0.888,0.538,0.656,-0.693,-0.22,0.818,-0.814,-0.832,-0.416,0.517,-0.603,0.259,-0.748,-0.159,-0.558,-0.912,-0.603,-0.583,0.825,0.037,0.64,0.457,-0.925,-0.656,-0.878,0.07,0.042,-0.299,-0.672,-0.609,-0.401,-0.911,-0.308,-0.354,0.708,0.815,-0.67,-0.733,0.344,0.909,0.738,-0.324,-0.429,0.697,-0.424,0.46,0.228,0.574,-0.903,0.804,0.471,-0.79,-0.446,-0.385,0.799,0.701,-0.346,-0.136,0.625,-0.299,0.546,0.844,-0.836,0.901,-0.523,0.656,-0.879,-0.352,0.737,0.904,-0.169,0.892,0.079,-0.82,0.553,-0.579,0.742,0.341,0.517,-0.161,-0.055,-0.055,-0.755,0.625,-0.425,-0.823,0.815,-0.61,0.898,0.444,-0.745,-0.629,-0.8,-0.792,0.295,-0.72,0.727,-0.744,-0.578,-0.004,0.881,0.058,-0.165,0.675,-0.309,0.602,-0.466,0.655,-0.769,0.574,-0.716,-0.616,-0.367,-0.635,-0.828,0.37,0.634,-0.151,0.15,-0.729,0.675,-0.812,-0.753,-0.445,0.164,0.826,0.68,0.91,0.734,0.743,0.92,0.393,0.809,0.378,0.329,-0.329,-0.759,0.191,-0.077,-0.722,0.154,-0.585,-0.733,0.136,-0.865,-0.848,-0.71,-0.681,-0.858,0.09,0.94,-0.095,0.379,-0.657,-0.517,0.527,-0.496,-0.655,0.782,-0.783,0.165,0.867,0.486,0.694,0.687,0.887,0.833,0.579,0.934,0.589,-0.635,0.386,0.277,-0.852,0.506,-0.888,0.076,0.935,0.637,0.192,-0.486,-0.87,0.952,-0.593,0.719,0.003
AMZN,-0.557,0.556,-0.495,-0.774,-0.693,0.689,0.383,-0.483,0.6,0.0,-0.052,0.475,0.408,0.004,0.745,0.686,0.442,-0.796,0.384,0.543,-0.53,-0.758,-0.436,0.319,-0.748,-0.097,-0.339,0.237,-0.07,-0.68,-0.659,-0.081,0.53,0.369,0.642,-0.101,-0.467,-0.307,-0.748,0.15,0.427,0.119,-0.717,-0.692,-0.362,-0.518,-0.595,-0.142,0.813,0.361,-0.83,-0.403,-0.06,0.554,0.816,-0.514,-0.751,0.623,-0.227,-0.003,0.557,0.427,-0.622,0.854,0.535,-0.641,-0.637,0.077,0.697,0.812,-0.764,-0.561,0.582,-0.606,0.782,0.722,-0.331,0.536,-0.655,0.209,-0.721,-0.603,0.492,0.769,-0.207,0.305,-0.535,-0.769,0.619,-0.769,0.698,-0.084,0.116,-0.611,-0.308,-0.309,-0.614,0.883,-0.128,-0.637,0.693,-0.214,0.574,0.034,-0.468,-0.894,-0.73,-0.617,-0.303,-0.287,0.18,-0.591,-0.11,0.355,0.678,-0.209,0.084,0.308,-0.567,0.753,-0.651,0.354,-0.573,0.042,-0.795,-0.47,-0.691,-0.718,-0.612,0.331,0.395,0.17,-0.14,-0.351,0.847,-0.676,-0.509,0.12,0.025,0.412,0.495,0.569,0.6,0.334,0.55,0.276,0.711,0.07,-0.004,-0.658,-0.761,0.136,-0.086,-0.321,0.407,-0.669,-0.16,0.241,-0.537,-0.765,-0.327,-0.315,-0.436,-0.398,0.481,0.3,0.769,-0.729,-0.039,0.872,0.022,-0.534,0.759,-0.611,0.701,0.609,-0.025,0.84,0.222,0.748,0.438,-0.12,0.691,0.734,-0.656,0.128,0.281,-0.526,0.379,-0.753,0.368,0.563,0.76,-0.104,-0.191,-0.657,0.584,-0.804,0.593,0.47
ANIP,0.086,0.047,0.191,0.174,0.093,0.033,0.334,0.267,0.013,-0.052,0.0,0.099,-0.045,0.111,-0.086,-0.005,-0.194,-0.043,0.304,-0.18,0.015,0.325,0.169,0.438,0.185,-0.077,0.42,-0.133,0.403,0.19,0.095,0.13,-0.042,-0.267,-0.075,-0.239,0.217,0.345,0.122,0.211,0.236,0.515,0.023,0.188,-0.053,0.213,0.098,0.061,-0.108,-0.137,0.027,0.405,-0.055,-0.052,-0.022,0.177,0.032,0.084,0.131,0.149,0.144,-0.325,0.043,-0.06,0.043,0.19,-0.194,0.225,-0.035,0.034,0.104,-0.021,0.263,0.048,0.314,-0.211,0.137,-0.126,-0.042,0.016,0.251,0.025,0.173,-0.116,0.383,0.028,0.031,0.286,0.17,-0.038,0.052,0.382,-0.075,0.09,0.175,0.51,0.136,0.075,0.407,0.39,-0.033,0.378,-0.222,-0.402,0.28,0.076,0.112,0.309,0.334,0.247,0.087,0.172,0.279,0.462,0.081,-0.173,0.284,0.053,-0.08,0.128,0.045,0.185,0.205,0.084,-0.06,0.347,0.084,0.276,0.238,0.255,0.083,0.445,-0.062,0.122,0.042,0.032,0.185,0.299,-0.149,-0.044,-0.081,-0.189,-0.119,0.072,-0.148,0.052,0.008,-0.076,0.064,0.118,-0.023,-0.043,0.05,0.278,0.383,0.0,0.087,0.376,0.224,0.226,0.385,0.061,0.165,-0.227,-0.047,0.308,0.067,0.148,0.194,-0.053,0.24,0.263,0.047,0.149,0.021,-0.288,-0.097,0.147,0.191,-0.011,-0.029,-0.179,-0.069,0.115,0.072,-0.256,-0.299,0.231,-0.507,0.125,0.587,0.044,0.089,-0.001,0.215,0.141,-0.171,0.149,0.274,0.21
AOSL,-0.521,0.772,-0.099,-0.496,-0.237,0.26,0.434,0.028,0.094,0.475,0.099,0.0,-0.082,0.215,0.386,0.571,0.344,-0.627,0.65,0.367,-0.324,-0.285,-0.407,0.139,-0.272,0.097,0.012,0.472,-0.058,-0.279,-0.16,0.339,0.13,0.082,0.679,-0.238,-0.115,-0.121,-0.314,-0.234,0.124,0.54,-0.461,-0.482,-0.091,-0.048,-0.175,0.437,0.568,0.202,-0.469,0.067,-0.233,0.208,0.532,-0.07,-0.263,0.438,0.212,-0.194,0.394,0.399,-0.144,0.431,0.632,-0.058,-0.719,0.408,0.532,0.403,-0.539,-0.241,0.408,-0.131,0.577,0.368,-0.056,0.083,-0.483,0.28,-0.321,-0.215,0.302,0.365,-0.478,-0.019,-0.593,-0.335,0.299,-0.714,0.432,0.14,-0.107,-0.513,0.003,-0.081,-0.147,0.476,-0.095,-0.215,0.383,-0.065,0.102,-0.237,-0.361,-0.637,-0.259,0.012,-0.631,0.015,-0.125,-0.053,0.317,0.436,0.17,-0.426,0.611,-0.159,-0.231,0.457,-0.31,0.07,-0.332,-0.159,-0.473,-0.308,-0.501,-0.514,-0.325,-0.303,0.493,0.083,0.036,0.074,0.488,-0.062,-0.346,0.228,-0.11,0.21,0.311,0.069,0.533,0.209,0.053,0.003,0.386,-0.032,-0.154,-0.311,-0.396,0.519,0.096,0.34,0.72,-0.424,0.169,0.366,-0.059,-0.151,-0.186,-0.155,-0.064,-0.691,0.034,0.431,0.797,-0.514,-0.06,0.551,0.052,-0.052,0.55,-0.385,0.754,0.234,-0.061,0.522,-0.221,0.311,0.176,-0.235,0.239,0.49,-0.532,0.202,0.312,-0.046,-0.209,-0.377,0.535,0.024,0.224,-0.235,-0.362,-0.248,0.055,-0.25,0.472,0.313
APDN,-0.492,0.122,-0.701,-0.492,-0.676,0.572,0.164,-0.626,0.579,0.408,-0.045,-0.082,0.0,0.201,0.551,0.164,0.244,-0.38,-0.082,0.43,-0.242,-0.579,0.113,0.441,-0.603,0.384,-0.486,-0.537,-0.125,-0.441,-0.495,-0.215,0.28,0.294,0.311,-0.058,-0.477,-0.221,-0.475,0.224,0.133,-0.151,-0.474,-0.15,-0.634,-0.473,-0.558,-0.473,0.255,0.445,-0.571,-0.514,0.34,0.483,0.512,-0.556,-0.593,0.243,-0.461,0.1,0.256,0.211,-0.708,0.493,0.231,-0.659,-0.23,-0.078,0.327,0.616,-0.223,-0.431,0.477,-0.618,0.201,0.371,-0.412,0.428,-0.428,0.063,-0.516,-0.54,0.361,0.481,0.009,0.514,-0.059,-0.464,0.666,-0.298,0.429,-0.042,0.526,-0.045,-0.577,-0.456,-0.675,0.445,-0.25,-0.42,0.416,-0.443,0.43,0.369,-0.369,-0.405,-0.632,-0.657,0.201,-0.344,0.58,-0.207,-0.166,0.183,0.667,0.091,-0.477,0.288,-0.218,0.545,-0.129,0.405,-0.402,0.218,-0.495,-0.076,-0.214,-0.506,-0.375,0.374,0.073,0.351,-0.373,-0.652,0.585,-0.558,-0.277,-0.312,-0.382,0.45,0.532,0.401,0.359,0.572,0.462,0.046,0.301,0.206,0.197,-0.43,-0.485,-0.251,-0.361,-0.44,0.232,-0.459,-0.611,0.073,-0.461,-0.526,-0.43,-0.374,-0.62,0.092,0.566,-0.182,0.131,-0.294,-0.534,0.406,-0.008,-0.348,0.365,-0.489,0.147,0.426,0.345,0.593,0.631,0.487,0.254,0.091,0.617,0.617,-0.222,0.39,-0.17,-0.328,0.212,-0.597,-0.081,0.636,0.66,0.295,-0.317,-0.674,0.539,-0.58,0.403,-0.242
APLT,-0.217,0.38,-0.11,0.033,-0.086,0.346,0.253,-0.093,0.03,0.004,0.111,0.215,0.201,0.0,0.127,-0.054,0.224,-0.041,0.267,0.272,-0.058,0.003,0.01,0.323,-0.238,0.657,-0.067,-0.189,0.178,0.078,0.202,0.466,-0.016,0.026,0.233,-0.109,0.025,0.279,0.031,0.27,0.299,0.307,0.135,0.132,-0.152,0.003,-0.169,0.116,-0.028,0.258,-0.074,-0.052,0.492,0.102,0.195,0.13,-0.05,0.198,-0.258,0.227,0.394,0.143,-0.182,0.13,0.261,-0.182,-0.095,0.155,0.073,0.238,0.211,0.04,0.323,-0.221,0.02,-0.104,-0.057,0.003,0.038,-0.094,0.014,-0.264,0.274,0.053,0.01,0.145,0.052,0.021,0.468,-0.199,-0.012,0.323,0.315,0.216,-0.004,-0.038,0.031,-0.084,0.048,0.091,0.246,-0.07,-0.091,0.196,-0.052,-0.067,-0.147,-0.054,0.103,0.316,0.349,0.265,0.212,0.309,0.094,-0.25,0.178,0.042,0.327,0.079,0.337,-0.317,0.146,0.112,-0.164,0.328,-0.0,-0.292,0.164,0.159,0.228,0.42,-0.142,-0.22,0.003,0.18,0.185,-0.105,-0.56,0.306,0.509,-0.083,0.327,0.411,0.057,0.084,0.028,0.268,0.339,0.106,0.145,0.22,-0.002,0.253,0.362,0.218,-0.19,0.426,0.103,0.154,-0.028,0.096,-0.169,0.048,0.093,0.418,0.196,0.103,-0.358,0.142,0.333,0.295,0.067,-0.049,0.288,-0.08,0.284,0.292,0.155,0.215,0.039,-0.063,0.118,0.297,0.114,0.352,0.078,0.137,-0.23,-0.151,0.23,0.156,0.3,0.465,-0.127,-0.107,-0.005,0.081,0.384,-0.162
APVO,-0.662,0.664,-0.804,-0.814,-0.931,0.84,0.624,-0.741,0.888,0.745,-0.086,0.386,0.551,0.127,0.0,0.679,0.63,-0.865,0.086,0.821,-0.782,-0.906,-0.428,0.481,-0.741,0.281,-0.679,-0.03,-0.461,-0.892,-0.684,-0.37,0.708,0.183,0.792,0.205,-0.831,-0.622,-0.922,-0.029,0.095,-0.08,-0.819,-0.727,-0.508,-0.795,-0.485,-0.275,0.804,0.754,-0.846,-0.657,0.163,0.834,0.84,-0.462,-0.589,0.701,-0.414,0.216,0.379,0.593,-0.902,0.899,0.614,-0.789,-0.647,-0.159,0.87,0.841,-0.581,-0.359,0.669,-0.467,0.676,0.853,-0.742,0.76,-0.716,0.572,-0.905,-0.553,0.66,0.935,-0.372,0.716,-0.252,-0.894,0.688,-0.808,0.857,0.199,0.412,-0.39,-0.237,-0.264,-0.785,0.781,-0.469,-0.839,0.857,-0.624,0.817,0.295,-0.822,-0.808,-0.866,-0.786,-0.076,-0.643,0.571,-0.665,-0.371,0.22,0.851,-0.115,0.014,0.474,-0.433,0.724,-0.565,0.582,-0.814,0.291,-0.874,-0.656,-0.605,-0.833,-0.845,0.195,0.628,-0.043,-0.034,-0.613,0.832,-0.787,-0.775,-0.31,-0.018,0.747,0.685,0.838,0.801,0.694,0.833,0.235,0.826,0.216,0.178,-0.51,-0.857,0.206,-0.156,-0.539,0.402,-0.73,-0.58,0.183,-0.825,-0.835,-0.71,-0.668,-0.804,-0.226,0.808,0.016,0.637,-0.813,-0.502,0.709,-0.332,-0.667,0.89,-0.861,0.463,0.814,0.356,0.841,0.518,0.868,0.757,0.328,0.92,0.778,-0.705,0.422,0.305,-0.748,0.377,-0.961,0.218,0.801,0.715,0.033,-0.579,-0.914,0.849,-0.742,0.738,0.088
ARGX,-0.357,0.66,-0.31,-0.736,-0.504,0.565,0.54,-0.224,0.538,0.686,-0.005,0.571,0.164,-0.054,0.679,0.0,0.585,-0.773,0.334,0.561,-0.568,-0.624,-0.658,0.142,-0.347,-0.063,-0.22,0.459,-0.172,-0.676,-0.409,-0.053,0.677,0.185,0.741,0.078,-0.469,-0.394,-0.704,-0.135,0.074,0.099,-0.645,-0.777,-0.132,-0.434,-0.336,-0.013,0.841,0.344,-0.604,-0.236,-0.169,0.488,0.743,-0.242,-0.413,0.654,0.102,0.043,0.334,0.525,-0.446,0.692,0.513,-0.41,-0.688,0.098,0.77,0.636,-0.648,-0.318,0.5,-0.169,0.729,0.723,-0.305,0.508,-0.51,0.497,-0.658,-0.294,0.478,0.718,-0.193,0.317,-0.388,-0.652,0.403,-0.653,0.673,0.071,0.02,-0.56,0.001,-0.133,-0.39,0.763,-0.077,-0.54,0.66,-0.139,0.514,0.078,-0.559,-0.709,-0.484,-0.329,-0.332,-0.285,0.024,-0.571,-0.059,0.257,0.506,-0.064,0.369,0.209,-0.457,0.718,-0.611,0.386,-0.665,0.091,-0.679,-0.652,-0.548,-0.522,-0.621,0.132,0.515,-0.073,0.183,-0.07,0.638,-0.51,-0.589,0.162,0.14,0.49,0.464,0.532,0.607,0.316,0.509,0.161,0.717,0.102,-0.076,-0.328,-0.621,0.417,0.27,-0.235,0.304,-0.578,-0.037,0.182,-0.472,-0.58,-0.41,-0.278,-0.261,-0.387,0.377,0.198,0.778,-0.664,-0.053,0.735,-0.232,-0.494,0.696,-0.588,0.644,0.606,-0.034,0.621,0.182,0.67,0.501,0.052,0.538,0.609,-0.607,0.112,0.365,-0.569,0.232,-0.624,0.384,0.376,0.455,-0.161,-0.331,-0.504,0.496,-0.546,0.533,0.441
ARLP,-0.18,0.583,-0.516,-0.466,-0.529,0.738,0.7,-0.521,0.656,0.442,-0.194,0.344,0.244,0.224,0.63,0.585,0.0,-0.469,-0.132,0.77,-0.621,-0.566,-0.62,0.225,-0.301,0.471,-0.509,0.177,-0.473,-0.664,-0.102,-0.079,0.773,0.017,0.78,0.508,-0.689,-0.384,-0.626,-0.115,0.014,-0.167,-0.337,-0.441,-0.062,-0.649,-0.036,0.042,0.633,0.759,-0.333,-0.625,0.41,0.721,0.723,0.05,-0.125,0.679,-0.098,0.471,0.182,0.781,-0.541,0.589,0.61,-0.462,-0.406,-0.252,0.768,0.422,-0.145,0.173,0.482,0.025,0.408,0.657,-0.53,0.727,-0.216,0.6,-0.637,-0.065,0.659,0.704,-0.231,0.663,0.197,-0.546,0.345,-0.414,0.38,0.307,0.452,-0.144,0.227,0.027,-0.287,0.371,-0.253,-0.6,0.74,-0.402,0.669,0.548,-0.606,-0.484,-0.484,-0.431,0.101,-0.407,0.454,-0.415,-0.347,-0.161,0.525,0.056,0.193,0.432,0.07,0.566,-0.09,0.287,-0.54,0.544,-0.435,-0.531,-0.148,-0.541,-0.569,0.231,0.652,-0.196,0.516,-0.445,0.347,-0.281,-0.549,-0.2,0.139,0.828,0.791,0.622,0.789,0.727,0.685,0.387,0.647,0.675,0.341,0.022,-0.33,0.594,0.263,-0.304,0.145,-0.239,-0.424,0.271,-0.445,-0.489,-0.596,-0.387,-0.513,0.133,0.643,0.17,0.455,-0.381,-0.449,0.405,-0.424,-0.381,0.55,-0.508,0.288,0.706,0.473,0.494,0.315,0.747,0.609,0.566,0.615,0.369,-0.521,0.624,0.46,-0.581,0.371,-0.632,0.001,0.586,0.408,0.328,-0.469,-0.543,0.684,-0.263,0.677,0.004
ATEX,0.733,-0.757,0.602,0.893,0.802,-0.684,-0.558,0.477,-0.693,-0.796,-0.043,-0.627,-0.38,-0.041,-0.865,-0.773,-0.469,0.0,-0.395,-0.646,0.687,0.807,0.471,-0.452,0.667,-0.045,0.434,-0.185,0.32,0.791,0.724,0.213,-0.539,-0.266,-0.77,0.058,0.622,0.58,0.849,0.108,-0.07,-0.185,0.909,0.818,0.483,0.56,0.545,0.168,-0.824,-0.516,0.903,0.38,0.163,-0.637,-0.798,0.534,0.638,-0.607,0.2,0.095,-0.407,-0.438,0.745,-0.841,-0.646,0.61,0.818,-0.144,-0.857,-0.85,0.802,0.537,-0.673,0.45,-0.807,-0.771,0.533,-0.524,0.851,-0.509,0.799,0.579,-0.493,-0.818,0.413,-0.451,0.553,0.836,-0.641,0.94,-0.901,-0.102,-0.125,0.617,0.282,0.276,0.693,-0.861,0.348,0.698,-0.739,0.384,-0.624,0.031,0.737,0.882,0.723,0.584,0.37,0.485,-0.272,0.572,0.142,-0.445,-0.736,0.2,-0.235,-0.232,0.605,-0.736,0.697,-0.51,0.787,-0.005,0.927,0.673,0.76,0.805,0.766,-0.039,-0.594,-0.003,0.127,0.305,-0.905,0.714,0.717,0.038,0.041,-0.506,-0.482,-0.64,-0.673,-0.473,-0.607,-0.054,-0.764,0.048,0.087,0.621,0.914,-0.194,0.128,0.304,-0.584,0.81,0.276,-0.187,0.683,0.735,0.526,0.535,0.55,0.572,-0.565,-0.124,-0.818,0.874,0.253,-0.833,0.223,0.585,-0.908,0.796,-0.659,-0.649,-0.102,-0.844,-0.321,-0.731,-0.599,-0.023,-0.773,-0.819,0.711,-0.224,-0.249,0.599,-0.168,0.871,-0.469,-0.57,-0.628,0.281,0.509,0.786,-0.629,0.753,-0.645,-0.33
ATRA,-0.342,0.341,0.226,-0.274,0.044,0.039,-0.012,0.331,-0.22,0.384,0.304,0.65,-0.082,0.267,0.086,0.334,-0.132,-0.395,0.0,-0.121,0.103,0.014,-0.088,0.174,-0.213,-0.194,0.485,0.31,0.575,0.126,-0.16,0.594,-0.209,0.289,0.161,-0.727,0.383,0.308,-0.026,0.129,0.362,0.754,-0.257,-0.229,-0.199,0.37,-0.469,0.124,0.2,-0.342,-0.366,0.464,-0.446,-0.294,0.258,-0.289,-0.45,0.091,0.153,-0.462,0.518,-0.167,0.05,0.209,0.26,0.003,-0.507,0.687,0.135,0.396,-0.512,-0.582,0.219,-0.413,0.529,-0.097,0.427,-0.356,-0.348,-0.304,0.113,-0.482,-0.089,-0.024,0.029,-0.409,-0.711,-0.006,0.424,-0.48,0.23,-0.2,-0.412,-0.467,-0.274,-0.133,0.043,0.471,0.383,0.24,0.052,0.413,-0.299,-0.566,0.115,-0.409,-0.028,0.163,-0.582,0.44,-0.379,0.2,0.609,0.804,-0.002,-0.347,0.502,-0.392,-0.365,0.391,-0.277,-0.181,0.032,-0.562,-0.393,0.118,-0.47,-0.254,0.165,-0.021,-0.043,0.587,-0.453,0.377,0.368,-0.015,0.204,0.677,-0.454,-0.242,-0.049,-0.315,0.03,-0.182,-0.311,-0.276,-0.011,-0.413,-0.353,-0.39,-0.202,-0.055,0.017,0.481,0.704,-0.235,0.478,0.291,0.259,0.063,0.355,0.259,0.337,-0.733,-0.353,0.513,0.643,-0.21,0.376,0.535,0.577,0.155,0.207,-0.025,0.757,-0.27,-0.468,0.445,-0.203,0.032,-0.251,-0.755,-0.083,0.466,-0.058,-0.299,-0.099,0.263,-0.506,-0.064,0.71,-0.252,0.311,-0.303,0.186,0.054,-0.323,-0.254,0.213,0.554
AUTL,-0.435,0.712,-0.733,-0.581,-0.773,0.8,0.712,-0.715,0.818,0.543,-0.18,0.367,0.43,0.272,0.821,0.561,0.77,-0.646,-0.121,0.0,-0.823,-0.765,-0.597,0.243,-0.587,0.474,-0.758,0.076,-0.588,-0.84,-0.389,-0.309,0.785,0.057,0.802,0.508,-0.852,-0.542,-0.754,0.064,0.117,-0.25,-0.514,-0.656,-0.177,-0.84,-0.172,0.022,0.766,0.848,-0.545,-0.661,0.457,0.827,0.786,-0.058,-0.334,0.811,-0.291,0.508,0.366,0.765,-0.731,0.808,0.586,-0.713,-0.469,-0.329,0.777,0.59,-0.293,0.054,0.563,-0.197,0.459,0.834,-0.764,0.871,-0.379,0.645,-0.842,-0.228,0.793,0.899,-0.364,0.786,-0.024,-0.778,0.457,-0.598,0.609,0.445,0.554,-0.117,0.088,-0.135,-0.588,0.478,-0.458,-0.805,0.888,-0.666,0.788,0.577,-0.759,-0.637,-0.765,-0.634,0.091,-0.562,0.661,-0.655,-0.431,-0.076,0.677,-0.105,0.059,0.576,-0.096,0.495,-0.368,0.396,-0.635,0.57,-0.6,-0.552,-0.377,-0.701,-0.81,0.224,0.71,-0.188,0.268,-0.672,0.544,-0.565,-0.751,-0.473,0.112,0.899,0.808,0.786,0.916,0.72,0.828,0.529,0.841,0.482,0.417,-0.233,-0.573,0.565,0.123,-0.496,0.208,-0.451,-0.647,0.34,-0.738,-0.683,-0.788,-0.594,-0.805,0.088,0.812,0.092,0.505,-0.681,-0.626,0.513,-0.421,-0.512,0.723,-0.786,0.381,0.852,0.517,0.618,0.374,0.859,0.783,0.57,0.834,0.547,-0.697,0.524,0.459,-0.756,0.499,-0.824,0.036,0.809,0.517,0.321,-0.617,-0.764,0.837,-0.465,0.768,-0.123
AVDL,0.281,-0.635,0.558,0.512,0.709,-0.728,-0.737,0.662,-0.814,-0.53,0.015,-0.324,-0.242,-0.058,-0.782,-0.568,-0.621,0.687,0.103,-0.823,0.0,0.717,0.676,-0.27,0.424,-0.163,0.659,-0.248,0.617,0.87,0.424,0.461,-0.811,0.049,-0.661,-0.584,0.851,0.62,0.766,0.095,-0.08,0.26,0.542,0.738,0.138,0.841,0.058,0.038,-0.724,-0.739,0.525,0.607,-0.238,-0.765,-0.647,0.027,0.212,-0.732,0.234,-0.449,-0.233,-0.636,0.688,-0.768,-0.564,0.566,0.427,0.339,-0.818,-0.511,0.385,-0.094,-0.426,0.071,-0.557,-0.801,0.739,-0.797,0.43,-0.754,0.789,0.174,-0.643,-0.853,0.321,-0.746,0.017,0.785,-0.326,0.624,-0.634,-0.455,-0.267,0.181,-0.249,-0.13,0.497,-0.491,0.4,0.808,-0.818,0.507,-0.823,-0.338,0.716,0.587,0.663,0.576,-0.07,0.653,-0.496,0.766,0.632,0.089,-0.67,0.098,-0.163,-0.579,0.216,-0.389,0.52,-0.426,0.682,-0.506,0.606,0.7,0.378,0.602,0.844,-0.139,-0.784,0.355,-0.318,0.466,-0.534,0.626,0.796,0.373,-0.346,-0.719,-0.574,-0.861,-0.778,-0.512,-0.843,-0.432,-0.828,-0.356,-0.197,0.214,0.653,-0.463,-0.182,0.535,-0.214,0.456,0.498,-0.245,0.827,0.678,0.642,0.632,0.685,0.072,-0.761,-0.136,-0.516,0.725,0.342,-0.489,0.564,0.62,-0.769,0.708,-0.252,-0.798,-0.399,-0.559,-0.318,-0.81,-0.881,-0.584,-0.786,-0.396,0.699,-0.289,-0.428,0.853,-0.439,0.774,-0.171,-0.736,-0.368,0.018,0.451,0.67,-0.778,0.402,-0.692,-0.17
BCRX,0.638,-0.544,0.803,0.827,0.91,-0.771,-0.401,0.815,-0.832,-0.758,0.325,-0.285,-0.579,0.003,-0.906,-0.624,-0.566,0.807,0.014,-0.765,0.717,0.0,0.425,-0.318,0.782,-0.177,0.746,-0.002,0.491,0.904,0.762,0.422,-0.674,-0.332,-0.679,-0.229,0.825,0.667,0.913,0.035,-0.061,0.301,0.801,0.725,0.504,0.828,0.536,0.368,-0.788,-0.683,0.84,0.727,-0.089,-0.774,-0.781,0.573,0.632,-0.573,0.454,-0.109,-0.323,-0.615,0.864,-0.88,-0.537,0.827,0.501,0.174,-0.81,-0.801,0.651,0.416,-0.544,0.519,-0.534,-0.875,0.683,-0.724,0.675,-0.472,0.934,0.558,-0.512,-0.905,0.367,-0.64,0.281,0.959,-0.597,0.728,-0.788,0.021,-0.359,0.466,0.341,0.442,0.817,-0.751,0.491,0.927,-0.775,0.652,-0.84,-0.393,0.834,0.8,0.863,0.895,0.161,0.704,-0.452,0.695,0.491,-0.049,-0.79,-0.011,0.124,-0.442,0.467,-0.655,0.634,-0.466,0.816,-0.225,0.824,0.712,0.594,0.83,0.863,-0.199,-0.485,0.169,0.091,0.585,-0.796,0.823,0.757,0.345,-0.079,-0.635,-0.624,-0.847,-0.718,-0.558,-0.829,-0.188,-0.753,-0.158,-0.068,0.611,0.837,-0.106,0.169,0.684,-0.249,0.706,0.532,-0.07,0.865,0.904,0.764,0.604,0.771,0.137,-0.748,0.118,-0.584,0.797,0.465,-0.74,0.354,0.719,-0.813,0.843,-0.423,-0.862,-0.27,-0.737,-0.448,-0.83,-0.68,-0.298,-0.871,-0.685,0.663,-0.37,-0.34,0.807,-0.575,0.935,0.027,-0.754,-0.683,0.017,0.541,0.893,-0.857,0.804,-0.562,-0.084
BHAT,-0.035,-0.513,0.14,0.315,0.264,-0.477,-0.504,0.267,-0.416,-0.436,0.169,-0.407,0.113,0.01,-0.428,-0.658,-0.62,0.471,-0.088,-0.597,0.676,0.425,0.0,0.12,0.128,0.048,0.296,-0.654,0.327,0.597,0.117,0.074,-0.712,-0.074,-0.527,-0.476,0.476,0.33,0.481,0.059,-0.116,0.18,0.209,0.683,-0.235,0.518,-0.012,-0.159,-0.659,-0.361,0.207,0.294,-0.06,-0.382,-0.485,-0.171,0.083,-0.651,-0.196,-0.302,-0.219,-0.606,0.225,-0.543,-0.43,0.3,0.299,0.11,-0.622,-0.247,0.32,-0.2,-0.158,-0.122,-0.466,-0.591,0.286,-0.529,0.065,-0.509,0.492,-0.065,-0.436,-0.58,0.149,-0.346,0.079,0.505,-0.042,0.369,-0.309,-0.258,0.02,0.243,-0.445,-0.106,0.089,-0.355,0.027,0.511,-0.597,0.069,-0.527,-0.268,0.421,0.444,0.275,0.211,0.145,0.258,-0.024,0.586,0.363,0.153,-0.276,-0.022,-0.361,-0.33,0.107,-0.286,0.417,-0.053,0.41,-0.343,0.341,0.589,0.203,0.351,0.537,-0.137,-0.589,0.321,-0.502,0.057,-0.225,0.287,0.472,-0.04,-0.408,-0.487,-0.422,-0.518,-0.607,-0.159,-0.501,-0.407,-0.611,-0.322,-0.083,0.018,0.269,-0.614,-0.575,0.263,-0.061,0.144,0.045,-0.219,0.411,0.408,0.357,0.135,0.186,0.023,-0.333,-0.347,-0.543,0.47,-0.037,-0.44,0.364,0.357,-0.414,0.409,-0.401,-0.57,-0.064,-0.296,0.021,-0.595,-0.559,-0.339,-0.372,-0.171,0.494,-0.073,-0.553,0.647,-0.383,0.405,-0.122,-0.331,-0.138,0.048,0.134,0.247,-0.414,0.163,-0.466,-0.39
BLBD,-0.455,0.335,-0.49,-0.325,-0.536,0.564,0.488,-0.391,0.517,0.319,0.438,0.139,0.441,0.323,0.481,0.142,0.225,-0.452,0.174,0.243,-0.27,-0.318,0.12,0.0,-0.401,0.327,-0.274,-0.473,-0.067,-0.314,-0.334,-0.151,0.183,-0.206,0.307,-0.141,-0.335,-0.252,-0.405,0.13,0.024,0.33,-0.452,-0.083,-0.621,-0.314,-0.392,-0.249,0.186,0.48,-0.501,-0.306,0.239,0.479,0.337,-0.395,-0.326,0.236,-0.317,0.105,0.24,0.053,-0.594,0.338,0.366,-0.412,-0.425,0.043,0.407,0.564,-0.091,-0.319,0.693,-0.316,0.381,0.205,-0.462,0.25,-0.465,0.243,-0.306,-0.363,0.442,0.323,-0.065,0.465,-0.01,-0.264,0.688,-0.481,0.513,0.294,0.436,0.008,-0.21,0.079,-0.487,0.348,-0.14,-0.182,0.368,-0.218,0.259,-0.114,-0.287,-0.397,-0.361,-0.347,0.238,-0.146,0.573,-0.057,-0.022,0.445,0.61,-0.091,-0.077,0.279,-0.17,0.438,0.016,0.327,-0.327,0.194,-0.592,-0.083,-0.203,-0.455,-0.209,0.168,0.412,0.297,-0.198,-0.455,0.474,-0.408,-0.155,-0.18,-0.359,0.419,0.447,0.258,0.353,0.638,0.304,0.034,0.254,0.115,0.247,-0.181,-0.467,-0.136,-0.244,-0.128,0.475,-0.324,-0.508,0.118,-0.3,-0.284,-0.21,-0.32,-0.473,-0.172,0.556,0.063,0.209,-0.178,-0.36,0.297,0.009,-0.038,0.509,-0.388,0.098,0.199,0.398,0.599,0.731,0.39,0.282,0.057,0.546,0.568,-0.174,0.337,-0.048,-0.187,-0.166,-0.505,0.453,0.501,0.493,0.155,-0.205,-0.54,0.35,-0.281,0.481,0.058
BMRN,0.741,-0.461,0.692,0.688,0.802,-0.669,-0.22,0.665,-0.603,-0.748,0.185,-0.272,-0.603,-0.238,-0.741,-0.347,-0.301,0.667,-0.213,-0.587,0.424,0.782,0.128,-0.401,0.0,-0.224,0.542,0.168,0.162,0.595,0.733,0.156,-0.339,-0.424,-0.499,0.146,0.51,0.339,0.696,-0.31,-0.347,-0.003,0.669,0.491,0.534,0.561,0.691,0.267,-0.611,-0.463,0.811,0.508,-0.141,-0.571,-0.709,0.64,0.858,-0.502,0.539,0.001,-0.546,-0.362,0.763,-0.805,-0.494,0.858,0.499,-0.008,-0.528,-0.806,0.581,0.586,-0.57,0.795,-0.51,-0.623,0.475,-0.486,0.638,-0.038,0.709,0.747,-0.461,-0.685,0.248,-0.433,0.444,0.751,-0.725,0.701,-0.665,0.091,-0.356,0.411,0.541,0.482,0.762,-0.692,0.298,0.641,-0.611,0.458,-0.537,-0.199,0.56,0.769,0.818,0.774,0.189,0.387,-0.43,0.441,0.138,-0.33,-0.693,0.215,0.176,-0.352,0.518,-0.549,0.508,-0.305,0.469,-0.066,0.758,0.279,0.633,0.782,0.546,-0.314,-0.228,-0.253,0.394,0.583,-0.768,0.688,0.422,0.186,0.24,-0.458,-0.527,-0.54,-0.562,-0.452,-0.563,-0.196,-0.56,0.029,-0.085,0.704,0.704,0.088,0.4,0.405,-0.387,0.606,0.452,-0.252,0.604,0.729,0.471,0.425,0.641,0.199,-0.565,-0.089,-0.53,0.657,0.393,-0.702,-0.097,0.429,-0.66,0.654,-0.531,-0.579,-0.135,-0.786,-0.351,-0.664,-0.361,0.054,-0.726,-0.753,0.485,-0.263,-0.208,0.439,-0.356,0.79,-0.117,-0.666,-0.804,-0.069,0.365,0.773,-0.623,0.795,-0.551,-0.039
BNGO,-0.307,0.317,-0.443,-0.043,-0.309,0.383,0.365,-0.359,0.259,-0.097,-0.077,0.097,0.384,0.657,0.281,-0.063,0.471,-0.045,-0.194,0.474,-0.163,-0.177,0.048,0.327,-0.224,0.0,-0.421,-0.44,-0.259,-0.111,0.138,0.138,0.13,-0.063,0.404,0.198,-0.31,-0.041,-0.112,-0.007,-0.072,-0.019,-0.012,0.179,-0.286,-0.259,-0.006,0.069,-0.026,0.619,-0.07,-0.417,0.631,0.377,0.258,0.098,0.038,0.186,-0.331,0.339,0.121,0.369,-0.352,0.158,0.346,-0.264,-0.075,-0.134,0.204,0.172,0.323,0.196,0.34,-0.07,-0.17,0.052,-0.395,0.246,-0.026,0.198,-0.165,-0.064,0.397,0.204,-0.286,0.485,0.308,-0.086,0.419,-0.123,0.041,0.382,0.678,0.337,-0.086,-0.163,-0.136,-0.154,-0.328,-0.154,0.372,-0.49,0.161,0.546,-0.333,-0.027,-0.262,-0.233,0.234,-0.111,0.605,0.223,-0.05,-0.017,0.235,-0.083,-0.047,0.145,0.437,0.136,0.486,-0.038,-0.07,0.358,-0.125,0.077,0.19,-0.369,-0.096,0.002,0.293,0.124,0.073,-0.511,0.025,0.096,-0.146,-0.495,-0.452,0.569,0.654,0.148,0.5,0.732,0.27,0.116,0.138,0.534,0.5,0.175,0.038,0.246,-0.126,0.022,0.252,0.056,-0.57,0.268,-0.124,0.049,-0.467,-0.272,-0.485,0.24,0.391,0.009,-0.016,0.046,-0.792,-0.049,-0.074,0.098,0.107,-0.259,-0.009,0.163,0.656,0.209,0.34,0.243,0.175,0.348,0.303,0.253,-0.033,0.819,0.069,-0.033,-0.046,-0.3,-0.138,0.352,0.213,0.563,-0.518,-0.345,0.264,0.062,0.398,-0.598
BUSE,0.431,-0.395,0.811,0.449,0.771,-0.618,-0.418,0.844,-0.748,-0.339,0.42,0.012,-0.486,-0.067,-0.679,-0.22,-0.509,0.434,0.485,-0.758,0.659,0.746,0.296,-0.274,0.542,-0.421,0.0,0.245,0.777,0.742,0.436,0.616,-0.549,0.033,-0.5,-0.571,0.872,0.727,0.651,0.073,0.095,0.566,0.451,0.43,0.309,0.871,0.129,0.215,-0.477,-0.849,0.449,0.838,-0.48,-0.783,-0.446,0.216,0.212,-0.456,0.475,-0.391,-0.04,-0.615,0.719,-0.578,-0.338,0.672,0.167,0.557,-0.536,-0.407,0.136,-0.066,-0.424,0.194,-0.042,-0.703,0.862,-0.733,0.328,-0.541,0.789,0.165,-0.56,-0.712,0.484,-0.747,-0.153,0.722,-0.293,0.394,-0.492,-0.243,-0.666,-0.032,0.086,0.259,0.672,-0.221,0.705,0.836,-0.596,0.863,-0.781,-0.583,0.702,0.445,0.693,0.731,-0.147,0.723,-0.682,0.571,0.64,0.311,-0.62,-0.005,0.374,-0.505,0.07,-0.195,0.207,-0.367,0.596,-0.52,0.442,0.54,0.23,0.629,0.747,-0.034,-0.539,0.454,-0.162,0.797,-0.422,0.564,0.703,0.822,-0.192,-0.706,-0.617,-0.781,-0.673,-0.64,-0.781,-0.404,-0.597,-0.403,-0.408,0.219,0.518,-0.225,0.138,0.664,0.054,0.383,0.827,0.045,0.8,0.663,0.86,0.679,0.899,-0.26,-0.845,0.249,-0.105,0.511,0.699,-0.241,0.544,0.504,-0.552,0.704,0.073,-0.803,-0.646,-0.37,-0.481,-0.599,-0.665,-0.656,-0.775,-0.32,0.521,-0.6,-0.371,0.716,-0.645,0.725,0.3,-0.737,-0.322,-0.272,0.575,0.78,-0.815,0.392,-0.379,0.309
CAKE,0.223,0.318,0.397,-0.087,0.264,-0.068,0.144,0.271,-0.159,0.237,-0.133,0.472,-0.537,-0.189,-0.03,0.459,0.177,-0.185,0.31,0.076,-0.248,-0.002,-0.654,-0.473,0.168,-0.44,0.245,0.0,-0.016,-0.112,0.112,0.274,0.221,0.04,0.218,0.16,0.068,0.019,-0.044,-0.151,0.105,0.124,0.025,-0.451,0.528,0.058,0.194,0.47,0.385,-0.213,0.061,0.209,-0.369,-0.096,0.183,0.314,0.108,0.311,0.533,-0.101,0.106,0.226,0.299,0.129,0.233,0.237,-0.154,0.219,0.263,-0.124,-0.379,0.19,-0.238,0.308,0.359,0.212,0.235,0.022,0.002,0.222,-0.043,0.19,-0.026,0.121,-0.062,-0.258,-0.287,-0.127,-0.312,-0.184,0.004,-0.005,-0.548,-0.44,0.486,0.251,0.331,0.174,0.258,-0.103,0.156,0.34,0.046,-0.159,-0.009,-0.192,0.18,0.262,-0.463,0.075,-0.551,-0.277,-0.012,-0.084,-0.206,-0.111,0.562,0.005,-0.086,0.035,-0.367,-0.12,-0.073,-0.086,0.016,-0.351,-0.179,0.032,-0.128,-0.133,0.241,-0.32,0.458,0.522,-0.016,0.166,-0.166,0.441,0.536,-0.123,-0.099,0.054,0.129,-0.379,-0.003,0.116,0.223,-0.049,-0.369,0.004,0.011,0.54,0.481,0.23,-0.022,0.031,0.592,0.18,0.06,0.013,0.151,0.25,0.377,-0.307,-0.282,0.46,0.516,-0.24,0.498,0.27,-0.108,-0.152,0.161,0.089,0.392,0.091,-0.391,-0.03,-0.608,0.126,0.149,-0.072,-0.158,-0.153,-0.216,-0.314,0.387,-0.142,0.131,0.067,0.214,-0.244,-0.193,-0.436,0.138,0.292,-0.121,0.077,0.072,0.605
CASY,0.211,-0.358,0.573,0.333,0.493,-0.318,-0.43,0.564,-0.558,-0.07,0.403,-0.058,-0.125,0.178,-0.461,-0.172,-0.473,0.32,0.575,-0.588,0.617,0.491,0.327,-0.067,0.162,-0.259,0.777,-0.016,0.0,0.636,0.272,0.639,-0.429,0.231,-0.443,-0.688,0.793,0.827,0.472,0.391,0.457,0.483,0.36,0.417,0.032,0.663,-0.216,-0.012,-0.363,-0.705,0.225,0.616,-0.263,-0.665,-0.25,-0.025,-0.158,-0.315,0.139,-0.258,0.304,-0.522,0.45,-0.288,-0.282,0.259,0.139,0.482,-0.472,-0.077,0.059,-0.319,-0.174,-0.267,0.012,-0.595,0.79,-0.615,0.299,-0.756,0.619,-0.172,-0.353,-0.518,0.544,-0.632,-0.237,0.545,0.115,0.289,-0.347,-0.331,-0.351,-0.024,-0.201,-0.003,0.413,-0.008,0.737,0.686,-0.402,0.676,-0.663,-0.413,0.661,0.232,0.342,0.422,-0.073,0.758,-0.448,0.497,0.611,0.45,-0.397,-0.058,0.174,-0.362,-0.076,0.033,0.144,-0.438,0.589,-0.48,0.187,0.681,0.113,0.386,0.698,0.32,-0.594,0.752,-0.467,0.47,-0.212,0.291,0.759,0.705,-0.475,-0.522,-0.307,-0.664,-0.483,-0.458,-0.599,-0.222,-0.451,-0.324,-0.184,-0.002,0.401,-0.384,0.102,0.457,0.191,0.299,0.56,0.184,0.659,0.445,0.728,0.638,0.66,-0.158,-0.639,0.333,-0.014,0.463,0.545,-0.011,0.829,0.456,-0.456,0.513,0.248,-0.67,-0.598,-0.083,-0.182,-0.365,-0.647,-0.771,-0.55,0.001,0.477,-0.491,-0.339,0.599,-0.48,0.485,0.298,-0.472,0.087,0.056,0.601,0.516,-0.629,0.097,-0.229,0.286
CCOI,0.447,-0.588,0.761,0.753,0.865,-0.782,-0.595,0.755,-0.912,-0.68,0.19,-0.279,-0.441,0.078,-0.892,-0.676,-0.664,0.791,0.126,-0.84,0.87,0.904,0.597,-0.314,0.595,-0.111,0.742,-0.112,0.636,0.0,0.662,0.56,-0.829,-0.131,-0.718,-0.447,0.922,0.768,0.93,0.081,0.035,0.336,0.739,0.827,0.31,0.892,0.333,0.274,-0.847,-0.743,0.725,0.703,-0.136,-0.85,-0.746,0.345,0.434,-0.674,0.312,-0.284,-0.22,-0.671,0.823,-0.839,-0.505,0.741,0.536,0.298,-0.859,-0.698,0.542,0.184,-0.515,0.252,-0.602,-0.938,0.802,-0.868,0.58,-0.701,0.95,0.335,-0.62,-0.947,0.322,-0.758,0.137,0.934,-0.421,0.676,-0.787,-0.211,-0.33,0.361,0.026,0.177,0.757,-0.683,0.503,0.921,-0.82,0.598,-0.912,-0.402,0.849,0.731,0.777,0.776,0.003,0.742,-0.51,0.839,0.578,0.065,-0.782,-0.059,0.032,-0.561,0.39,-0.572,0.648,-0.578,0.865,-0.407,0.746,0.805,0.523,0.713,0.95,-0.196,-0.655,0.318,-0.164,0.567,-0.706,0.812,0.858,0.37,-0.273,-0.744,-0.597,-0.915,-0.755,-0.563,-0.883,-0.316,-0.853,-0.259,-0.169,0.41,0.808,-0.311,-0.016,0.721,-0.144,0.655,0.545,-0.039,0.905,0.905,0.766,0.642,0.777,0.052,-0.829,0.113,-0.53,0.823,0.415,-0.634,0.577,0.747,-0.83,0.85,-0.333,-0.931,-0.345,-0.661,-0.461,-0.872,-0.837,-0.509,-0.89,-0.573,0.749,-0.324,-0.42,0.915,-0.567,0.901,-0.042,-0.802,-0.538,0.026,0.541,0.848,-0.908,0.671,-0.613,-0.111
