,AAPL,ACRS,ADP,AFYA,AGNC,AGYS,ALT,AMGN,AMPH,AMZN,ANIP,AOSL,APDN,APLT,APVO,ARGX,ARLP,ATEX,ATRA,AUTL,AVDL,BCRX,BHAT,BLBD,BMRN,BNGO,BUSE,CAKE,CASY,CCOI,CEVA,CHY,CLDX,CLMT,COHU,COLM,COST,CPRT,CSWC,CSX,DBX,DCOM,DKNG,DMLP,DOX,EA,EDIT,ENPH,ENSG,ERNA,ESGR,ETNB,EXTR,FANG,FARO,FATE,FGEN,FIVE,FIVN,FLGT,FOLD,FORM,FOXA,FRPT,FSLR,FTAI,GBDC,GDYN,GGAL,GNLN,GRFS,GT,HCAT,HCM,HFWA,HOLX,HQY,HUBG,IAC,ICLR,IDCC,IEP,IHRT,ILMN,ILPT,IMAB,IMOS,INMD,INTZ,JAZZ,JKHY,JRVR,KIDS,LBRDK,LGND,LMAT,LPLA,LULU,MASI,MAT,MATW,MBIN,MBIO,MCRB,MDB,MDLZ,MELI,MIRM,MLKN,MNMD,MNRO,MPWR,MRCY,MRSN,MTVA,NAAS,NDAQ,NDSN,NEGG,NOVT,NVDA,NWE,NWSA,NXST,OCX,ODFL,OMAB,OPCH,OPRA,ORGO,OTRK,OZK,PAGP,PCH,PEGA,PENG,PENN,PFBC,PGNY,PHAT,PHUN,PINC,PLUG,PLXS,PYPL,QLYS,QNCX,QQQX,QVCGA,RAPT,RBBN,RCKT,REPL,RMBS,ROAD,ROKU,ROP,RUSHA,SANM,SATS,SBCF,SBLK,SBUX,SCHL,SCSC,SDGR,SEIC,SFIX,SGRY,SKYW,SLP,SNES,STAA,STLD,STOK,SWKS,TER,TFIN,TIGO,TILE,TPIC,TTEC,TTEK,TTGT,UXIN,VERU,VLYPP,VNOM,VRNS,VRSN,WDAY,WERN,WINA,WKHS,WRLD,XP,XTKG,YY,ZION,ZM
AAPL,0.0,-0.594,0.547,0.727,0.692,-0.447,-0.245,0.422,-0.267,-0.717,-0.372,-0.663,-0.476,-0.247,-0.66,-0.53,-0.079,0.751,-0.716,-0.381,0.118,0.422,-0.077,-0.391,0.761,-0.018,0.019,-0.012,-0.222,0.283,0.615,-0.327,-0.147,-0.528,-0.595,0.686,0.167,-0.026,0.522,-0.208,-0.464,-0.484,0.667,0.245,0.59,0.23,0.69,0.236,-0.489,-0.202,0.863,-0.042,0.21,-0.371,-0.418,0.564,0.593,-0.292,0.114,0.446,-0.504,-0.207,0.608,-0.641,-0.594,0.487,0.672,-0.551,-0.493,-0.776,0.812,0.812,-0.645,0.731,-0.628,-0.414,-0.047,-0.106,0.838,0.145,0.5,0.733,-0.146,-0.521,0.269,-0.082,0.823,0.606,-0.692,0.839,-0.547,0.279,-0.151,0.753,0.611,0.63,0.559,-0.746,-0.027,0.367,-0.398,0.081,-0.229,0.231,0.094,0.778,0.678,0.405,0.573,-0.05,-0.092,0.098,-0.324,-0.706,-0.526,0.135,-0.255,-0.045,0.432,-0.549,0.601,-0.032,0.302,0.325,0.764,-0.008,0.668,0.779,0.198,-0.206,-0.222,-0.484,0.555,0.269,-0.838,0.451,0.213,-0.341,0.342,-0.122,-0.406,-0.248,-0.456,-0.374,-0.244,-0.068,-0.458,0.016,0.484,0.685,0.728,-0.004,0.326,-0.177,-0.719,0.73,0.099,-0.348,0.206,0.45,0.039,0.236,0.417,0.839,-0.242,-0.389,-0.704,0.595,-0.024,-0.72,-0.45,0.341,-0.669,0.581,-0.719,-0.272,0.255,-0.745,0.166,-0.471,-0.175,0.592,-0.542,-0.813,0.411,-0.051,0.105,-0.121,0.007,0.688,-0.531,-0.364,-0.635,0.162,0.13,0.672,-0.29,0.775,-0.474,-0.507
ACRS,-0.594,0.0,-0.456,-0.571,-0.556,0.684,0.768,-0.49,0.39,0.756,0.574,0.87,0.306,0.496,0.719,0.796,0.6,-0.723,0.677,0.77,-0.445,-0.277,-0.37,0.285,-0.626,0.331,-0.019,0.48,0.056,-0.402,-0.216,0.545,0.583,0.29,0.9,-0.239,-0.369,0.112,-0.509,0.311,0.602,0.427,-0.348,-0.317,-0.135,-0.435,-0.308,0.094,0.652,0.549,-0.679,0.055,0.166,0.598,0.498,0.066,-0.195,0.692,0.242,0.093,0.567,0.61,-0.537,0.737,0.812,-0.413,-0.613,0.465,0.747,0.646,-0.632,-0.28,0.772,-0.412,0.724,0.575,-0.005,0.451,-0.576,0.239,-0.545,-0.425,0.526,0.697,-0.154,0.406,-0.445,-0.609,0.616,-0.824,0.37,0.148,0.301,-0.597,0.093,-0.213,-0.143,0.648,0.289,-0.443,0.691,0.058,0.423,0.109,0.001,-0.812,-0.608,-0.154,-0.312,0.128,0.232,-0.221,0.144,0.541,0.527,-0.099,0.695,0.388,0.01,0.553,-0.436,-0.105,-0.232,0.194,-0.628,-0.042,-0.438,-0.697,-0.198,0.384,0.741,0.372,0.081,-0.261,0.689,-0.193,-0.3,0.372,0.025,0.575,0.754,0.424,0.841,0.629,0.486,0.453,0.714,0.482,-0.448,-0.319,-0.513,0.685,0.265,0.324,0.716,-0.398,-0.109,0.664,-0.145,-0.339,-0.041,-0.169,-0.417,-0.712,0.383,0.73,0.888,-0.499,0.402,0.772,0.37,-0.288,0.774,-0.502,0.767,0.472,0.04,0.744,-0.35,0.751,0.572,-0.184,0.592,0.652,-0.433,0.403,0.134,0.016,0.162,-0.709,0.651,0.53,0.627,0.143,0.003,-0.5,0.416,-0.604,0.786,0.783
ADP,0.547,-0.456,0.0,0.668,0.879,-0.718,-0.383,0.787,-0.76,-0.736,-0.32,-0.291,-0.645,-0.036,-0.804,-0.535,-0.41,0.661,-0.232,-0.646,0.426,0.628,0.137,-0.387,0.737,0.057,0.456,0.092,0.12,0.659,0.707,-0.036,-0.589,-0.414,-0.551,0.133,0.676,0.171,0.732,-0.327,-0.439,0.07,0.577,0.352,0.474,0.725,0.603,0.553,-0.591,-0.594,0.797,0.507,-0.086,-0.728,-0.502,0.478,0.526,-0.488,0.215,-0.058,-0.376,-0.47,0.842,-0.768,-0.455,0.79,0.393,-0.148,-0.629,-0.76,0.629,0.535,-0.575,0.644,-0.597,-0.711,0.353,-0.657,0.647,-0.152,0.767,0.611,-0.392,-0.771,-0.055,-0.666,0.289,0.783,-0.601,0.612,-0.537,0.192,-0.425,0.549,0.362,0.435,0.657,-0.755,-0.039,0.7,-0.6,0.357,-0.759,-0.301,0.19,0.727,0.781,0.73,-0.017,0.316,-0.546,0.51,0.27,-0.3,-0.83,-0.191,0.025,-0.536,0.34,-0.557,0.647,-0.279,0.489,-0.213,0.671,0.205,0.388,0.672,0.439,-0.514,-0.351,-0.292,0.219,0.709,-0.789,0.726,0.465,-0.014,-0.078,-0.523,-0.518,-0.722,-0.581,-0.606,-0.702,-0.322,-0.674,-0.302,0.283,0.581,0.761,-0.026,0.197,0.376,-0.393,0.613,0.582,-0.27,0.557,0.801,0.278,0.343,0.836,0.335,-0.73,-0.269,-0.517,0.579,0.081,-0.701,-0.158,0.598,-0.675,0.679,-0.42,-0.711,-0.068,-0.703,-0.201,-0.712,-0.569,0.005,-0.829,-0.666,0.405,-0.036,0.057,0.331,-0.504,0.814,-0.189,-0.809,-0.703,-0.075,-0.037,0.832,-0.799,0.791,-0.558,-0.511
AFYA,0.727,-0.571,0.668,0.0,0.802,-0.566,-0.335,0.417,-0.624,-0.688,-0.088,-0.514,-0.425,0.042,-0.788,-0.716,-0.435,0.895,-0.465,-0.564,0.461,0.768,0.307,-0.279,0.615,0.289,0.299,-0.261,0.121,0.72,0.756,-0.023,-0.462,-0.466,-0.652,0.285,0.567,0.356,0.838,-0.018,-0.199,-0.182,0.872,0.668,0.476,0.466,0.656,0.317,-0.778,-0.431,0.854,0.333,0.318,-0.591,-0.655,0.617,0.654,-0.461,0.067,0.308,-0.331,-0.383,0.722,-0.72,-0.465,0.615,0.771,-0.292,-0.736,-0.797,0.869,0.707,-0.49,0.519,-0.76,-0.753,0.299,-0.473,0.852,-0.271,0.815,0.64,-0.299,-0.762,0.232,-0.333,0.667,0.832,-0.53,0.811,-0.781,0.251,-0.007,0.748,0.449,0.472,0.667,-0.864,0.141,0.677,-0.624,0.237,-0.576,0.064,0.479,0.737,0.682,0.601,0.511,0.33,-0.102,0.543,0.004,-0.47,-0.655,0.016,-0.162,-0.157,0.618,-0.65,0.868,-0.378,0.741,0.16,0.834,0.464,0.788,0.79,0.621,-0.185,-0.374,-0.156,0.261,0.248,-0.847,0.707,0.6,-0.256,0.016,-0.394,-0.356,-0.593,-0.521,-0.431,-0.555,-0.017,-0.684,0.017,0.307,0.659,0.892,-0.089,0.147,0.229,-0.411,0.852,0.139,-0.131,0.59,0.767,0.421,0.402,0.541,0.606,-0.495,-0.152,-0.697,0.812,0.131,-0.796,-0.009,0.642,-0.807,0.779,-0.64,-0.632,0.165,-0.708,-0.088,-0.544,-0.461,0.223,-0.739,-0.758,0.621,-0.166,-0.077,0.357,-0.229,0.813,-0.424,-0.496,-0.535,0.324,0.388,0.843,-0.626,0.756,-0.439,-0.457
AGNC,0.692,-0.556,0.879,0.802,0.0,-0.809,-0.501,0.77,-0.844,-0.815,-0.323,-0.407,-0.628,-0.074,-0.924,-0.655,-0.488,0.842,-0.368,-0.723,0.595,0.758,0.254,-0.469,0.793,0.09,0.464,-0.004,0.08,0.763,0.764,-0.017,-0.666,-0.45,-0.65,0.172,0.739,0.221,0.892,-0.278,-0.47,-0.019,0.733,0.484,0.552,0.783,0.632,0.515,-0.729,-0.704,0.9,0.548,-0.064,-0.798,-0.632,0.522,0.641,-0.596,0.273,-0.051,-0.462,-0.493,0.948,-0.892,-0.575,0.84,0.59,-0.154,-0.783,-0.878,0.778,0.614,-0.658,0.688,-0.751,-0.79,0.385,-0.669,0.776,-0.191,0.868,0.718,-0.5,-0.888,0.056,-0.66,0.428,0.895,-0.7,0.793,-0.688,0.132,-0.351,0.627,0.372,0.391,0.738,-0.876,-0.015,0.778,-0.741,0.324,-0.788,-0.166,0.303,0.823,0.905,0.79,0.123,0.347,-0.531,0.61,0.252,-0.41,-0.888,-0.056,-0.086,-0.485,0.492,-0.659,0.79,-0.301,0.593,-0.172,0.866,0.281,0.605,0.832,0.56,-0.495,-0.473,-0.307,0.253,0.664,-0.901,0.847,0.523,-0.098,-0.026,-0.611,-0.581,-0.788,-0.676,-0.676,-0.791,-0.337,-0.791,-0.259,0.326,0.659,0.896,-0.05,0.13,0.367,-0.507,0.747,0.58,-0.333,0.672,0.872,0.36,0.508,0.848,0.487,-0.807,-0.335,-0.657,0.727,0.024,-0.788,-0.139,0.684,-0.844,0.791,-0.55,-0.755,-0.077,-0.829,-0.207,-0.753,-0.626,0.051,-0.927,-0.784,0.59,-0.211,-0.026,0.414,-0.422,0.953,-0.386,-0.837,-0.741,0.001,0.054,0.967,-0.836,0.849,-0.653,-0.575
AGYS,-0.447,0.684,-0.718,-0.566,-0.809,0.0,0.699,-0.796,0.776,0.836,0.511,0.472,0.6,0.443,0.853,0.714,0.731,-0.686,0.47,0.821,-0.559,-0.525,-0.378,0.495,-0.745,0.245,-0.235,0.147,0.157,-0.603,-0.438,0.337,0.811,0.409,0.722,-0.105,-0.609,0.123,-0.733,0.554,0.699,0.117,-0.368,-0.289,-0.315,-0.772,-0.529,-0.396,0.688,0.709,-0.75,-0.432,0.418,0.802,0.691,-0.179,-0.471,0.782,-0.111,0.323,0.621,0.638,-0.863,0.904,0.717,-0.803,-0.453,0.247,0.796,0.817,-0.582,-0.372,0.761,-0.645,0.765,0.684,-0.155,0.696,-0.519,0.102,-0.71,-0.647,0.673,0.848,0.292,0.733,-0.174,-0.734,0.784,-0.696,0.411,0.025,0.489,-0.531,-0.048,-0.182,-0.429,0.782,0.433,-0.595,0.811,0.047,0.722,0.366,-0.03,-0.818,-0.823,-0.618,0.122,-0.053,0.599,-0.438,-0.181,0.428,0.83,0.105,0.27,0.687,-0.145,0.742,-0.514,0.019,-0.309,0.455,-0.756,-0.028,-0.35,-0.71,-0.263,0.775,0.596,0.49,-0.027,-0.626,0.763,-0.575,-0.237,0.33,0.01,0.793,0.843,0.702,0.817,0.841,0.806,0.562,0.761,0.577,-0.36,-0.429,-0.593,0.314,0.168,-0.153,0.571,-0.384,-0.485,0.645,-0.391,-0.68,-0.115,-0.164,-0.66,-0.365,0.746,0.666,0.753,-0.434,0.406,0.822,0.347,-0.461,0.757,-0.529,0.622,0.684,0.1,0.873,0.13,0.896,0.634,-0.025,0.83,0.718,-0.394,0.181,0.108,-0.292,0.424,-0.86,0.457,0.887,0.858,0.353,0.265,-0.726,0.766,-0.722,0.874,0.742
ALT,-0.245,0.768,-0.383,-0.335,-0.501,0.699,0.0,-0.48,0.592,0.595,0.659,0.599,0.267,0.332,0.649,0.689,0.728,-0.559,0.363,0.747,-0.579,-0.163,-0.419,0.41,-0.389,0.319,-0.051,0.366,-0.061,-0.436,-0.048,0.326,0.739,-0.014,0.777,0.092,-0.52,0.082,-0.495,0.274,0.501,0.315,-0.224,-0.198,-0.039,-0.553,-0.001,0.099,0.561,0.751,-0.452,-0.084,0.367,0.736,0.454,0.321,0.007,0.778,0.282,0.494,0.443,0.555,-0.516,0.626,0.688,-0.32,-0.491,0.185,0.742,0.48,-0.333,0.053,0.698,-0.145,0.684,0.545,-0.162,0.645,-0.38,0.472,-0.478,-0.161,0.737,0.675,0.067,0.664,-0.01,-0.443,0.496,-0.607,0.285,0.502,0.39,-0.305,0.416,0.23,-0.039,0.513,0.355,-0.371,0.716,0.098,0.537,0.148,0.032,-0.611,-0.493,-0.094,0.153,0.026,0.513,-0.351,-0.07,0.335,0.607,0.007,0.579,0.544,0.101,0.479,-0.249,0.121,-0.223,0.593,-0.478,-0.066,-0.135,-0.437,-0.212,0.46,0.847,0.261,0.434,-0.411,0.518,-0.215,-0.32,0.24,0.25,0.774,0.721,0.523,0.783,0.838,0.592,0.616,0.747,0.639,-0.215,-0.014,-0.42,0.692,0.373,0.178,0.53,-0.275,-0.365,0.624,-0.19,-0.307,-0.023,-0.278,-0.467,-0.414,0.623,0.66,0.648,-0.322,0.368,0.514,0.143,-0.329,0.693,-0.389,0.449,0.496,0.333,0.623,-0.07,0.728,0.718,0.227,0.613,0.46,-0.414,0.568,0.09,-0.126,0.132,-0.614,0.631,0.659,0.511,0.295,0.107,-0.426,0.523,-0.375,0.827,0.685
AMGN,0.422,-0.49,0.787,0.417,0.77,-0.796,-0.48,0.0,-0.663,-0.779,-0.466,-0.314,-0.696,-0.241,-0.755,-0.519,-0.491,0.48,-0.221,-0.708,0.421,0.469,0.165,-0.3,0.779,-0.182,0.377,0.009,0.017,0.507,0.457,-0.269,-0.686,-0.426,-0.561,0.038,0.634,-0.075,0.591,-0.508,-0.692,0.17,0.245,0.064,0.364,0.813,0.422,0.492,-0.437,-0.656,0.68,0.508,-0.406,-0.732,-0.384,0.175,0.313,-0.518,0.139,-0.24,-0.422,-0.624,0.802,-0.784,-0.686,0.755,0.123,-0.147,-0.633,-0.637,0.513,0.301,-0.623,0.659,-0.462,-0.591,0.109,-0.633,0.457,-0.01,0.641,0.563,-0.391,-0.722,-0.177,-0.737,0.051,0.7,-0.643,0.535,-0.215,0.18,-0.514,0.453,0.139,0.345,0.393,-0.618,-0.316,0.668,-0.566,0.141,-0.738,-0.525,-0.09,0.751,0.79,0.678,-0.143,0.208,-0.546,0.369,0.401,-0.155,-0.73,-0.271,-0.068,-0.689,-0.02,-0.498,0.422,0.074,0.233,-0.435,0.536,-0.019,0.145,0.633,0.21,-0.694,-0.434,-0.356,0.068,0.733,-0.672,0.509,0.198,-0.078,-0.171,-0.528,-0.763,-0.72,-0.671,-0.664,-0.776,-0.531,-0.6,-0.629,0.452,0.439,0.523,-0.177,-0.013,0.238,-0.475,0.321,0.626,-0.518,0.397,0.632,0.157,0.241,0.739,0.296,-0.702,-0.544,-0.543,0.319,-0.205,-0.667,-0.31,0.529,-0.601,0.459,-0.38,-0.673,-0.196,-0.692,0.046,-0.84,-0.608,-0.098,-0.751,-0.492,0.225,-0.164,0.056,0.205,-0.588,0.781,-0.107,-0.853,-0.773,-0.311,-0.321,0.659,-0.735,0.742,-0.695,-0.704
AMPH,-0.267,0.39,-0.76,-0.624,-0.844,0.776,0.592,-0.663,0.0,0.576,0.165,0.151,0.429,-0.089,0.81,0.569,0.652,-0.697,0.037,0.715,-0.776,-0.758,-0.473,0.442,-0.477,-0.188,-0.593,0.104,-0.312,-0.883,-0.617,-0.246,0.787,0.139,0.502,0.266,-0.9,-0.397,-0.873,0.154,0.217,-0.194,-0.617,-0.577,-0.3,-0.872,-0.347,-0.417,0.721,0.844,-0.622,-0.738,0.159,0.857,0.637,-0.313,-0.446,0.669,-0.223,0.358,0.272,0.5,-0.839,0.742,0.373,-0.732,-0.434,-0.154,0.782,0.648,-0.515,-0.246,0.445,-0.324,0.672,0.828,-0.625,0.844,-0.524,0.505,-0.851,-0.402,0.659,0.858,0.065,0.818,-0.038,-0.793,0.437,-0.552,0.676,0.135,0.301,-0.378,-0.005,0.017,-0.635,0.701,-0.048,-0.785,0.769,-0.364,0.892,0.282,-0.454,-0.571,-0.693,-0.74,0.204,-0.532,0.618,-0.791,-0.51,0.118,0.838,0.103,-0.007,0.623,-0.399,0.541,-0.685,0.51,-0.691,0.468,-0.702,-0.482,-0.397,-0.572,-0.69,0.427,0.583,0.014,0.138,-0.624,0.646,-0.834,-0.637,-0.083,0.319,0.774,0.471,0.897,0.626,0.709,0.889,0.361,0.774,0.291,-0.042,-0.405,-0.761,0.128,0.054,-0.584,0.181,-0.554,-0.639,0.179,-0.781,-0.863,-0.501,-0.537,-0.832,-0.121,0.928,0.158,0.446,-0.632,-0.083,0.565,-0.201,-0.674,0.753,-0.712,0.259,0.838,0.276,0.611,0.457,0.665,0.77,0.366,0.898,0.516,-0.573,0.299,0.189,-0.7,0.504,-0.82,0.26,0.846,0.508,0.023,-0.094,-0.833,0.932,-0.545,0.569,0.409
AMZN,-0.717,0.756,-0.736,-0.688,-0.815,0.836,0.595,-0.779,0.576,0.0,0.565,0.678,0.69,0.375,0.87,0.792,0.591,-0.73,0.628,0.778,-0.348,-0.481,-0.208,0.352,-0.896,0.204,-0.107,0.191,0.225,-0.484,-0.471,0.496,0.67,0.577,0.852,-0.376,-0.457,0.194,-0.663,0.519,0.786,0.271,-0.464,-0.214,-0.416,-0.626,-0.62,-0.274,0.69,0.555,-0.886,-0.196,0.241,0.721,0.601,-0.274,-0.493,0.685,0.029,0.077,0.661,0.61,-0.777,0.909,0.803,-0.723,-0.526,0.462,0.746,0.876,-0.752,-0.577,0.843,-0.763,0.776,0.666,0.044,0.596,-0.661,-0.031,-0.683,-0.684,0.506,0.828,0.064,0.509,-0.49,-0.764,0.836,-0.81,0.388,-0.142,0.493,-0.686,-0.283,-0.522,-0.432,0.874,0.362,-0.59,0.735,0.014,0.593,0.277,0.075,-0.952,-0.87,-0.537,-0.195,0.084,0.421,-0.342,0.044,0.533,0.764,0.106,0.345,0.509,-0.156,0.755,-0.576,-0.058,-0.279,0.234,-0.75,0.042,-0.436,-0.816,-0.221,0.671,0.485,0.595,-0.182,-0.6,0.888,-0.512,-0.234,0.435,-0.059,0.59,0.849,0.57,0.817,0.724,0.627,0.546,0.762,0.543,-0.506,-0.541,-0.666,0.362,0.053,0.044,0.706,-0.58,-0.337,0.629,-0.263,-0.63,-0.03,-0.17,-0.621,-0.631,0.581,0.696,0.86,-0.517,0.337,0.911,0.505,-0.514,0.774,-0.599,0.799,0.601,-0.028,0.928,-0.191,0.897,0.526,-0.282,0.778,0.825,-0.46,0.187,-0.007,-0.036,0.402,-0.864,0.474,0.769,0.904,0.291,0.213,-0.731,0.629,-0.893,0.838,0.828
ANIP,-0.372,0.574,-0.32,-0.088,-0.323,0.511,0.659,-0.466,0.165,0.565,0.0,0.539,0.541,0.542,0.411,0.464,0.294,-0.244,0.527,0.373,0.04,0.28,0.198,0.453,-0.472,0.621,0.411,-0.142,0.435,0.119,0.105,0.691,0.387,0.223,0.595,-0.422,-0.012,0.571,-0.089,0.518,0.733,0.495,0.061,0.408,-0.276,-0.179,-0.186,-0.153,0.064,0.271,-0.424,0.351,0.414,0.362,0.074,0.203,0.07,0.331,0.294,0.216,0.418,0.266,-0.4,0.41,0.687,-0.194,-0.222,0.569,0.348,0.446,-0.193,-0.199,0.789,-0.427,0.42,0.043,0.367,0.193,-0.291,-0.119,-0.031,-0.307,0.301,0.288,0.351,0.41,-0.038,-0.106,0.674,-0.398,-0.106,0.174,0.568,-0.238,0.011,-0.14,0.128,0.374,0.645,0.073,0.289,0.417,0.113,0.136,0.572,-0.52,-0.382,0.1,0.222,0.436,0.443,0.27,0.271,0.558,0.428,0.236,0.497,0.365,0.322,0.427,0.134,-0.221,0.234,0.326,-0.277,0.522,0.151,-0.256,0.383,0.622,0.366,0.72,-0.035,-0.375,0.454,0.068,0.237,0.469,-0.225,0.341,0.713,0.084,0.477,0.735,0.206,0.45,0.334,0.702,-0.409,0.035,-0.15,0.364,0.151,0.502,0.762,-0.118,-0.273,0.712,0.31,0.056,0.508,0.051,-0.215,-0.527,0.245,0.748,0.502,0.122,0.533,0.424,0.623,-0.044,0.337,-0.041,0.422,0.023,0.151,0.592,-0.229,0.626,0.28,-0.219,0.288,0.49,0.038,0.182,-0.403,0.477,-0.123,-0.366,0.545,0.487,0.647,0.487,0.503,-0.194,0.14,-0.467,0.723,0.704
AOSL,-0.663,0.87,-0.291,-0.514,-0.407,0.472,0.599,-0.314,0.151,0.678,0.539,0.0,0.227,0.417,0.567,0.701,0.441,-0.657,0.8,0.581,-0.258,-0.154,-0.269,0.204,-0.541,0.273,0.215,0.487,0.192,-0.223,-0.153,0.598,0.353,0.324,0.822,-0.436,-0.128,0.215,-0.351,0.18,0.541,0.603,-0.353,-0.224,-0.159,-0.192,-0.315,0.234,0.573,0.298,-0.63,0.279,-0.047,0.377,0.436,0.017,-0.2,0.545,0.338,-0.122,0.545,0.531,-0.34,0.604,0.772,-0.236,-0.662,0.62,0.618,0.572,-0.626,-0.36,0.649,-0.4,0.684,0.422,0.199,0.217,-0.551,0.102,-0.374,-0.376,0.361,0.515,-0.248,0.162,-0.616,-0.444,0.556,-0.787,0.305,0.088,0.124,-0.628,-0.026,-0.28,-0.087,0.609,0.287,-0.253,0.495,0.155,0.191,-0.085,0.031,-0.76,-0.481,-0.001,-0.522,0.25,-0.004,-0.018,0.363,0.573,0.343,-0.133,0.724,0.136,-0.041,0.537,-0.395,-0.171,-0.166,-0.01,-0.54,0.028,-0.397,-0.636,-0.107,0.206,0.567,0.433,-0.044,-0.095,0.633,-0.085,-0.189,0.525,-0.125,0.346,0.599,0.169,0.722,0.448,0.201,0.298,0.546,0.339,-0.462,-0.318,-0.443,0.603,0.178,0.482,0.812,-0.44,0.143,0.598,0.049,-0.191,0.057,-0.064,-0.185,-0.816,0.131,0.669,0.86,-0.449,0.342,0.692,0.421,-0.161,0.638,-0.44,0.833,0.298,-0.158,0.677,-0.458,0.578,0.32,-0.395,0.389,0.633,-0.444,0.311,0.094,0.201,-0.071,-0.55,0.648,0.296,0.53,0.028,-0.075,-0.355,0.158,-0.526,0.679,0.678
APDN,-0.476,0.306,-0.645,-0.425,-0.628,0.6,0.267,-0.696,0.429,0.69,0.541,0.227,0.0,0.303,0.576,0.437,0.2,-0.368,0.381,0.428,-0.033,-0.251,0.162,0.328,-0.719,0.253,-0.02,-0.306,0.345,-0.216,-0.363,0.388,0.419,0.527,0.423,-0.429,-0.263,0.289,-0.383,0.586,0.642,0.079,-0.24,0.108,-0.551,-0.416,-0.632,-0.557,0.231,0.226,-0.656,-0.126,0.329,0.429,0.298,-0.35,-0.439,0.287,-0.037,0.05,0.439,0.24,-0.671,0.586,0.483,-0.65,-0.165,0.361,0.346,0.672,-0.427,-0.57,0.626,-0.763,0.409,0.294,0.184,0.367,-0.441,-0.286,-0.39,-0.643,0.221,0.477,0.391,0.476,-0.192,-0.443,0.739,-0.391,0.156,-0.301,0.516,-0.339,-0.488,-0.526,-0.347,0.621,0.413,-0.285,0.346,0.111,0.379,0.324,0.304,-0.609,-0.64,-0.461,0.135,0.119,0.461,-0.096,0.035,0.459,0.657,0.306,-0.062,0.41,-0.075,0.56,-0.251,0.014,-0.09,0.186,-0.465,0.287,-0.118,-0.469,0.047,0.698,0.058,0.66,-0.413,-0.637,0.68,-0.427,0.074,0.283,-0.283,0.302,0.634,0.332,0.391,0.573,0.419,0.302,0.374,0.472,-0.39,-0.43,-0.431,-0.065,-0.125,-0.042,0.512,-0.379,-0.473,0.407,-0.124,-0.436,0.17,-0.069,-0.499,-0.332,0.431,0.441,0.431,-0.142,0.196,0.617,0.506,-0.385,0.38,-0.328,0.425,0.316,0.039,0.69,0.069,0.66,0.28,-0.284,0.548,0.642,-0.028,-0.106,-0.399,0.112,0.237,-0.586,0.24,0.661,0.768,0.372,0.422,-0.559,0.434,-0.74,0.551,0.581
APLT,-0.247,0.496,-0.036,0.042,-0.074,0.443,0.332,-0.241,-0.089,0.375,0.542,0.417,0.303,0.0,0.197,0.226,0.174,-0.09,0.62,0.277,0.09,0.254,0.063,0.274,-0.415,0.75,0.401,0.005,0.601,0.247,0.213,0.737,0.142,0.279,0.342,-0.427,0.253,0.652,0.068,0.576,0.64,0.474,0.274,0.279,-0.105,0.037,-0.294,-0.013,0.012,0.014,-0.255,0.323,0.482,0.056,0.14,0.21,-0.043,0.272,0.04,0.158,0.558,0.176,-0.203,0.296,0.463,-0.205,-0.082,0.493,0.121,0.369,-0.072,-0.152,0.489,-0.439,0.257,-0.125,0.426,-0.052,-0.047,-0.382,0.098,-0.41,0.197,0.107,0.348,0.063,-0.119,-0.021,0.581,-0.304,-0.197,0.123,0.281,-0.11,0.013,-0.152,0.202,0.166,0.604,0.193,0.234,0.469,-0.124,0.148,0.475,-0.348,-0.255,0.076,0.05,0.659,0.252,0.339,0.363,0.523,0.147,-0.045,0.43,0.233,0.382,0.236,0.204,-0.578,0.383,0.088,-0.207,0.572,0.009,-0.282,0.485,0.508,0.209,0.67,-0.21,-0.15,0.21,0.235,0.456,0.428,-0.482,0.192,0.581,-0.117,0.371,0.358,0.05,0.292,0.119,0.434,-0.258,-0.003,0.129,0.29,0.154,0.506,0.557,0.226,0.043,0.622,0.367,0.159,0.527,0.395,0.006,-0.322,-0.06,0.732,0.448,0.172,0.616,0.401,0.687,0.213,0.129,0.113,0.517,-0.153,-0.023,0.454,-0.256,0.413,0.05,-0.43,0.088,0.386,0.206,-0.083,-0.116,0.412,-0.159,-0.193,0.467,0.226,0.525,0.499,0.489,0.015,-0.1,-0.249,0.519,0.478
APVO,-0.66,0.719,-0.804,-0.788,-0.924,0.853,0.649,-0.755,0.81,0.87,0.411,0.567,0.576,0.197,0.0,0.811,0.639,-0.867,0.48,0.827,-0.629,-0.691,-0.367,0.419,-0.781,0.063,-0.335,0.223,-0.038,-0.747,-0.623,0.192,0.765,0.414,0.807,-0.152,-0.714,-0.123,-0.867,0.296,0.534,0.132,-0.662,-0.494,-0.446,-0.765,-0.578,-0.366,0.788,0.736,-0.888,-0.429,0.099,0.823,0.661,-0.353,-0.524,0.716,-0.105,0.118,0.531,0.611,-0.898,0.928,0.7,-0.781,-0.614,0.256,0.879,0.875,-0.785,-0.521,0.709,-0.626,0.851,0.81,-0.306,0.712,-0.747,0.278,-0.844,-0.665,0.556,0.933,-0.058,0.671,-0.421,-0.885,0.737,-0.848,0.664,-0.033,0.35,-0.67,-0.202,-0.342,-0.587,0.909,0.126,-0.76,0.833,-0.23,0.776,0.227,-0.263,-0.872,-0.867,-0.665,-0.155,-0.248,0.483,-0.585,-0.185,0.445,0.854,0.064,0.312,0.55,-0.342,0.724,-0.752,0.239,-0.575,0.223,-0.867,-0.275,-0.558,-0.839,-0.518,0.513,0.6,0.343,-0.112,-0.568,0.889,-0.719,-0.517,0.237,0.054,0.703,0.712,0.796,0.816,0.75,0.808,0.399,0.857,0.391,-0.4,-0.555,-0.833,0.279,0.033,-0.209,0.588,-0.687,-0.443,0.445,-0.58,-0.783,-0.309,-0.423,-0.78,-0.563,0.753,0.487,0.8,-0.72,0.095,0.845,0.196,-0.678,0.895,-0.782,0.666,0.753,0.063,0.873,0.062,0.851,0.728,-0.032,0.905,0.8,-0.566,0.298,0.095,-0.361,0.394,-0.962,0.478,0.822,0.772,0.05,-0.039,-0.881,0.803,-0.84,0.771,0.711
ARGX,-0.53,0.796,-0.535,-0.716,-0.655,0.714,0.689,-0.519,0.569,0.792,0.464,0.701,0.437,0.226,0.811,0.0,0.738,-0.765,0.541,0.771,-0.457,-0.465,-0.475,0.206,-0.596,0.131,-0.069,0.45,0.055,-0.576,-0.333,0.387,0.771,0.383,0.896,-0.172,-0.507,-0.007,-0.689,0.232,0.494,0.223,-0.501,-0.434,-0.218,-0.552,-0.44,-0.145,0.772,0.554,-0.72,-0.126,0.063,0.656,0.599,-0.127,-0.315,0.704,0.24,0.098,0.491,0.669,-0.614,0.783,0.708,-0.541,-0.622,0.391,0.833,0.738,-0.692,-0.403,0.715,-0.422,0.772,0.718,-0.052,0.604,-0.571,0.293,-0.685,-0.425,0.522,0.804,-0.015,0.5,-0.401,-0.707,0.624,-0.734,0.486,-0.005,0.316,-0.652,-0.037,-0.343,-0.294,0.804,0.281,-0.562,0.741,0.04,0.575,0.266,-0.141,-0.803,-0.649,-0.32,-0.268,-0.009,0.177,-0.422,0.042,0.43,0.635,0.146,0.525,0.411,-0.175,0.7,-0.594,0.082,-0.463,0.227,-0.707,-0.242,-0.402,-0.674,-0.353,0.458,0.6,0.325,0.114,-0.289,0.735,-0.438,-0.403,0.437,0.077,0.671,0.744,0.574,0.808,0.671,0.607,0.403,0.788,0.483,-0.404,-0.307,-0.61,0.539,0.329,0.029,0.569,-0.555,-0.15,0.472,-0.308,-0.538,-0.221,-0.195,-0.434,-0.579,0.498,0.54,0.841,-0.548,0.266,0.806,0.223,-0.515,0.754,-0.633,0.733,0.638,-0.033,0.743,-0.123,0.785,0.605,-0.094,0.664,0.72,-0.495,0.367,0.14,-0.207,0.299,-0.768,0.494,0.594,0.65,0.125,-0.044,-0.627,0.582,-0.698,0.72,0.75
ARLP,-0.079,0.6,-0.41,-0.435,-0.488,0.731,0.728,-0.491,0.652,0.591,0.294,0.441,0.2,0.174,0.639,0.738,0.0,-0.516,0.214,0.791,-0.613,-0.406,-0.68,0.127,-0.367,0.096,-0.167,0.547,-0.11,-0.63,-0.13,0.206,0.88,0.214,0.716,0.26,-0.623,-0.039,-0.635,0.249,0.39,-0.004,-0.238,-0.418,0.104,-0.658,-0.125,-0.027,0.728,0.702,-0.406,-0.375,0.264,0.708,0.606,0.155,-0.119,0.792,0.166,0.464,0.346,0.734,-0.507,0.666,0.574,-0.48,-0.405,0.063,0.787,0.476,-0.378,0.033,0.476,-0.131,0.679,0.713,-0.216,0.781,-0.223,0.435,-0.622,-0.157,0.638,0.756,0.172,0.651,0.002,-0.586,0.361,-0.463,0.298,0.228,0.278,-0.4,0.373,0.073,-0.15,0.566,0.27,-0.556,0.764,0.051,0.682,0.451,-0.202,-0.569,-0.506,-0.318,0.098,-0.134,0.338,-0.559,-0.257,0.043,0.53,0.165,0.458,0.59,-0.006,0.563,-0.457,0.12,-0.379,0.548,-0.462,-0.293,-0.201,-0.434,-0.396,0.526,0.66,0.124,0.466,-0.297,0.431,-0.356,-0.388,0.335,0.342,0.853,0.669,0.651,0.761,0.646,0.707,0.547,0.757,0.579,-0.179,-0.064,-0.371,0.628,0.495,-0.175,0.271,-0.234,-0.197,0.443,-0.341,-0.536,-0.256,-0.161,-0.395,-0.15,0.603,0.47,0.624,-0.404,0.34,0.578,-0.009,-0.453,0.601,-0.454,0.488,0.708,0.113,0.542,-0.035,0.734,0.683,0.322,0.608,0.387,-0.483,0.413,0.348,-0.404,0.42,-0.614,0.268,0.636,0.49,0.261,0.004,-0.445,0.677,-0.416,0.704,0.564
ATEX,0.751,-0.723,0.661,0.895,0.842,-0.686,-0.559,0.48,-0.697,-0.73,-0.244,-0.657,-0.368,-0.09,-0.867,-0.765,-0.516,0.0,-0.577,-0.682,0.633,0.739,0.442,-0.443,0.63,0.121,0.303,-0.329,0.107,0.749,0.706,-0.075,-0.551,-0.371,-0.742,0.23,0.614,0.301,0.848,-0.062,-0.29,-0.286,0.855,0.68,0.468,0.569,0.581,0.219,-0.822,-0.607,0.872,0.313,0.213,-0.672,-0.71,0.484,0.606,-0.625,0.06,0.156,-0.461,-0.456,0.772,-0.815,-0.595,0.624,0.811,-0.318,-0.866,-0.831,0.873,0.608,-0.597,0.497,-0.866,-0.77,0.357,-0.508,0.858,-0.367,0.811,0.619,-0.476,-0.828,0.269,-0.448,0.639,0.842,-0.613,0.925,-0.83,0.017,-0.083,0.737,0.278,0.303,0.629,-0.881,0.05,0.691,-0.756,0.232,-0.624,0.081,0.476,0.804,0.726,0.561,0.424,0.296,-0.237,0.536,0.047,-0.543,-0.746,0.112,-0.356,-0.275,0.553,-0.683,0.839,-0.328,0.69,0.027,0.929,0.449,0.736,0.847,0.624,-0.219,-0.602,-0.199,0.169,0.296,-0.875,0.707,0.618,-0.255,0.014,-0.538,-0.479,-0.636,-0.701,-0.581,-0.615,-0.139,-0.772,-0.081,0.328,0.645,0.915,-0.219,0.047,0.144,-0.579,0.801,0.211,-0.303,0.593,0.725,0.407,0.443,0.606,0.683,-0.585,-0.322,-0.811,0.844,0.036,-0.819,-0.054,0.58,-0.908,0.831,-0.698,-0.647,0.065,-0.791,-0.106,-0.628,-0.582,0.176,-0.808,-0.811,0.665,-0.327,-0.15,0.399,-0.178,0.886,-0.589,-0.587,-0.58,0.261,0.327,0.848,-0.638,0.708,-0.616,-0.555
ATRA,-0.716,0.677,-0.232,-0.465,-0.368,0.47,0.363,-0.221,0.037,0.628,0.527,0.8,0.381,0.62,0.48,0.541,0.214,-0.577,0.0,0.349,0.005,-0.087,-0.009,0.417,-0.588,0.414,0.432,0.136,0.596,-0.003,-0.203,0.703,0.132,0.464,0.6,-0.762,0.164,0.428,-0.239,0.369,0.581,0.758,-0.322,-0.061,-0.435,0.035,-0.595,-0.001,0.347,0.027,-0.65,0.393,-0.034,0.128,0.43,-0.245,-0.448,0.354,0.12,-0.296,0.674,0.209,-0.373,0.535,0.643,-0.328,-0.61,0.742,0.428,0.683,-0.586,-0.64,0.632,-0.637,0.639,0.124,0.395,-0.061,-0.541,-0.281,-0.153,-0.639,0.2,0.331,0.015,-0.022,-0.685,-0.284,0.771,-0.712,0.271,-0.106,0.115,-0.542,-0.374,-0.416,-0.132,0.62,0.465,0.01,0.385,0.358,-0.054,-0.205,0.192,-0.679,-0.458,-0.051,-0.468,0.468,0.03,0.235,0.58,0.845,0.34,-0.154,0.564,0.0,-0.105,0.6,-0.252,-0.296,-0.001,-0.263,-0.611,0.284,-0.42,-0.622,0.158,0.326,0.234,0.733,-0.467,-0.045,0.635,-0.104,0.142,0.716,-0.601,0.163,0.54,-0.064,0.514,0.401,0.023,0.087,0.302,0.171,-0.435,-0.425,-0.369,0.21,0.011,0.536,0.864,-0.378,0.177,0.574,0.199,-0.095,0.291,0.148,-0.05,-0.804,-0.023,0.65,0.779,-0.281,0.422,0.715,0.676,-0.004,0.474,-0.308,0.864,-0.014,-0.284,0.736,-0.244,0.461,0.021,-0.746,0.297,0.768,-0.176,-0.037,-0.151,0.347,-0.312,-0.474,0.737,0.212,0.64,0.113,0.122,-0.323,-0.027,-0.553,0.609,0.606
AUTL,-0.381,0.77,-0.646,-0.564,-0.723,0.821,0.747,-0.708,0.715,0.778,0.373,0.581,0.428,0.277,0.827,0.771,0.791,-0.682,0.349,0.0,-0.699,-0.531,-0.61,0.121,-0.657,0.195,-0.366,0.475,-0.137,-0.705,-0.337,0.267,0.869,0.316,0.813,0.125,-0.711,-0.034,-0.71,0.386,0.568,-0.02,-0.342,-0.487,-0.049,-0.799,-0.294,-0.078,0.79,0.773,-0.638,-0.409,0.35,0.779,0.621,0.058,-0.3,0.847,0.089,0.412,0.555,0.786,-0.69,0.877,0.692,-0.689,-0.455,0.13,0.814,0.657,-0.58,-0.146,0.62,-0.413,0.711,0.811,-0.254,0.829,-0.43,0.34,-0.775,-0.383,0.69,0.91,-0.011,0.705,-0.228,-0.786,0.537,-0.676,0.402,0.181,0.415,-0.482,0.16,-0.195,-0.318,0.689,0.212,-0.725,0.875,-0.175,0.763,0.484,-0.163,-0.778,-0.754,-0.47,-0.039,-0.136,0.476,-0.626,-0.249,0.193,0.676,0.077,0.414,0.646,-0.063,0.546,-0.601,0.043,-0.388,0.481,-0.612,-0.214,-0.366,-0.695,-0.475,0.557,0.702,0.232,0.224,-0.566,0.659,-0.492,-0.48,0.154,0.26,0.838,0.782,0.748,0.924,0.663,0.805,0.664,0.898,0.594,-0.276,-0.309,-0.561,0.633,0.374,-0.148,0.448,-0.397,-0.411,0.561,-0.473,-0.651,-0.32,-0.294,-0.696,-0.34,0.704,0.595,0.747,-0.6,0.257,0.732,0.147,-0.568,0.749,-0.655,0.639,0.797,0.172,0.704,-0.139,0.867,0.773,0.184,0.793,0.581,-0.566,0.402,0.243,-0.382,0.53,-0.82,0.361,0.802,0.645,0.271,0.046,-0.657,0.764,-0.651,0.792,0.671
AVDL,0.118,-0.445,0.426,0.461,0.595,-0.559,-0.579,0.421,-0.776,-0.348,0.04,-0.258,-0.033,0.09,-0.629,-0.457,-0.613,0.633,0.005,-0.699,0.0,0.681,0.737,-0.166,0.213,0.169,0.639,-0.493,0.527,0.853,0.399,0.309,-0.673,0.047,-0.452,-0.509,0.851,0.501,0.719,0.141,-0.031,0.223,0.499,0.735,0.01,0.768,0.022,0.023,-0.69,-0.84,0.382,0.667,-0.055,-0.671,-0.536,0.019,0.198,-0.639,0.135,-0.361,-0.175,-0.535,0.558,-0.6,-0.318,0.442,0.395,0.251,-0.739,-0.372,0.422,-0.079,-0.18,0.006,-0.553,-0.751,0.679,-0.712,0.37,-0.704,0.739,0.134,-0.557,-0.743,0.259,-0.633,0.072,0.703,-0.141,0.515,-0.595,-0.366,-0.002,0.258,-0.314,-0.236,0.392,-0.44,0.246,0.769,-0.743,0.433,-0.771,-0.185,0.603,0.392,0.485,0.507,0.023,0.575,-0.354,0.795,0.601,0.077,-0.553,0.118,-0.197,-0.44,0.301,-0.28,0.648,-0.362,0.651,-0.389,0.53,0.646,0.395,0.514,0.798,-0.072,-0.718,0.284,-0.337,0.305,-0.406,0.6,0.766,0.222,-0.465,-0.677,-0.294,-0.81,-0.631,-0.417,-0.764,-0.299,-0.719,-0.174,0.005,0.231,0.6,-0.352,-0.256,0.467,-0.103,0.396,0.378,-0.127,0.8,0.638,0.622,0.566,0.64,0.121,-0.721,-0.126,-0.42,0.706,0.131,-0.388,0.418,0.572,-0.676,0.654,-0.21,-0.749,-0.3,-0.377,-0.206,-0.466,-0.776,-0.501,-0.699,-0.254,0.661,-0.526,-0.41,0.778,-0.392,0.642,-0.235,-0.567,-0.169,0.211,0.325,0.597,-0.724,0.251,-0.434,-0.271
BCRX,0.422,-0.277,0.628,0.768,0.758,-0.525,-0.163,0.469,-0.758,-0.481,0.28,-0.154,-0.251,0.254,-0.691,-0.465,-0.406,0.739,-0.087,-0.531,0.681,0.0,0.487,-0.179,0.457,0.443,0.677,-0.262,0.337,0.884,0.798,0.346,-0.497,-0.289,-0.346,-0.149,0.746,0.554,0.856,0.077,-0.0,0.27,0.783,0.78,0.351,0.691,0.482,0.343,-0.756,-0.57,0.633,0.764,0.249,-0.596,-0.633,0.603,0.652,-0.447,0.371,0.055,-0.234,-0.411,0.674,-0.667,-0.207,0.684,0.459,0.137,-0.667,-0.604,0.704,0.454,-0.172,0.363,-0.556,-0.814,0.585,-0.572,0.588,-0.369,0.865,0.483,-0.345,-0.751,0.248,-0.417,0.396,0.858,-0.289,0.575,-0.784,0.215,0.046,0.551,0.292,0.257,0.753,-0.687,0.32,0.862,-0.637,0.544,-0.743,-0.136,0.728,0.515,0.627,0.847,0.288,0.635,-0.168,0.783,0.454,-0.051,-0.619,0.063,0.095,-0.284,0.66,-0.455,0.898,-0.433,0.783,0.004,0.73,0.674,0.664,0.667,0.835,-0.108,-0.323,0.177,0.138,0.335,-0.61,0.863,0.708,0.12,-0.235,-0.438,-0.198,-0.765,-0.455,-0.266,-0.699,-0.044,-0.62,0.134,0.095,0.664,0.801,0.066,0.109,0.673,-0.053,0.654,0.287,0.056,0.857,0.889,0.729,0.483,0.657,0.168,-0.621,0.099,-0.45,0.804,0.319,-0.584,0.271,0.665,-0.688,0.782,-0.346,-0.776,0.069,-0.473,-0.334,-0.422,-0.516,-0.108,-0.737,-0.487,0.611,-0.178,-0.343,0.766,-0.523,0.74,-0.048,-0.525,-0.339,0.316,0.395,0.8,-0.756,0.541,-0.25,-0.209
BHAT,-0.077,-0.37,0.137,0.307,0.254,-0.378,-0.419,0.165,-0.473,-0.208,0.198,-0.269,0.162,0.063,-0.367,-0.475,-0.68,0.442,-0.009,-0.61,0.737,0.487,0.0,0.14,0.031,0.132,0.439,-0.729,0.398,0.661,0.129,0.158,-0.6,-0.015,-0.391,-0.51,0.585,0.37,0.489,0.125,0.051,0.212,0.236,0.696,-0.269,0.538,-0.044,-0.186,-0.641,-0.556,0.123,0.444,-0.027,-0.401,-0.441,-0.15,0.086,-0.601,-0.144,-0.307,-0.143,-0.563,0.2,-0.419,-0.212,0.283,0.289,0.167,-0.571,-0.168,0.259,-0.225,-0.026,-0.166,-0.393,-0.607,0.422,-0.557,0.034,-0.574,0.53,-0.103,-0.481,-0.548,0.186,-0.377,0.064,0.482,0.043,0.293,-0.36,-0.322,0.067,0.178,-0.453,-0.154,0.115,-0.264,0.112,0.55,-0.607,0.158,-0.534,-0.272,0.515,0.254,0.214,0.238,0.143,0.319,-0.02,0.646,0.394,0.205,-0.241,0.019,-0.269,-0.27,0.149,-0.182,0.477,-0.109,0.459,-0.353,0.31,0.587,0.209,0.334,0.617,-0.015,-0.584,0.311,-0.506,0.035,-0.137,0.326,0.543,0.024,-0.429,-0.612,-0.251,-0.534,-0.566,-0.183,-0.505,-0.295,-0.564,-0.168,-0.077,0.015,0.265,-0.513,-0.543,0.322,0.042,0.141,0.062,-0.074,0.502,0.415,0.554,0.181,0.246,-0.051,-0.408,-0.126,-0.368,0.501,-0.008,-0.293,0.368,0.323,-0.372,0.486,-0.274,-0.607,-0.104,-0.167,-0.054,-0.325,-0.543,-0.414,-0.385,-0.107,0.519,-0.441,-0.571,0.668,-0.359,0.364,-0.075,-0.291,-0.008,0.1,0.27,0.285,-0.453,0.056,-0.291,-0.18
BLBD,-0.391,0.285,-0.387,-0.279,-0.469,0.495,0.41,-0.3,0.442,0.352,0.453,0.204,0.328,0.274,0.419,0.206,0.127,-0.443,0.417,0.121,-0.166,-0.179,0.14,0.0,-0.344,0.115,0.014,-0.36,0.226,-0.195,-0.334,0.06,0.164,-0.076,0.222,-0.34,-0.176,-0.004,-0.346,0.268,0.233,0.465,-0.385,-0.015,-0.568,-0.229,-0.434,-0.299,0.181,0.373,-0.478,-0.071,0.113,0.384,0.273,-0.38,-0.332,0.231,-0.174,-0.011,0.289,-0.05,-0.537,0.324,0.304,-0.364,-0.408,0.241,0.362,0.539,-0.228,-0.419,0.537,-0.353,0.482,0.137,-0.21,0.128,-0.463,0.055,-0.204,-0.424,0.337,0.263,0.189,0.344,-0.143,-0.212,0.584,-0.465,0.435,0.164,0.297,-0.159,-0.186,0.119,-0.391,0.423,0.213,-0.054,0.286,0.139,0.183,-0.345,0.01,-0.385,-0.309,-0.259,0.194,0.066,0.534,-0.021,0.103,0.575,0.577,-0.039,0.066,0.255,-0.228,0.428,-0.121,0.195,-0.19,0.09,-0.579,0.068,-0.223,-0.371,-0.015,0.287,0.339,0.391,-0.282,-0.338,0.468,-0.403,0.027,0.185,-0.31,0.296,0.311,0.176,0.251,0.651,0.213,0.067,0.212,0.066,-0.077,-0.255,-0.452,-0.174,-0.16,0.016,0.452,-0.301,-0.401,0.208,-0.138,-0.257,0.15,-0.134,-0.354,-0.334,0.481,0.244,0.296,-0.137,0.152,0.364,0.223,-0.006,0.484,-0.291,0.207,0.086,0.199,0.554,0.52,0.314,0.198,-0.206,0.481,0.528,-0.081,0.038,-0.128,-0.034,-0.201,-0.426,0.613,0.429,0.437,0.073,0.195,-0.458,0.251,-0.291,0.427,0.363
BMRN,0.761,-0.626,0.737,0.615,0.793,-0.745,-0.389,0.779,-0.477,-0.896,-0.472,-0.541,-0.719,-0.415,-0.781,-0.596,-0.367,0.63,-0.588,-0.657,0.213,0.457,0.031,-0.344,0.0,-0.252,0.14,-0.008,-0.254,0.372,0.542,-0.472,-0.489,-0.614,-0.662,0.475,0.354,-0.204,0.592,-0.607,-0.743,-0.221,0.414,0.128,0.487,0.541,0.712,0.36,-0.536,-0.411,0.853,0.207,-0.227,-0.594,-0.493,0.4,0.626,-0.529,0.122,0.025,-0.668,-0.473,0.773,-0.843,-0.727,0.818,0.424,-0.441,-0.578,-0.837,0.705,0.658,-0.744,0.88,-0.642,-0.538,-0.066,-0.449,0.643,0.25,0.604,0.789,-0.369,-0.691,-0.074,-0.446,0.499,0.709,-0.829,0.746,-0.349,0.298,-0.463,0.638,0.455,0.602,0.466,-0.784,-0.333,0.527,-0.589,0.018,-0.494,-0.255,-0.093,0.872,0.834,0.585,0.214,-0.076,-0.395,0.237,-0.061,-0.545,-0.706,-0.071,-0.2,-0.476,0.224,-0.593,0.521,0.116,0.168,-0.097,0.707,-0.143,0.446,0.807,0.117,-0.646,-0.272,-0.612,0.381,0.623,-0.827,0.495,0.098,-0.351,0.199,-0.424,-0.736,-0.478,-0.666,-0.585,-0.549,-0.434,-0.607,-0.387,0.481,0.611,0.61,-0.142,0.142,-0.028,-0.659,0.503,0.376,-0.578,0.248,0.586,-0.023,0.146,0.615,0.564,-0.49,-0.62,-0.732,0.448,-0.263,-0.827,-0.575,0.437,-0.66,0.519,-0.717,-0.498,0.095,-0.856,0.168,-0.795,-0.386,0.372,-0.699,-0.788,0.29,-0.024,0.067,-0.039,-0.363,0.812,-0.371,-0.725,-0.877,-0.244,-0.246,0.71,-0.553,0.885,-0.711,-0.716
BNGO,-0.018,0.331,0.057,0.289,0.09,0.245,0.319,-0.182,-0.188,0.204,0.621,0.273,0.253,0.75,0.063,0.131,0.096,0.121,0.414,0.195,0.169,0.443,0.132,0.115,-0.252,0.0,0.494,-0.066,0.523,0.384,0.364,0.723,0.144,0.191,0.234,-0.294,0.31,0.698,0.236,0.546,0.544,0.365,0.452,0.473,-0.036,0.111,-0.076,0.026,-0.219,-0.07,-0.039,0.43,0.442,-0.061,-0.11,0.399,0.189,0.129,0.132,0.26,0.385,0.103,-0.038,0.149,0.394,-0.054,0.123,0.412,-0.014,0.132,0.137,0.059,0.349,-0.269,0.071,-0.293,0.48,-0.073,0.124,-0.333,0.31,-0.163,0.084,-0.044,0.361,0.17,0.121,0.181,0.452,-0.073,-0.409,0.183,0.325,0.087,0.12,-0.069,0.444,-0.012,0.625,0.318,0.139,0.479,-0.177,0.285,0.575,-0.139,-0.062,0.25,0.231,0.61,0.224,0.44,0.272,0.367,0.024,0.072,0.469,0.191,0.549,0.069,0.408,-0.538,0.536,0.156,0.045,0.614,0.344,-0.04,0.587,0.484,0.093,0.602,-0.068,-0.096,0.014,0.387,0.485,0.383,-0.407,0.142,0.494,-0.178,0.258,0.304,-0.023,0.285,0.041,0.519,-0.217,0.209,0.292,0.291,0.23,0.529,0.479,0.369,0.004,0.593,0.455,0.365,0.573,0.349,0.107,-0.191,-0.147,0.646,0.251,0.35,0.586,0.174,0.619,0.215,-0.077,0.257,0.291,-0.282,0.072,0.237,-0.318,0.348,0.02,-0.258,-0.076,0.168,0.407,0.055,-0.274,0.49,-0.208,-0.011,0.296,0.17,0.372,0.51,0.549,0.223,-0.188,-0.108,0.45,0.396
BUSE,0.019,-0.019,0.456,0.299,0.464,-0.235,-0.051,0.377,-0.593,-0.107,0.411,0.215,-0.02,0.401,-0.335,-0.069,-0.167,0.303,0.432,-0.366,0.639,0.677,0.439,0.014,0.14,0.494,0.0,-0.134,0.688,0.702,0.481,0.63,-0.342,0.123,-0.014,-0.564,0.752,0.705,0.53,0.157,0.191,0.642,0.37,0.599,0.004,0.689,0.03,0.199,-0.422,-0.593,0.177,0.813,-0.015,-0.456,-0.19,0.229,0.195,-0.252,0.342,-0.219,0.101,-0.289,0.378,-0.307,0.101,0.432,0.022,0.561,-0.289,-0.113,0.217,-0.069,0.076,-0.011,-0.039,-0.612,0.767,-0.542,0.169,-0.449,0.652,0.015,-0.288,-0.466,0.369,-0.409,-0.051,0.574,0.153,0.162,-0.455,-0.0,-0.091,0.061,-0.079,-0.044,0.519,-0.148,0.549,0.742,-0.318,0.755,-0.661,-0.206,0.554,0.139,0.325,0.591,-0.02,0.692,-0.264,0.78,0.696,0.393,-0.344,0.071,0.38,-0.29,0.361,0.061,0.525,-0.385,0.546,-0.241,0.256,0.616,0.315,0.305,0.727,0.093,-0.298,0.552,-0.184,0.433,-0.18,0.607,0.648,0.699,-0.546,-0.337,0.029,-0.675,-0.23,-0.035,-0.582,-0.201,-0.399,0.092,-0.176,0.274,0.44,0.023,0.007,0.737,0.336,0.267,0.55,0.273,0.82,0.646,0.74,0.535,0.671,-0.245,-0.636,0.263,0.04,0.511,0.448,-0.089,0.508,0.485,-0.351,0.515,0.192,-0.677,-0.289,-0.024,-0.336,-0.152,-0.49,-0.521,-0.521,0.033,0.436,-0.233,-0.403,0.768,-0.643,0.396,0.251,-0.387,0.057,0.213,0.247,0.52,-0.645,0.146,0.071,0.041
CAKE,-0.012,0.48,0.092,-0.261,-0.004,0.147,0.366,0.009,0.104,0.191,-0.142,0.487,-0.306,0.005,0.223,0.45,0.547,-0.329,0.136,0.475,-0.493,-0.262,-0.729,-0.36,-0.008,-0.066,-0.134,0.0,-0.339,-0.372,0.065,0.134,0.361,0.012,0.474,0.345,-0.303,-0.185,-0.248,-0.189,-0.013,0.035,-0.134,-0.513,0.421,-0.225,0.179,0.517,0.531,0.302,-0.063,-0.092,-0.129,0.255,0.329,0.311,0.104,0.493,0.395,0.079,0.118,0.514,0.05,0.267,0.325,0.04,-0.279,0.08,0.486,0.015,-0.312,0.268,-0.016,0.251,0.342,0.451,-0.128,0.324,-0.105,0.51,-0.329,0.164,0.27,0.374,-0.336,0.068,-0.207,-0.339,-0.114,-0.322,0.178,0.257,-0.25,-0.34,0.472,0.119,0.143,0.173,-0.057,-0.393,0.453,-0.039,0.28,0.157,-0.343,-0.236,-0.047,0.059,-0.428,-0.149,-0.308,-0.384,-0.143,-0.157,-0.016,-0.109,0.476,0.14,0.028,0.107,-0.347,-0.006,-0.294,0.164,-0.126,-0.452,-0.201,-0.25,-0.405,-0.149,0.517,-0.304,0.562,0.27,0.08,0.076,-0.46,0.14,0.483,0.311,0.206,0.293,0.477,0.016,0.259,0.202,0.427,0.146,-0.139,0.025,-0.122,0.703,0.425,0.108,0.037,-0.1,0.368,0.171,-0.194,-0.118,-0.338,-0.013,0.032,-0.181,0.035,0.241,0.471,-0.404,0.063,0.256,-0.239,-0.258,0.352,-0.228,0.354,0.377,-0.069,0.094,-0.437,0.245,0.399,0.237,0.124,0.016,-0.427,0.478,0.497,-0.287,0.24,-0.203,0.105,0.018,-0.06,-0.225,-0.364,-0.003,0.171,-0.004,0.239,0.249
CASY,-0.222,0.056,0.12,0.121,0.08,0.157,-0.061,0.017,-0.312,0.225,0.435,0.192,0.345,0.601,-0.038,0.055,-0.11,0.107,0.596,-0.137,0.527,0.337,0.398,0.226,-0.254,0.523,0.688,-0.339,0.0,0.524,0.207,0.656,-0.139,0.395,0.058,-0.703,0.618,0.829,0.252,0.52,0.532,0.508,0.242,0.519,-0.269,0.347,-0.378,-0.113,-0.188,-0.411,-0.122,0.473,0.21,-0.272,0.093,-0.064,-0.245,-0.013,-0.008,-0.093,0.478,-0.148,0.009,0.082,0.202,-0.09,-0.019,0.515,-0.163,0.278,-0.006,-0.394,0.32,-0.501,0.101,-0.395,0.724,-0.371,0.077,-0.734,0.373,-0.395,-0.029,-0.164,0.501,-0.285,-0.211,0.275,0.537,-0.005,-0.273,-0.214,0.262,-0.064,-0.379,-0.301,0.168,0.165,0.688,0.484,-0.055,0.543,-0.434,-0.029,0.576,-0.154,-0.132,0.153,0.031,0.724,0.037,0.591,0.611,0.54,-0.04,0.014,0.178,-0.053,0.128,0.371,0.277,-0.485,0.516,-0.18,-0.081,0.735,0.107,-0.002,0.652,0.481,-0.346,0.823,-0.519,0.011,0.117,0.2,0.69,0.627,-0.744,-0.105,0.314,-0.45,0.018,0.131,-0.292,0.047,-0.176,0.16,-0.196,-0.087,0.236,-0.153,-0.002,0.462,0.471,0.133,0.192,0.46,0.601,0.282,0.621,0.52,0.322,-0.233,-0.333,0.424,0.217,0.381,0.481,0.234,0.8,0.35,-0.174,0.258,0.42,-0.44,-0.365,0.315,-0.084,0.101,-0.443,-0.732,-0.188,0.379,0.324,-0.38,-0.332,0.601,-0.342,0.072,0.287,-0.04,0.461,0.519,0.473,0.158,-0.359,-0.2,0.255,0.179
CCOI,0.283,-0.402,0.659,0.72,0.763,-0.603,-0.436,0.507,-0.883,-0.484,0.119,-0.223,-0.216,0.247,-0.747,-0.576,-0.63,0.749,-0.003,-0.705,0.853,0.884,0.661,-0.195,0.372,0.384,0.702,-0.372,0.524,0.0,0.665,0.366,-0.706,-0.135,-0.496,-0.351,0.925,0.626,0.9,0.099,0.0,0.29,0.708,0.835,0.187,0.819,0.307,0.274,-0.826,-0.779,0.578,0.755,0.104,-0.755,-0.606,0.345,0.423,-0.584,0.186,-0.169,-0.174,-0.559,0.695,-0.677,-0.276,0.633,0.508,0.191,-0.782,-0.555,0.606,0.221,-0.247,0.176,-0.627,-0.908,0.713,-0.792,0.528,-0.63,0.92,0.296,-0.511,-0.845,0.22,-0.639,0.222,0.868,-0.218,0.575,-0.758,-0.054,-0.043,0.465,-0.034,0.064,0.663,-0.648,0.309,0.893,-0.734,0.501,-0.875,-0.228,0.714,0.523,0.593,0.724,0.115,0.649,-0.323,0.904,0.542,0.033,-0.67,-0.049,-0.038,-0.425,0.497,-0.423,0.85,-0.509,0.841,-0.26,0.678,0.739,0.552,0.624,0.904,-0.144,-0.572,0.244,-0.168,0.408,-0.573,0.824,0.819,0.152,-0.417,-0.673,-0.299,-0.872,-0.589,-0.431,-0.805,-0.206,-0.759,-0.082,0.048,0.437,0.78,-0.205,-0.105,0.655,-0.055,0.614,0.399,0.019,0.882,0.891,0.733,0.556,0.738,0.128,-0.787,0.024,-0.456,0.819,0.233,-0.536,0.405,0.722,-0.746,0.82,-0.303,-0.896,-0.148,-0.47,-0.315,-0.535,-0.745,-0.386,-0.811,-0.428,0.703,-0.354,-0.388,0.829,-0.533,0.773,-0.125,-0.637,-0.301,0.24,0.375,0.801,-0.866,0.49,-0.373,-0.29
