,AAPL,ACRS,ADP,AFYA,AGNC,AGYS,ALT,AMGN,AMPH,AMZN,ANIP,AOSL,APDN,APLT,APVO,ARGX,ARLP,ATEX,ATRA,AUTL,AVDL,BCRX,BHAT,BLBD,BMRN,BNGO,BUSE,CAKE,CASY,CCOI,CEVA,CHY,CLDX,CLMT,COHU,COLM,COST,CPRT,CSWC,CSX,DBX,DCOM,DKNG,DMLP,DOX,EA,EDIT,ENPH,ENSG,ERNA,ESGR,ETNB,EXTR,FANG,FARO,FATE,FGEN,FIVE,FIVN,FLGT,FOLD,FORM,FOXA,FRPT,FSLR,FTAI,GBDC,GDYN,GGAL,GNLN,GRFS,GT,HCAT,HCM,HFWA,HOLX,HQY,HUBG,IAC,ICLR,IDCC,IEP,IHRT,ILMN,ILPT,IMAB,IMOS,INMD,INTZ,JAZZ,JKHY,JRVR,KIDS,LBRDK,LGND,LMAT,LPLA,LULU,MASI,MAT,MATW,MBIN,MBIO,MCRB,MDB,MDLZ,MELI,MIRM,MLKN,MNMD,MNRO,MPWR,MRCY,MRSN,MTVA,NAAS,NDAQ,NDSN,NEGG,NOVT,NVDA,NWE,NWSA,NXST,OCX,ODFL,OMAB,OPCH,OPRA,ORGO,OTRK,OZK,PAGP,PCH,PEGA,PENG,PENN,PFBC,PGNY,PHAT,PHUN,PINC,PLUG,PLXS,PYPL,QLYS,QNCX,QQQX,QVCGA,RAPT,RBBN,RCKT,REPL,RMBS,ROAD,ROKU,ROP,RUSHA,SANM,SATS,SBCF,SBLK,SBUX,SCHL,SCSC,SDGR,SEIC,SFIX,SGRY,SKYW,SLP,SNES,STAA,STLD,STOK,SWKS,TER,TFIN,TIGO,TILE,TPIC,TTEC,TTEK,TTGT,UXIN,VERU,VLYPP,VNOM,VRNS,VRSN,WDAY,WERN,WINA,WKHS,WRLD,XP,XTKG,YY,ZION,ZM
AAPL,0.0,-0.303,0.466,0.75,0.881,-0.536,-0.225,0.256,-0.117,-0.402,-0.408,-0.356,-0.226,-0.154,-0.561,-0.405,0.045,0.784,-0.609,-0.245,0.002,0.314,-0.142,-0.342,0.487,-0.02,-0.115,0.234,-0.24,0.175,0.534,-0.211,-0.041,-0.198,-0.308,0.845,0.002,-0.03,0.701,-0.126,-0.28,-0.53,0.608,0.106,0.624,0.041,0.629,0.192,-0.433,-0.076,0.815,-0.161,0.231,-0.134,-0.347,0.386,0.483,-0.157,0.131,0.314,-0.361,0.021,0.811,-0.505,-0.123,0.549,0.719,-0.337,-0.467,-0.647,0.25,0.821,-0.245,0.444,-0.616,-0.316,-0.038,0.092,0.839,0.273,0.62,0.789,0.079,-0.432,0.02,0.023,0.547,0.75,-0.431,0.641,-0.441,0.21,-0.104,0.542,0.553,0.377,0.407,-0.59,-0.145,0.319,-0.305,-0.064,-0.013,0.256,-0.002,0.589,0.739,0.237,0.462,-0.12,0.003,-0.014,-0.706,-0.648,-0.419,0.168,-0.175,0.076,0.261,-0.42,0.428,-0.074,0.2,-0.011,0.456,-0.112,0.491,0.226,0.003,-0.133,-0.073,-0.345,0.57,0.073,-0.746,0.365,0.1,-0.341,0.478,-0.143,-0.151,-0.176,-0.332,-0.142,-0.054,0.044,-0.492,0.07,0.338,0.474,0.813,0.076,0.282,-0.146,-0.488,0.649,0.011,-0.289,0.078,0.207,-0.111,0.164,0.563,0.629,-0.433,-0.285,-0.412,0.392,0.038,-0.578,-0.27,0.285,-0.742,0.555,-0.505,-0.153,0.399,-0.487,0.139,-0.265,0.009,0.759,-0.647,-0.661,0.236,0.079,0.309,-0.149,0.477,0.599,-0.499,-0.225,-0.39,0.11,0.076,0.825,-0.436,0.786,-0.294,-0.257
ACRS,-0.303,0.0,-0.621,0.017,-0.518,0.795,0.8,-0.707,0.733,0.892,0.295,0.953,0.728,0.827,0.738,0.849,0.742,-0.564,0.849,0.797,0.478,0.49,0.407,0.692,-0.795,0.841,0.75,0.621,0.666,0.679,0.099,0.867,0.845,0.68,0.922,-0.384,0.202,0.783,0.047,0.695,0.819,0.826,0.236,0.605,0.034,-0.456,-0.343,0.686,0.397,0.717,-0.644,0.894,0.562,0.782,-0.258,0.69,0.494,0.818,0.768,0.554,0.705,0.806,-0.608,0.862,0.87,-0.177,-0.039,0.838,0.867,0.76,-0.836,-0.044,0.909,-0.686,0.362,0.625,0.712,0.764,-0.453,0.357,-0.236,-0.204,0.754,0.891,0.096,0.728,0.419,-0.527,0.841,-0.846,-0.367,0.434,0.608,-0.758,0.175,0.503,0.501,0.769,-0.408,0.354,0.719,0.814,0.778,0.617,0.685,-0.878,-0.382,0.761,0.457,0.818,0.783,0.703,0.665,0.809,0.816,0.411,0.634,0.746,0.678,0.419,0.527,-0.71,0.49,-0.674,-0.732,0.702,0.376,-0.847,0.627,-0.549,0.855,0.778,0.243,-0.72,0.753,0.66,0.477,0.808,0.029,0.43,0.897,0.748,0.852,0.89,0.894,0.777,0.46,0.829,0.348,0.529,-0.179,0.858,0.738,0.92,0.866,0.221,-0.455,0.759,0.767,-0.561,0.658,0.211,-0.629,-0.825,0.891,0.877,0.938,0.488,0.845,0.852,0.82,0.43,0.637,0.064,0.864,0.27,0.559,0.856,0.12,0.892,0.82,0.086,0.841,0.751,0.326,0.736,0.357,0.781,0.119,-0.863,0.605,0.856,0.831,0.748,0.694,-0.022,0.404,-0.279,0.888,0.894
ADP,0.466,-0.621,0.0,0.069,0.649,-0.65,-0.339,0.702,-0.67,-0.778,-0.188,-0.643,-0.756,-0.646,-0.562,-0.612,-0.46,0.421,-0.678,-0.619,-0.673,-0.25,-0.627,-0.641,0.788,-0.641,-0.499,-0.092,-0.607,-0.585,0.172,-0.707,-0.599,-0.719,-0.671,0.575,-0.246,-0.636,0.128,-0.548,-0.681,-0.567,-0.067,-0.628,0.244,0.083,0.58,-0.459,-0.188,-0.149,0.736,-0.677,-0.349,-0.513,0.256,-0.293,-0.201,-0.457,-0.546,-0.398,-0.547,-0.54,0.745,-0.697,-0.699,0.372,0.04,-0.764,-0.511,-0.742,0.719,0.391,-0.726,0.726,-0.083,-0.374,-0.592,-0.506,0.543,-0.067,0.266,0.452,-0.574,-0.657,-0.224,-0.459,-0.306,0.473,-0.813,0.645,0.319,-0.003,-0.579,0.715,0.253,-0.216,-0.183,-0.732,0.434,-0.31,-0.318,-0.628,-0.611,-0.481,-0.578,0.753,0.403,-0.463,-0.343,-0.653,-0.593,-0.675,-0.622,-0.741,-0.804,-0.499,-0.009,-0.579,-0.463,-0.355,-0.395,0.63,-0.316,0.657,0.54,-0.651,-0.305,0.695,-0.588,0.5,-0.357,-0.711,0.297,0.743,-0.759,-0.378,-0.389,-0.598,0.148,-0.218,-0.71,-0.262,-0.55,-0.696,-0.627,-0.507,-0.178,-0.631,-0.285,-0.312,0.306,-0.482,-0.401,-0.664,-0.691,-0.03,0.567,-0.46,-0.636,0.667,-0.51,-0.264,0.818,0.701,-0.618,-0.603,-0.611,-0.412,-0.649,-0.72,-0.749,-0.232,-0.398,0.053,-0.704,-0.145,-0.283,-0.676,-0.324,-0.691,-0.532,0.11,-0.749,-0.73,-0.465,-0.318,-0.098,-0.636,-0.124,0.776,-0.324,-0.702,-0.772,-0.578,-0.593,0.166,-0.543,0.409,-0.579,-0.691
AFYA,0.75,0.017,0.069,0.0,0.622,-0.106,0.035,-0.269,0.099,0.012,-0.158,-0.03,0.141,0.301,-0.296,-0.185,0.258,0.7,-0.234,0.092,0.32,0.661,0.236,0.028,0.036,0.412,0.196,0.224,0.141,0.543,0.545,0.24,0.267,0.156,0.011,0.551,0.315,0.398,0.821,0.251,0.206,-0.228,0.87,0.557,0.536,-0.143,0.471,0.414,-0.572,0.102,0.507,0.196,0.624,0.114,-0.54,0.628,0.663,0.089,0.349,0.598,-0.018,0.322,0.417,-0.117,0.266,0.363,0.866,0.047,-0.234,-0.324,-0.05,0.753,0.131,0.035,-0.618,-0.373,0.36,0.261,0.674,0.156,0.753,0.534,0.313,-0.18,0.209,0.263,0.784,0.652,0.024,0.329,-0.776,0.264,0.278,0.271,0.511,0.45,0.632,-0.313,-0.206,0.653,-0.162,0.312,0.218,0.586,0.462,0.198,0.447,0.447,0.712,0.258,0.35,0.445,-0.502,-0.29,-0.041,0.363,-0.048,0.446,0.633,-0.257,0.749,-0.526,0.62,-0.278,0.266,0.388,0.743,-0.099,0.504,-0.343,0.172,0.088,0.42,-0.318,-0.417,0.657,0.459,-0.016,0.414,-0.04,0.278,-0.108,0.031,0.22,0.307,0.381,-0.466,0.441,0.369,0.628,0.842,0.345,0.453,0.255,-0.035,0.861,-0.362,0.173,0.471,0.074,0.305,0.348,0.189,0.254,-0.232,0.198,-0.073,0.712,0.388,-0.226,0.205,0.484,-0.569,0.735,-0.18,-0.297,0.607,-0.124,0.127,0.142,0.26,0.676,-0.333,-0.369,0.598,0.25,0.281,0.263,0.569,0.221,-0.34,0.181,0.056,0.464,0.498,0.885,-0.284,0.577,0.114,0.15
AGNC,0.881,-0.518,0.649,0.622,0.0,-0.672,-0.311,0.451,-0.357,-0.625,-0.425,-0.543,-0.541,-0.376,-0.657,-0.612,-0.103,0.791,-0.793,-0.465,-0.283,0.137,-0.349,-0.444,0.704,-0.313,-0.408,0.147,-0.511,-0.124,0.582,-0.5,-0.309,-0.455,-0.486,0.925,-0.215,-0.347,0.568,-0.376,-0.542,-0.658,0.435,-0.125,0.611,0.103,0.744,-0.007,-0.421,-0.122,0.914,-0.459,0.055,-0.305,-0.102,0.117,0.285,-0.325,-0.144,0.087,-0.578,-0.22,0.923,-0.711,-0.353,0.667,0.539,-0.592,-0.583,-0.848,0.542,0.815,-0.531,0.737,-0.578,-0.428,-0.313,-0.186,0.836,0.236,0.59,0.81,-0.167,-0.634,-0.157,-0.238,0.254,0.792,-0.674,0.804,-0.258,0.1,-0.331,0.652,0.58,0.186,0.236,-0.771,0.148,0.082,-0.407,-0.351,-0.246,-0.036,-0.238,0.752,0.81,-0.038,0.212,-0.405,-0.281,-0.254,-0.8,-0.82,-0.687,-0.081,-0.221,-0.178,0.023,-0.403,0.207,0.18,-0.052,0.259,0.628,-0.389,0.213,0.502,-0.209,0.067,-0.202,-0.604,0.543,0.356,-0.899,0.157,-0.148,-0.607,0.512,-0.112,-0.421,-0.298,-0.448,-0.401,-0.351,-0.209,-0.539,-0.23,0.174,0.238,0.78,-0.149,-0.002,-0.404,-0.671,0.477,0.174,-0.411,-0.186,0.444,-0.348,0.105,0.719,0.795,-0.599,-0.481,-0.614,0.134,-0.273,-0.756,-0.558,0.158,-0.698,0.512,-0.727,-0.176,0.267,-0.693,0.064,-0.523,-0.24,0.658,-0.812,-0.839,0.081,-0.09,0.221,-0.429,0.377,0.796,-0.439,-0.504,-0.645,-0.194,-0.201,0.752,-0.425,0.754,-0.49,-0.539
AGYS,-0.536,0.795,-0.65,-0.106,-0.672,0.0,0.619,-0.716,0.511,0.86,0.442,0.783,0.672,0.832,0.725,0.73,0.555,-0.552,0.899,0.738,0.416,0.29,0.344,0.636,-0.833,0.695,0.612,0.301,0.797,0.478,-0.048,0.794,0.697,0.659,0.758,-0.658,0.453,0.713,-0.141,0.716,0.85,0.746,0.178,0.48,-0.178,-0.471,-0.582,0.389,0.424,0.445,-0.759,0.653,0.597,0.579,0.041,0.37,0.101,0.732,0.462,0.396,0.817,0.634,-0.772,0.902,0.667,-0.523,-0.158,0.765,0.709,0.846,-0.645,-0.347,0.754,-0.776,0.459,0.44,0.659,0.508,-0.442,-0.129,-0.286,-0.558,0.506,0.81,0.374,0.452,0.127,-0.601,0.851,-0.778,-0.255,0.184,0.627,-0.665,-0.058,0.134,0.269,0.775,-0.077,0.316,0.685,0.697,0.474,0.459,0.633,-0.886,-0.673,0.395,0.251,0.803,0.646,0.571,0.792,0.828,0.74,0.284,0.469,0.617,0.448,0.535,0.292,-0.651,0.487,-0.446,-0.635,0.732,0.179,-0.69,0.612,-0.249,0.557,0.834,-0.157,-0.633,0.791,0.356,0.549,0.762,-0.277,0.501,0.791,0.377,0.83,0.696,0.701,0.676,0.499,0.619,0.081,0.212,-0.217,0.585,0.471,0.705,0.835,0.114,-0.346,0.805,0.598,-0.454,0.615,0.41,-0.628,-0.731,0.73,0.866,0.84,0.328,0.656,0.901,0.82,0.304,0.609,-0.048,0.901,0.199,0.188,0.845,0.026,0.806,0.517,-0.362,0.819,0.827,0.264,0.335,0.166,0.657,0.07,-0.828,0.578,0.775,0.863,0.628,0.644,-0.244,0.442,-0.531,0.815,0.757
ALT,-0.225,0.8,-0.339,0.035,-0.311,0.619,0.0,-0.559,0.51,0.698,0.491,0.804,0.49,0.62,0.766,0.71,0.718,-0.465,0.622,0.595,0.206,0.54,0.183,0.521,-0.552,0.624,0.676,0.691,0.446,0.405,0.159,0.646,0.72,0.47,0.836,-0.214,0.024,0.563,0.101,0.539,0.616,0.744,0.221,0.486,0.085,-0.525,-0.071,0.517,0.346,0.743,-0.409,0.73,0.534,0.806,-0.118,0.648,0.439,0.725,0.626,0.45,0.649,0.658,-0.367,0.698,0.623,0.009,-0.059,0.588,0.756,0.536,-0.553,0.158,0.64,-0.427,0.546,0.515,0.638,0.664,-0.281,0.336,-0.111,-0.018,0.537,0.735,0.085,0.568,0.256,-0.447,0.578,-0.648,-0.36,0.533,0.402,-0.551,0.481,0.293,0.624,0.603,-0.192,0.277,0.704,0.63,0.559,0.461,0.558,-0.718,-0.315,0.593,0.297,0.637,0.582,0.429,0.538,0.582,0.548,0.311,0.842,0.531,0.582,0.322,0.371,-0.475,0.394,-0.338,-0.55,0.507,0.26,-0.596,0.467,-0.285,0.827,0.594,0.464,-0.476,0.55,0.558,0.385,0.7,0.204,0.411,0.703,0.797,0.755,0.712,0.696,0.654,0.573,0.653,0.234,0.426,-0.084,0.795,0.566,0.728,0.735,0.126,-0.278,0.735,0.609,-0.19,0.571,0.105,-0.305,-0.621,0.77,0.785,0.814,0.332,0.587,0.662,0.559,0.208,0.597,0.15,0.675,0.234,0.473,0.697,-0.151,0.752,0.685,0.12,0.626,0.532,0.241,0.684,0.17,0.665,0.052,-0.677,0.547,0.66,0.618,0.575,0.533,-0.013,0.364,-0.305,0.827,0.678
AMGN,0.256,-0.707,0.702,-0.269,0.451,-0.716,-0.559,0.0,-0.552,-0.835,-0.404,-0.704,-0.847,-0.783,-0.631,-0.545,-0.551,0.169,-0.68,-0.577,-0.728,-0.644,-0.689,-0.625,0.856,-0.816,-0.745,-0.222,-0.756,-0.747,-0.048,-0.849,-0.663,-0.772,-0.715,0.491,-0.493,-0.838,-0.329,-0.83,-0.885,-0.607,-0.48,-0.835,0.142,0.499,0.42,-0.443,0.091,-0.318,0.543,-0.774,-0.69,-0.683,0.416,-0.574,-0.426,-0.521,-0.624,-0.484,-0.668,-0.697,0.629,-0.75,-0.779,0.311,-0.317,-0.767,-0.494,-0.664,0.691,0.099,-0.78,0.816,-0.117,-0.194,-0.85,-0.592,0.266,0.086,-0.112,0.328,-0.602,-0.601,-0.43,-0.689,-0.501,0.279,-0.828,0.58,0.639,-0.359,-0.648,0.634,0.005,-0.285,-0.517,-0.636,0.227,-0.639,-0.358,-0.808,-0.62,-0.708,-0.879,0.805,0.437,-0.569,-0.57,-0.794,-0.777,-0.814,-0.495,-0.643,-0.717,-0.584,-0.388,-0.727,-0.747,-0.325,-0.646,0.788,-0.71,0.579,0.538,-0.892,-0.576,0.718,-0.88,0.437,-0.516,-0.858,-0.039,0.827,-0.647,-0.633,-0.772,-0.758,-0.002,-0.084,-0.854,-0.338,-0.625,-0.789,-0.761,-0.716,-0.097,-0.81,-0.252,-0.407,-0.061,-0.619,-0.531,-0.791,-0.819,-0.359,0.742,-0.762,-0.819,0.432,-0.789,-0.395,0.575,0.636,-0.599,-0.837,-0.735,-0.69,-0.753,-0.742,-0.885,-0.411,-0.268,-0.327,-0.678,-0.006,-0.426,-0.778,-0.021,-0.866,-0.584,0.005,-0.634,-0.607,-0.648,-0.383,-0.069,-0.882,-0.278,0.735,-0.246,-0.856,-0.883,-0.797,-0.863,-0.077,-0.29,0.436,-0.809,-0.823
AMPH,-0.117,0.733,-0.67,0.099,-0.357,0.511,0.51,-0.552,0.0,0.761,-0.157,0.783,0.713,0.701,0.63,0.58,0.819,-0.439,0.642,0.522,0.538,0.278,0.514,0.789,-0.661,0.745,0.7,0.572,0.636,0.722,0.108,0.64,0.672,0.815,0.79,-0.147,0.126,0.723,0.095,0.564,0.574,0.713,0.11,0.695,0.095,-0.085,-0.364,0.811,0.367,0.42,-0.491,0.763,0.415,0.755,-0.214,0.575,0.419,0.715,0.787,0.601,0.514,0.67,-0.46,0.703,0.87,0.025,0.06,0.727,0.632,0.67,-0.871,-0.023,0.745,-0.561,0.168,0.592,0.66,0.769,-0.344,0.528,-0.163,-0.048,0.939,0.763,-0.026,0.613,0.495,-0.405,0.763,-0.612,-0.394,0.562,0.402,-0.803,0.045,0.717,0.422,0.772,-0.556,0.488,0.582,0.752,0.898,0.611,0.515,-0.674,-0.105,0.762,0.601,0.67,0.781,0.732,0.504,0.669,0.726,0.45,0.316,0.706,0.61,0.532,0.554,-0.665,0.276,-0.889,-0.782,0.553,0.323,-0.861,0.507,-0.85,0.674,0.69,0.208,-0.768,0.612,0.611,0.364,0.717,0.267,0.287,0.762,0.569,0.596,0.865,0.817,0.554,0.036,0.762,0.747,0.517,-0.123,0.707,0.718,0.754,0.67,0.169,-0.538,0.49,0.795,-0.84,0.536,0.228,-0.501,-0.602,0.736,0.567,0.758,0.546,0.829,0.713,0.683,0.576,0.393,0.172,0.701,0.169,0.571,0.757,0.579,0.687,0.676,0.293,0.748,0.677,0.437,0.598,0.588,0.62,0.208,-0.726,0.551,0.737,0.712,0.743,0.636,0.111,0.48,-0.085,0.714,0.647
AMZN,-0.402,0.892,-0.778,0.012,-0.625,0.86,0.698,-0.835,0.761,0.0,0.341,0.901,0.88,0.863,0.797,0.819,0.733,-0.494,0.879,0.763,0.679,0.477,0.605,0.753,-0.922,0.857,0.82,0.435,0.846,0.732,0.033,0.913,0.841,0.85,0.916,-0.566,0.424,0.878,0.043,0.807,0.91,0.834,0.245,0.734,-0.113,-0.373,-0.535,0.607,0.324,0.469,-0.746,0.887,0.622,0.794,-0.221,0.579,0.367,0.783,0.736,0.556,0.781,0.773,-0.736,0.929,0.881,-0.327,0.019,0.894,0.776,0.881,-0.856,-0.234,0.923,-0.838,0.365,0.54,0.843,0.78,-0.466,0.131,-0.183,-0.369,0.746,0.901,0.301,0.687,0.394,-0.533,0.951,-0.801,-0.449,0.403,0.706,-0.812,-0.013,0.374,0.448,0.894,-0.329,0.507,0.681,0.868,0.758,0.697,0.8,-0.938,-0.519,0.678,0.522,0.895,0.852,0.772,0.78,0.865,0.891,0.521,0.499,0.782,0.676,0.556,0.537,-0.753,0.551,-0.703,-0.739,0.841,0.407,-0.861,0.751,-0.528,0.675,0.939,0.055,-0.854,0.849,0.597,0.615,0.905,-0.073,0.382,0.941,0.564,0.815,0.921,0.885,0.786,0.392,0.857,0.34,0.454,-0.182,0.763,0.66,0.894,0.906,0.165,-0.55,0.794,0.843,-0.654,0.772,0.333,-0.697,-0.812,0.864,0.892,0.931,0.563,0.852,0.934,0.928,0.383,0.551,0.12,0.92,0.184,0.444,0.94,0.17,0.944,0.723,-0.081,0.883,0.866,0.433,0.543,0.239,0.863,0.204,-0.904,0.556,0.939,0.966,0.826,0.805,-0.09,0.53,-0.475,0.92,0.897
ANIP,-0.408,0.295,-0.188,-0.158,-0.425,0.442,0.491,-0.404,-0.157,0.341,0.0,0.282,0.3,0.227,0.424,0.38,-0.023,-0.251,0.377,0.327,0.154,0.343,0.149,0.088,-0.358,0.218,0.349,-0.068,0.257,-0.014,-0.273,0.41,0.295,0.085,0.314,-0.56,0.257,0.217,-0.07,0.32,0.438,0.324,0.078,0.142,-0.346,-0.336,-0.231,-0.199,-0.053,0.201,-0.39,0.334,0.232,0.249,-0.143,0.1,0.032,0.102,0.085,0.02,0.442,0.18,-0.417,0.359,0.055,-0.41,-0.066,0.327,0.31,0.358,-0.119,-0.248,0.302,-0.429,0.448,0.007,0.34,0.116,-0.285,-0.344,-0.054,-0.356,-0.198,0.256,0.389,0.208,-0.068,-0.322,0.302,-0.403,-0.034,-0.034,0.376,-0.079,0.058,-0.529,0.165,0.266,0.072,0.046,0.187,0.248,-0.148,0.099,0.339,-0.408,-0.558,-0.017,-0.142,0.318,0.103,0.069,0.368,0.358,0.312,0.224,0.478,0.116,0.156,-0.054,-0.052,-0.091,0.315,0.184,-0.078,0.375,0.134,-0.122,0.289,0.422,0.175,0.365,-0.108,-0.094,0.406,-0.006,0.351,0.392,-0.156,0.035,0.288,0.26,0.329,0.192,0.179,0.269,0.583,0.192,-0.419,-0.024,-0.228,0.211,-0.023,0.27,0.459,-0.096,-0.022,0.417,0.115,0.298,0.394,-0.031,-0.249,-0.442,0.299,0.469,0.355,0.016,0.056,0.355,0.328,-0.327,0.36,-0.132,0.349,0.013,-0.104,0.343,-0.648,0.445,0.255,-0.398,0.297,0.312,0.063,0.087,-0.503,0.434,-0.151,-0.388,0.049,0.338,0.374,0.127,0.245,-0.385,0.151,-0.55,0.374,0.43
AOSL,-0.356,0.953,-0.643,-0.03,-0.543,0.783,0.804,-0.704,0.783,0.901,0.282,0.0,0.722,0.799,0.796,0.822,0.795,-0.617,0.87,0.768,0.432,0.428,0.394,0.731,-0.788,0.808,0.772,0.637,0.668,0.639,0.107,0.825,0.824,0.715,0.945,-0.399,0.136,0.767,-0.001,0.651,0.788,0.87,0.151,0.61,0.01,-0.414,-0.373,0.704,0.459,0.689,-0.68,0.865,0.511,0.795,-0.166,0.636,0.438,0.837,0.762,0.536,0.688,0.832,-0.63,0.886,0.884,-0.142,-0.113,0.84,0.893,0.783,-0.845,-0.082,0.868,-0.67,0.434,0.671,0.71,0.771,-0.491,0.391,-0.264,-0.21,0.765,0.915,0.043,0.725,0.353,-0.57,0.845,-0.847,-0.343,0.472,0.545,-0.806,0.159,0.495,0.464,0.833,-0.368,0.371,0.735,0.802,0.797,0.574,0.64,-0.901,-0.402,0.736,0.427,0.778,0.773,0.703,0.707,0.806,0.805,0.398,0.652,0.717,0.644,0.528,0.471,-0.678,0.393,-0.692,-0.761,0.667,0.321,-0.855,0.57,-0.581,0.842,0.792,0.221,-0.717,0.785,0.611,0.42,0.839,0.051,0.451,0.875,0.762,0.876,0.894,0.87,0.729,0.442,0.811,0.384,0.492,-0.233,0.831,0.708,0.89,0.908,0.122,-0.428,0.757,0.765,-0.613,0.628,0.183,-0.617,-0.841,0.906,0.847,0.952,0.444,0.812,0.874,0.784,0.42,0.67,0.03,0.888,0.328,0.54,0.886,0.159,0.876,0.792,0.063,0.879,0.783,0.286,0.709,0.358,0.752,0.039,-0.878,0.689,0.852,0.829,0.715,0.657,-0.065,0.477,-0.326,0.907,0.848
APDN,-0.226,0.728,-0.756,0.141,-0.541,0.672,0.49,-0.847,0.713,0.88,0.3,0.722,0.0,0.779,0.637,0.643,0.57,-0.286,0.726,0.624,0.816,0.539,0.746,0.667,-0.864,0.849,0.834,0.262,0.834,0.796,-0.072,0.883,0.743,0.868,0.748,-0.524,0.524,0.886,0.227,0.833,0.858,0.67,0.336,0.797,-0.195,-0.282,-0.557,0.522,0.032,0.224,-0.609,0.873,0.584,0.702,-0.44,0.569,0.408,0.57,0.749,0.507,0.693,0.674,-0.661,0.784,0.808,-0.357,0.273,0.861,0.537,0.784,-0.849,-0.214,0.87,-0.888,0.163,0.346,0.888,0.736,-0.351,0.041,-0.03,-0.31,0.69,0.711,0.442,0.729,0.548,-0.377,0.888,-0.647,-0.521,0.408,0.71,-0.686,-0.134,0.354,0.464,0.778,-0.447,0.635,0.432,0.874,0.698,0.758,0.817,-0.776,-0.406,0.68,0.62,0.848,0.848,0.807,0.573,0.752,0.868,0.664,0.313,0.766,0.688,0.383,0.599,-0.733,0.622,-0.745,-0.655,0.876,0.571,-0.833,0.782,-0.55,0.505,0.912,-0.004,-0.879,0.748,0.586,0.724,0.855,-0.084,0.088,0.878,0.402,0.57,0.862,0.847,0.687,0.17,0.856,0.377,0.47,-0.092,0.649,0.626,0.828,0.801,0.252,-0.665,0.642,0.841,-0.645,0.807,0.333,-0.606,-0.688,0.686,0.755,0.784,0.686,0.825,0.804,0.914,0.363,0.286,0.205,0.763,0.029,0.406,0.84,0.176,0.887,0.679,-0.01,0.732,0.75,0.591,0.447,0.125,0.906,0.263,-0.797,0.271,0.917,0.916,0.834,0.851,-0.017,0.364,-0.388,0.789,0.866
APLT,-0.154,0.827,-0.646,0.301,-0.376,0.832,0.62,-0.783,0.701,0.863,0.227,0.799,0.779,0.0,0.607,0.635,0.724,-0.287,0.781,0.741,0.593,0.563,0.515,0.738,-0.813,0.916,0.736,0.466,0.809,0.778,0.196,0.885,0.811,0.774,0.798,-0.339,0.49,0.878,0.223,0.789,0.862,0.712,0.485,0.762,0.026,-0.372,-0.402,0.674,0.155,0.514,-0.536,0.806,0.782,0.691,-0.309,0.686,0.483,0.739,0.713,0.685,0.724,0.763,-0.58,0.808,0.854,-0.247,0.234,0.818,0.63,0.73,-0.764,0.008,0.84,-0.739,0.154,0.333,0.8,0.697,-0.217,0.154,0.015,-0.249,0.749,0.74,0.324,0.648,0.552,-0.349,0.882,-0.673,-0.578,0.399,0.682,-0.62,0.159,0.479,0.553,0.675,-0.353,0.591,0.616,0.875,0.7,0.729,0.786,-0.765,-0.336,0.697,0.62,0.925,0.86,0.81,0.508,0.733,0.779,0.5,0.428,0.818,0.774,0.375,0.679,-0.886,0.648,-0.719,-0.614,0.837,0.506,-0.828,0.801,-0.581,0.703,0.848,0.098,-0.822,0.615,0.703,0.688,0.764,-0.016,0.405,0.917,0.436,0.786,0.864,0.884,0.776,0.217,0.853,0.426,0.581,0.098,0.773,0.716,0.861,0.802,0.472,-0.555,0.752,0.846,-0.567,0.769,0.491,-0.572,-0.65,0.682,0.88,0.823,0.677,0.868,0.796,0.883,0.536,0.367,0.279,0.811,0.026,0.562,0.809,0.234,0.864,0.732,0.072,0.706,0.692,0.578,0.565,0.376,0.781,0.278,-0.763,0.478,0.864,0.861,0.847,0.852,0.163,0.321,-0.197,0.841,0.838
APVO,-0.561,0.738,-0.562,-0.296,-0.657,0.725,0.766,-0.631,0.63,0.797,0.424,0.796,0.637,0.607,0.0,0.71,0.653,-0.683,0.797,0.477,0.335,0.231,0.345,0.693,-0.735,0.582,0.716,0.433,0.639,0.354,-0.138,0.61,0.592,0.658,0.834,-0.575,0.174,0.559,-0.151,0.62,0.624,0.878,-0.098,0.452,-0.293,-0.411,-0.566,0.337,0.455,0.431,-0.706,0.684,0.34,0.776,0.037,0.306,0.088,0.654,0.489,0.228,0.717,0.542,-0.708,0.844,0.617,-0.302,-0.246,0.664,0.749,0.825,-0.669,-0.334,0.644,-0.664,0.713,0.561,0.644,0.584,-0.561,0.106,-0.31,-0.412,0.536,0.801,0.131,0.547,0.01,-0.721,0.746,-0.756,-0.133,0.492,0.352,-0.789,-0.004,0.156,0.319,0.882,-0.136,0.269,0.711,0.628,0.557,0.366,0.492,-0.858,-0.548,0.408,0.179,0.634,0.598,0.45,0.787,0.796,0.667,0.29,0.694,0.472,0.396,0.591,0.173,-0.404,0.244,-0.437,-0.82,0.506,0.024,-0.698,0.45,-0.297,0.611,0.765,0.082,-0.543,0.808,0.295,0.413,0.846,-0.036,0.308,0.676,0.636,0.682,0.724,0.627,0.469,0.476,0.555,0.229,0.124,-0.38,0.551,0.396,0.641,0.833,-0.172,-0.369,0.677,0.562,-0.464,0.587,0.128,-0.445,-0.716,0.816,0.7,0.869,0.197,0.541,0.871,0.653,0.163,0.689,-0.048,0.811,0.205,0.162,0.88,0.016,0.756,0.508,-0.253,0.83,0.83,0.226,0.378,0.116,0.654,-0.065,-0.843,0.651,0.708,0.771,0.537,0.516,-0.389,0.558,-0.662,0.825,0.647
ARGX,-0.405,0.849,-0.612,-0.185,-0.612,0.73,0.71,-0.545,0.58,0.819,0.38,0.822,0.643,0.635,0.71,0.0,0.59,-0.612,0.795,0.811,0.449,0.321,0.291,0.517,-0.7,0.643,0.626,0.443,0.596,0.453,-0.029,0.773,0.844,0.55,0.83,-0.519,0.164,0.623,-0.204,0.535,0.709,0.688,0.064,0.404,-0.082,-0.364,-0.41,0.466,0.499,0.56,-0.685,0.795,0.391,0.607,-0.165,0.47,0.322,0.703,0.637,0.428,0.669,0.685,-0.602,0.786,0.66,-0.335,-0.202,0.754,0.839,0.763,-0.683,-0.246,0.796,-0.631,0.421,0.646,0.602,0.659,-0.446,0.216,-0.388,-0.252,0.53,0.857,0.145,0.516,0.226,-0.568,0.751,-0.774,-0.149,0.222,0.653,-0.607,0.072,0.212,0.319,0.778,-0.333,0.145,0.641,0.631,0.608,0.52,0.561,-0.815,-0.453,0.569,0.223,0.727,0.567,0.486,0.762,0.753,0.753,0.425,0.574,0.601,0.472,0.389,0.28,-0.522,0.295,-0.478,-0.606,0.568,0.271,-0.662,0.446,-0.321,0.659,0.678,0.068,-0.562,0.755,0.386,0.357,0.729,-0.173,0.512,0.779,0.628,0.803,0.732,0.72,0.663,0.657,0.674,0.146,0.419,-0.313,0.722,0.622,0.739,0.762,0.012,-0.272,0.581,0.577,-0.463,0.492,0.138,-0.645,-0.789,0.834,0.74,0.825,0.296,0.67,0.793,0.702,0.146,0.623,-0.207,0.845,0.387,0.343,0.742,0.09,0.788,0.687,-0.092,0.787,0.784,0.156,0.596,0.195,0.641,0.021,-0.799,0.503,0.726,0.73,0.594,0.523,-0.224,0.47,-0.396,0.733,0.808
ARLP,0.045,0.742,-0.46,0.258,-0.103,0.555,0.718,-0.551,0.819,0.733,-0.023,0.795,0.57,0.724,0.653,0.59,0.0,-0.264,0.543,0.548,0.393,0.489,0.275,0.639,-0.569,0.735,0.692,0.79,0.583,0.642,0.442,0.619,0.778,0.714,0.855,0.044,0.07,0.703,0.255,0.6,0.588,0.648,0.364,0.682,0.351,-0.4,-0.137,0.807,0.415,0.595,-0.282,0.707,0.644,0.813,-0.125,0.715,0.537,0.833,0.773,0.684,0.518,0.787,-0.235,0.676,0.813,0.157,0.135,0.611,0.63,0.516,-0.679,0.276,0.661,-0.38,0.245,0.59,0.686,0.837,-0.039,0.516,-0.024,0.174,0.876,0.756,0.078,0.614,0.474,-0.311,0.638,-0.457,-0.567,0.662,0.418,-0.658,0.407,0.659,0.643,0.639,-0.301,0.526,0.706,0.736,0.829,0.666,0.591,-0.648,-0.05,0.77,0.636,0.725,0.765,0.625,0.47,0.491,0.54,0.443,0.575,0.725,0.716,0.533,0.61,-0.686,0.391,-0.684,-0.618,0.546,0.385,-0.714,0.545,-0.704,0.769,0.65,0.52,-0.696,0.421,0.716,0.409,0.691,0.398,0.549,0.782,0.616,0.746,0.822,0.783,0.72,0.18,0.783,0.656,0.634,0.193,0.843,0.807,0.722,0.633,0.338,-0.464,0.638,0.813,-0.596,0.559,0.369,-0.279,-0.432,0.732,0.667,0.758,0.574,0.789,0.649,0.612,0.595,0.325,0.326,0.67,0.278,0.649,0.692,0.344,0.718,0.674,0.389,0.589,0.53,0.434,0.63,0.639,0.603,0.38,-0.597,0.548,0.706,0.646,0.794,0.681,0.296,0.491,-0.074,0.789,0.599
ATEX,0.784,-0.564,0.421,0.7,0.791,-0.552,-0.465,0.169,-0.439,-0.494,-0.251,-0.617,-0.286,-0.287,-0.683,-0.612,-0.264,0.0,-0.739,-0.405,0.059,0.292,0.005,-0.507,0.458,-0.198,-0.296,-0.239,-0.288,0.029,0.411,-0.304,-0.279,-0.3,-0.527,0.62,0.139,-0.148,0.646,-0.155,-0.279,-0.718,0.608,0.076,0.417,0.072,0.557,-0.158,-0.675,-0.397,0.777,-0.368,0.194,-0.346,-0.308,0.089,0.241,-0.452,-0.192,0.096,-0.45,-0.206,0.71,-0.62,-0.335,0.351,0.719,-0.475,-0.76,-0.715,0.498,0.598,-0.415,0.411,-0.718,-0.613,-0.131,-0.213,0.825,-0.186,0.676,0.515,-0.232,-0.668,0.216,-0.175,0.36,0.828,-0.501,0.806,-0.445,-0.086,-0.097,0.657,0.251,0.003,0.183,-0.722,0.135,0.279,-0.594,-0.233,-0.294,0.111,0.034,0.649,0.541,-0.116,0.286,-0.242,-0.191,-0.108,-0.733,-0.736,-0.543,0.09,-0.43,-0.102,0.101,-0.496,0.289,0.032,0.244,0.256,0.705,-0.076,0.391,0.478,0.076,0.13,-0.433,-0.379,0.236,0.133,-0.774,0.145,0.116,-0.494,0.299,-0.305,-0.306,-0.531,-0.509,-0.371,-0.316,-0.084,-0.575,-0.133,0.015,0.192,0.819,-0.228,-0.1,-0.348,-0.589,0.541,-0.061,-0.313,-0.082,0.412,-0.109,0.185,0.508,0.733,-0.668,-0.351,-0.634,0.295,-0.204,-0.68,-0.305,0.062,-0.861,0.569,-0.664,-0.297,0.11,-0.604,-0.075,-0.376,-0.314,0.453,-0.792,-0.754,0.251,-0.285,-0.051,-0.2,0.514,0.715,-0.724,-0.346,-0.425,-0.041,0.013,0.688,-0.413,0.517,-0.449,-0.388
ATRA,-0.609,0.849,-0.678,-0.234,-0.793,0.899,0.622,-0.68,0.642,0.879,0.377,0.87,0.726,0.781,0.797,0.795,0.543,-0.739,0.0,0.746,0.403,0.2,0.39,0.719,-0.854,0.72,0.693,0.32,0.781,0.495,-0.168,0.803,0.69,0.683,0.795,-0.712,0.35,0.704,-0.242,0.654,0.798,0.863,-0.029,0.447,-0.329,-0.326,-0.653,0.442,0.446,0.497,-0.858,0.742,0.383,0.581,-0.032,0.349,0.111,0.701,0.529,0.341,0.785,0.622,-0.863,0.927,0.734,-0.503,-0.265,0.84,0.851,0.932,-0.784,-0.453,0.804,-0.814,0.54,0.507,0.627,0.538,-0.638,0.052,-0.339,-0.581,0.557,0.871,0.191,0.546,0.114,-0.693,0.91,-0.914,-0.106,0.236,0.554,-0.756,-0.178,0.226,0.203,0.884,-0.24,0.254,0.729,0.707,0.564,0.419,0.549,-0.913,-0.649,0.466,0.21,0.752,0.671,0.602,0.795,0.925,0.839,0.3,0.522,0.584,0.422,0.548,0.243,-0.597,0.34,-0.571,-0.788,0.661,0.135,-0.799,0.516,-0.376,0.607,0.841,-0.191,-0.622,0.896,0.314,0.435,0.839,-0.322,0.388,0.787,0.513,0.814,0.754,0.739,0.569,0.505,0.631,0.15,0.211,-0.441,0.577,0.494,0.759,0.914,-0.044,-0.343,0.71,0.582,-0.574,0.592,0.199,-0.715,-0.885,0.804,0.805,0.906,0.264,0.668,0.94,0.812,0.238,0.717,-0.211,0.949,0.156,0.213,0.906,0.119,0.813,0.612,-0.331,0.923,0.924,0.199,0.455,0.139,0.666,-0.169,-0.931,0.668,0.796,0.863,0.583,0.568,-0.354,0.389,-0.537,0.823,0.809
AUTL,-0.245,0.797,-0.619,0.092,-0.465,0.738,0.595,-0.577,0.522,0.763,0.327,0.768,0.624,0.741,0.477,0.811,0.548,-0.405,0.746,0.0,0.414,0.405,0.245,0.394,-0.703,0.74,0.521,0.451,0.549,0.521,0.071,0.843,0.867,0.515,0.738,-0.381,0.205,0.692,-0.099,0.559,0.775,0.556,0.328,0.47,0.114,-0.348,-0.259,0.63,0.376,0.563,-0.559,0.75,0.558,0.475,-0.264,0.616,0.407,0.736,0.637,0.667,0.653,0.738,-0.51,0.75,0.685,-0.356,-0.082,0.725,0.71,0.631,-0.662,-0.038,0.764,-0.611,0.16,0.512,0.579,0.654,-0.293,0.198,-0.288,-0.221,0.535,0.798,0.155,0.507,0.397,-0.39,0.738,-0.724,-0.333,0.065,0.767,-0.455,0.143,0.259,0.37,0.602,-0.402,0.186,0.613,0.657,0.586,0.606,0.6,-0.73,-0.397,0.59,0.294,0.772,0.577,0.529,0.598,0.64,0.727,0.391,0.365,0.659,0.578,0.199,0.398,-0.682,0.47,-0.528,-0.364,0.673,0.413,-0.661,0.505,-0.381,0.634,0.635,0.018,-0.637,0.621,0.492,0.354,0.613,-0.118,0.621,0.802,0.478,0.864,0.675,0.759,0.798,0.592,0.709,0.174,0.53,-0.11,0.79,0.647,0.771,0.682,0.279,-0.301,0.618,0.605,-0.456,0.492,0.231,-0.733,-0.716,0.697,0.793,0.725,0.376,0.697,0.674,0.738,0.208,0.468,-0.134,0.818,0.334,0.414,0.632,0.042,0.778,0.738,0.058,0.691,0.643,0.238,0.64,0.263,0.607,0.095,-0.726,0.372,0.73,0.692,0.638,0.576,0.026,0.41,-0.171,0.689,0.817
AVDL,0.002,0.478,-0.673,0.32,-0.283,0.416,0.206,-0.728,0.538,0.679,0.154,0.432,0.816,0.593,0.335,0.449,0.393,0.059,0.403,0.414,0.0,0.534,0.827,0.513,-0.687,0.689,0.645,0.058,0.692,0.803,-0.015,0.728,0.587,0.704,0.497,-0.349,0.612,0.765,0.382,0.712,0.691,0.349,0.455,0.79,-0.095,-0.111,-0.403,0.399,-0.213,-0.002,-0.374,0.692,0.551,0.54,-0.563,0.486,0.447,0.326,0.642,0.472,0.442,0.535,-0.415,0.483,0.64,-0.25,0.522,0.673,0.245,0.511,-0.654,-0.108,0.733,-0.72,-0.181,0.147,0.765,0.592,-0.124,-0.044,0.173,-0.151,0.563,0.412,0.474,0.575,0.666,-0.064,0.68,-0.338,-0.586,0.264,0.689,-0.456,-0.122,0.308,0.403,0.511,-0.451,0.653,0.094,0.712,0.573,0.746,0.78,-0.51,-0.17,0.586,0.698,0.688,0.726,0.759,0.341,0.485,0.678,0.703,0.023,0.715,0.657,0.177,0.679,-0.66,0.637,-0.659,-0.381,0.797,0.658,-0.608,0.79,-0.461,0.269,0.703,0.014,-0.797,0.464,0.585,0.743,0.6,0.005,-0.082,0.718,0.162,0.293,0.705,0.676,0.59,-0.077,0.752,0.328,0.504,0.132,0.473,0.512,0.655,0.509,0.407,-0.653,0.406,0.778,-0.535,0.688,0.381,-0.49,-0.415,0.438,0.529,0.482,0.786,0.725,0.513,0.772,0.384,-0.015,0.377,0.457,-0.056,0.419,0.552,0.237,0.677,0.515,0.114,0.438,0.463,0.687,0.273,0.118,0.793,0.524,-0.505,-0.045,0.744,0.735,0.764,0.801,0.177,0.261,-0.183,0.517,0.692
BCRX,0.314,0.49,-0.25,0.661,0.137,0.29,0.54,-0.644,0.278,0.477,0.343,0.428,0.539,0.563,0.231,0.321,0.489,0.292,0.2,0.405,0.534,0.0,0.452,0.239,-0.394,0.691,0.627,0.379,0.401,0.689,0.39,0.64,0.61,0.446,0.513,0.089,0.311,0.671,0.718,0.584,0.619,0.28,0.783,0.728,0.296,-0.429,0.18,0.455,-0.363,0.372,0.024,0.658,0.756,0.537,-0.598,0.798,0.771,0.373,0.652,0.564,0.305,0.599,-0.035,0.314,0.551,0.185,0.661,0.498,0.219,0.136,-0.379,0.504,0.54,-0.351,-0.149,-0.04,0.692,0.572,0.211,0.164,0.494,0.276,0.45,0.268,0.385,0.632,0.723,0.19,0.407,-0.161,-0.81,0.442,0.525,-0.158,0.422,0.366,0.784,0.14,-0.242,0.691,0.158,0.669,0.465,0.723,0.81,-0.327,0.039,0.669,0.704,0.618,0.639,0.617,-0.0,0.181,0.367,0.613,0.407,0.648,0.817,-0.046,0.776,-0.645,0.753,-0.36,-0.088,0.689,0.803,-0.397,0.757,-0.35,0.516,0.511,0.51,-0.567,0.121,0.805,0.617,0.462,0.315,0.04,0.639,0.375,0.395,0.588,0.616,0.677,0.023,0.748,0.254,0.699,0.506,0.668,0.577,0.662,0.459,0.62,-0.539,0.557,0.714,-0.028,0.718,0.326,-0.14,-0.27,0.294,0.645,0.413,0.753,0.62,0.258,0.556,0.326,-0.118,0.612,0.258,-0.13,0.66,0.358,-0.184,0.618,0.588,0.458,0.124,0.089,0.591,0.522,0.072,0.732,0.48,-0.261,-0.054,0.599,0.485,0.676,0.743,0.547,-0.005,0.059,0.578,0.601
BHAT,-0.142,0.407,-0.627,0.236,-0.349,0.344,0.183,-0.689,0.514,0.605,0.149,0.394,0.746,0.515,0.345,0.291,0.275,0.005,0.39,0.245,0.827,0.452,0.0,0.597,-0.64,0.597,0.613,-0.08,0.609,0.735,-0.078,0.608,0.382,0.63,0.43,-0.388,0.539,0.665,0.316,0.581,0.602,0.422,0.261,0.763,-0.24,0.088,-0.356,0.339,-0.303,-0.02,-0.437,0.617,0.388,0.503,-0.463,0.347,0.353,0.189,0.497,0.345,0.345,0.362,-0.506,0.417,0.608,-0.127,0.403,0.607,0.22,0.494,-0.617,-0.203,0.634,-0.663,-0.106,0.021,0.661,0.404,-0.336,-0.036,0.187,-0.278,0.499,0.312,0.331,0.507,0.542,-0.053,0.658,-0.36,-0.489,0.24,0.52,-0.514,-0.253,0.33,0.307,0.5,-0.395,0.596,0.021,0.609,0.511,0.547,0.694,-0.465,-0.206,0.476,0.592,0.53,0.634,0.763,0.253,0.524,0.632,0.54,-0.019,0.578,0.545,0.242,0.585,-0.532,0.516,-0.626,-0.399,0.695,0.471,-0.56,0.723,-0.475,0.22,0.649,-0.126,-0.706,0.512,0.499,0.599,0.536,0.033,-0.25,0.594,0.166,0.168,0.645,0.572,0.383,-0.189,0.627,0.296,0.323,-0.033,0.32,0.291,0.603,0.532,0.222,-0.627,0.397,0.68,-0.481,0.672,0.187,-0.482,-0.477,0.355,0.455,0.432,0.662,0.607,0.47,0.683,0.303,0.126,0.407,0.356,-0.238,0.384,0.547,0.26,0.564,0.403,0.045,0.44,0.442,0.623,0.242,-0.003,0.733,0.302,-0.493,0.064,0.64,0.669,0.6,0.659,0.097,0.214,-0.246,0.479,0.59
BLBD,-0.342,0.692,-0.641,0.028,-0.444,0.636,0.521,-0.625,0.789,0.753,0.088,0.731,0.667,0.738,0.693,0.517,0.639,-0.507,0.719,0.394,0.513,0.239,0.597,0.0,-0.679,0.683,0.659,0.39,0.676,0.622,-0.024,0.624,0.54,0.713,0.705,-0.373,0.307,0.639,0.044,0.563,0.568,0.786,0.038,0.647,-0.213,-0.071,-0.495,0.566,0.195,0.419,-0.609,0.666,0.393,0.716,-0.135,0.361,0.274,0.55,0.614,0.369,0.542,0.534,-0.634,0.681,0.77,-0.105,0.049,0.742,0.673,0.734,-0.759,-0.211,0.702,-0.602,0.295,0.358,0.65,0.542,-0.492,0.307,-0.047,-0.267,0.696,0.641,0.091,0.536,0.324,-0.45,0.789,-0.661,-0.275,0.484,0.394,-0.763,0.001,0.483,0.368,0.763,-0.344,0.489,0.515,0.712,0.664,0.481,0.518,-0.694,-0.195,0.564,0.495,0.622,0.728,0.743,0.501,0.761,0.734,0.402,0.382,0.651,0.525,0.565,0.479,-0.614,0.276,-0.742,-0.78,0.563,0.229,-0.781,0.562,-0.596,0.631,0.713,0.008,-0.63,0.67,0.499,0.484,0.697,0.04,0.156,0.708,0.476,0.551,0.809,0.72,0.377,0.011,0.648,0.474,0.336,-0.227,0.526,0.515,0.699,0.753,0.123,-0.443,0.541,0.703,-0.626,0.587,0.292,-0.477,-0.651,0.679,0.59,0.759,0.5,0.709,0.769,0.672,0.523,0.539,0.197,0.659,-0.046,0.481,0.778,0.458,0.665,0.571,-0.018,0.752,0.709,0.516,0.47,0.34,0.631,0.058,-0.741,0.631,0.7,0.728,0.597,0.627,-0.058,0.378,-0.25,0.708,0.642
BMRN,0.487,-0.795,0.788,0.036,0.704,-0.833,-0.552,0.856,-0.661,-0.922,-0.358,-0.788,-0.864,-0.813,-0.735,-0.7,-0.569,0.458,-0.854,-0.703,-0.687,-0.394,-0.64,-0.679,0.0,-0.804,-0.741,-0.237,-0.806,-0.668,0.125,-0.876,-0.699,-0.803,-0.784,0.674,-0.469,-0.815,0.007,-0.837,-0.884,-0.765,-0.204,-0.686,0.231,0.336,0.648,-0.483,-0.222,-0.307,0.767,-0.807,-0.553,-0.678,0.248,-0.435,-0.191,-0.65,-0.605,-0.444,-0.776,-0.656,0.817,-0.895,-0.793,0.546,-0.009,-0.849,-0.634,-0.873,0.804,0.366,-0.85,0.913,-0.329,-0.424,-0.764,-0.631,0.502,0.082,0.204,0.538,-0.635,-0.78,-0.361,-0.634,-0.322,0.555,-0.938,0.787,0.385,-0.275,-0.662,0.758,0.2,-0.245,-0.307,-0.831,0.306,-0.429,-0.561,-0.811,-0.653,-0.597,-0.749,0.902,0.582,-0.528,-0.404,-0.832,-0.756,-0.719,-0.736,-0.861,-0.864,-0.468,-0.367,-0.707,-0.565,-0.423,-0.45,0.708,-0.568,0.634,0.703,-0.834,-0.323,0.814,-0.75,0.466,-0.507,-0.91,0.133,0.825,-0.834,-0.466,-0.625,-0.853,0.146,-0.252,-0.862,-0.403,-0.716,-0.811,-0.786,-0.699,-0.329,-0.745,-0.253,-0.304,0.223,-0.611,-0.491,-0.811,-0.855,-0.142,0.619,-0.741,-0.742,0.607,-0.764,-0.294,0.742,0.772,-0.755,-0.842,-0.842,-0.494,-0.759,-0.89,-0.923,-0.318,-0.502,-0.062,-0.866,-0.116,-0.272,-0.899,-0.104,-0.89,-0.603,0.2,-0.846,-0.84,-0.47,-0.383,-0.143,-0.83,-0.16,0.897,-0.424,-0.9,-0.942,-0.744,-0.765,0.193,-0.483,0.558,-0.833,-0.858
BNGO,-0.02,0.841,-0.641,0.412,-0.313,0.695,0.624,-0.816,0.745,0.857,0.218,0.808,0.849,0.916,0.582,0.643,0.735,-0.198,0.72,0.74,0.689,0.691,0.597,0.683,-0.804,0.0,0.831,0.494,0.786,0.884,0.204,0.928,0.863,0.809,0.812,-0.255,0.472,0.94,0.375,0.817,0.868,0.674,0.561,0.85,0.067,-0.371,-0.316,0.725,0.021,0.487,-0.457,0.916,0.762,0.72,-0.515,0.803,0.635,0.698,0.823,0.736,0.68,0.805,-0.5,0.78,0.901,-0.162,0.382,0.848,0.602,0.661,-0.828,0.114,0.893,-0.752,0.064,0.296,0.875,0.79,-0.166,0.25,0.155,-0.118,0.807,0.714,0.298,0.797,0.705,-0.237,0.873,-0.636,-0.682,0.485,0.71,-0.587,0.17,0.56,0.668,0.646,-0.487,0.698,0.576,0.928,0.771,0.838,0.857,-0.722,-0.226,0.828,0.74,0.912,0.911,0.878,0.408,0.697,0.797,0.618,0.452,0.856,0.874,0.292,0.786,-0.905,0.736,-0.795,-0.596,0.878,0.674,-0.867,0.847,-0.663,0.715,0.858,0.207,-0.873,0.574,0.804,0.716,0.806,0.085,0.288,0.949,0.499,0.73,0.919,0.935,0.819,0.165,0.946,0.495,0.696,0.153,0.833,0.813,0.926,0.808,0.533,-0.661,0.736,0.917,-0.56,0.827,0.385,-0.548,-0.655,0.661,0.863,0.813,0.781,0.936,0.733,0.909,0.546,0.256,0.347,0.754,-0.032,0.655,0.787,0.214,0.905,0.808,0.246,0.651,0.625,0.654,0.644,0.36,0.871,0.328,-0.74,0.355,0.912,0.859,0.908,0.91,0.274,0.273,-0.127,0.855,0.891
BUSE,-0.115,0.75,-0.499,0.196,-0.408,0.612,0.676,-0.745,0.7,0.82,0.349,0.772,0.834,0.736,0.716,0.626,0.692,-0.296,0.693,0.521,0.645,0.627,0.613,0.659,-0.741,0.831,0.0,0.447,0.791,0.737,0.023,0.815,0.738,0.775,0.79,-0.364,0.45,0.862,0.331,0.793,0.787,0.774,0.335,0.752,-0.083,-0.356,-0.376,0.529,0.085,0.418,-0.475,0.87,0.6,0.798,-0.382,0.664,0.493,0.635,0.77,0.497,0.677,0.687,-0.522,0.749,0.772,-0.133,0.274,0.809,0.616,0.706,-0.798,-0.02,0.818,-0.749,0.381,0.363,0.859,0.764,-0.258,0.195,0.115,-0.127,0.696,0.701,0.41,0.779,0.517,-0.37,0.795,-0.62,-0.512,0.654,0.568,-0.624,0.069,0.426,0.594,0.731,-0.381,0.707,0.582,0.901,0.684,0.712,0.758,-0.721,-0.327,0.717,0.641,0.806,0.887,0.732,0.497,0.674,0.766,0.62,0.625,0.755,0.724,0.408,0.575,-0.657,0.609,-0.653,-0.709,0.781,0.522,-0.795,0.71,-0.528,0.67,0.879,0.27,-0.731,0.629,0.625,0.686,0.937,0.097,0.091,0.837,0.611,0.587,0.876,0.846,0.673,0.244,0.845,0.365,0.51,-0.019,0.708,0.669,0.813,0.814,0.261,-0.504,0.707,0.826,-0.498,0.855,0.262,-0.364,-0.649,0.717,0.759,0.84,0.641,0.801,0.754,0.806,0.402,0.334,0.288,0.729,-0.035,0.471,0.848,0.058,0.861,0.694,0.101,0.659,0.675,0.474,0.529,0.186,0.883,0.196,-0.724,0.358,0.887,0.841,0.813,0.811,0.053,0.255,-0.31,0.877,0.804
CAKE,0.234,0.621,-0.092,0.224,0.147,0.301,0.691,-0.222,0.572,0.435,-0.068,0.637,0.262,0.466,0.433,0.443,0.79,-0.239,0.32,0.451,0.058,0.379,-0.08,0.39,-0.237,0.494,0.447,0.0,0.215,0.407,0.434,0.389,0.594,0.347,0.652,0.31,-0.19,0.419,0.256,0.36,0.302,0.506,0.288,0.344,0.521,-0.367,0.144,0.744,0.422,0.688,-0.017,0.504,0.464,0.659,-0.073,0.697,0.543,0.759,0.678,0.529,0.343,0.623,0.071,0.423,0.573,0.341,0.071,0.359,0.584,0.202,-0.481,0.507,0.436,-0.077,0.253,0.583,0.414,0.735,0.036,0.685,-0.044,0.419,0.659,0.587,-0.172,0.488,0.38,-0.183,0.293,-0.353,-0.348,0.64,0.195,-0.402,0.67,0.629,0.621,0.351,-0.287,0.255,0.643,0.513,0.642,0.465,0.314,-0.381,0.184,0.706,0.443,0.439,0.526,0.324,0.255,0.236,0.301,0.208,0.593,0.565,0.561,0.268,0.452,-0.394,0.214,-0.467,-0.415,0.247,0.297,-0.515,0.216,-0.485,0.788,0.295,0.754,-0.365,0.179,0.653,0.181,0.435,0.451,0.475,0.52,0.725,0.587,0.586,0.614,0.564,0.246,0.567,0.534,0.591,0.189,0.775,0.719,0.576,0.376,0.31,-0.113,0.432,0.546,-0.337,0.3,0.238,-0.032,-0.265,0.615,0.47,0.579,0.353,0.568,0.372,0.293,0.45,0.32,0.285,0.432,0.328,0.647,0.418,0.153,0.48,0.645,0.52,0.375,0.241,0.155,0.707,0.596,0.369,0.235,-0.348,0.505,0.461,0.314,0.502,0.394,0.361,0.267,0.215,0.577,0.411
CASY,-0.24,0.666,-0.607,0.141,-0.511,0.797,0.446,-0.756,0.636,0.846,0.257,0.668,0.834,0.809,0.639,0.596,0.583,-0.288,0.781,0.549,0.692,0.401,0.609,0.676,-0.806,0.786,0.791,0.215,0.0,0.73,0.044,0.806,0.689,0.825,0.679,-0.531,0.731,0.881,0.18,0.814,0.855,0.653,0.324,0.7,-0.205,-0.327,-0.58,0.436,0.135,0.229,-0.587,0.706,0.641,0.592,-0.157,0.463,0.22,0.629,0.577,0.484,0.755,0.614,-0.646,0.814,0.733,-0.414,0.22,0.773,0.534,0.795,-0.734,-0.27,0.785,-0.841,0.248,0.252,0.829,0.588,-0.234,-0.122,0.057,-0.426,0.647,0.696,0.531,0.547,0.395,-0.335,0.879,-0.568,-0.456,0.358,0.638,-0.614,-0.145,0.317,0.39,0.77,-0.187,0.655,0.564,0.787,0.534,0.661,0.766,-0.741,-0.524,0.542,0.587,0.843,0.828,0.752,0.598,0.747,0.743,0.482,0.35,0.725,0.58,0.566,0.524,-0.741,0.617,-0.633,-0.675,0.847,0.417,-0.736,0.761,-0.438,0.41,0.93,-0.101,-0.767,0.672,0.478,0.747,0.841,-0.199,0.234,0.826,0.238,0.624,0.778,0.765,0.653,0.172,0.749,0.304,0.352,-0.004,0.527,0.599,0.716,0.776,0.264,-0.535,0.723,0.765,-0.566,0.737,0.457,-0.466,-0.593,0.584,0.752,0.765,0.62,0.767,0.814,0.89,0.43,0.28,0.199,0.787,-0.066,0.295,0.83,0.229,0.792,0.503,-0.199,0.684,0.762,0.494,0.283,0.171,0.764,0.253,-0.723,0.391,0.831,0.905,0.813,0.807,-0.025,0.267,-0.412,0.778,0.734
CCOI,0.175,0.679,-0.585,0.543,-0.124,0.478,0.405,-0.747,0.722,0.732,-0.014,0.639,0.796,0.778,0.354,0.453,0.642,0.029,0.495,0.521,0.803,0.689,0.735,0.622,-0.668,0.884,0.737,0.407,0.73,0.0,0.323,0.799,0.703,0.777,0.645,-0.08,0.513,0.908,0.56,0.729,0.757,0.485,0.598,0.899,0.152,-0.209,-0.178,0.728,-0.164,0.323,-0.287,0.803,0.705,0.646,-0.54,0.778,0.681,0.575,0.817,0.692,0.466,0.704,-0.325,0.574,0.881,0.042,0.572,0.74,0.418,0.468,-0.77,0.202,0.827,-0.632,-0.193,0.183,0.816,0.714,-0.052,0.284,0.302,0.017,0.832,0.527,0.284,0.734,0.832,0.032,0.739,-0.408,-0.752,0.474,0.614,-0.533,0.138,0.704,0.638,0.501,-0.496,0.773,0.313,0.839,0.762,0.834,0.852,-0.539,-0.033,0.871,0.896,0.765,0.892,0.941,0.218,0.523,0.692,0.623,0.201,0.858,0.851,0.282,0.909,-0.846,0.717,-0.843,-0.489,0.828,0.758,-0.766,0.855,-0.738,0.559,0.741,0.255,-0.863,0.416,0.877,0.71,0.644,0.177,0.069,0.84,0.366,0.487,0.858,0.859,0.724,-0.143,0.916,0.572,0.729,0.284,0.7,0.774,0.856,0.628,0.594,-0.705,0.589,0.928,-0.581,0.745,0.401,-0.43,-0.484,0.488,0.689,0.621,0.905,0.915,0.544,0.82,0.653,0.039,0.542,0.52,-0.111,0.753,0.627,0.38,0.738,0.701,0.388,0.474,0.433,0.702,0.568,0.374,0.815,0.479,-0.534,0.213,0.804,0.751,0.881,0.879,0.461,0.139,0.067,0.687,0.751
CEVA,0.534,0.099,0.172,0.545,0.582,-0.048,0.159,-0.048,0.108,0.033,-0.273,0.107,-0.072,0.196,-0.138,-0.029,0.442,0.411,-0.168,0.071,-0.015,0.39,-0.078,-0.024,0.125,0.204,0.023,0.434,0.044,0.323,0.0,0.052,0.257,0.056,0.155,0.586,-0.061,0.187,0.492,0.021,0.052,-0.139,0.545,0.3,0.567,-0.183,0.451,0.402,-0.097,0.304,0.396,0.063,0.449,0.104,-0.058,0.446,0.497,0.236,0.278,0.465,-0.155,0.279,0.438,-0.093,0.274,0.549,0.374,-0.032,0.021,-0.288,0.093,0.648,0.035,0.321,-0.329,-0.084,0.134,0.204,0.542,0.376,0.42,0.514,0.343,-0.01,-0.061,0.163,0.392,0.475,-0.05,0.31,-0.533,0.251,0.081,0.104,0.554,0.479,0.46,-0.189,0.176,0.284,0.137,0.114,0.227,0.308,0.28,0.102,0.435,0.39,0.483,0.162,0.202,0.25,-0.279,-0.235,-0.193,0.153,0.161,0.246,0.389,0.141,0.55,-0.313,0.167,-0.135,0.17,0.077,0.381,0.044,0.257,-0.307,0.231,-0.026,0.519,-0.138,-0.342,0.533,0.094,-0.099,0.41,0.368,0.18,0.046,0.236,0.161,0.148,0.297,-0.207,0.282,0.377,0.54,0.707,0.344,0.452,0.166,-0.041,0.518,-0.186,0.155,0.303,0.072,0.065,0.318,0.231,0.232,-0.061,0.13,-0.01,0.431,0.242,-0.13,-0.002,0.406,-0.261,0.488,-0.101,-0.027,0.635,-0.082,0.261,0.058,0.176,0.577,-0.238,-0.244,0.241,0.302,0.419,0.011,0.398,0.228,0.159,0.002,-0.063,0.302,0.221,0.696,-0.13,0.401,0.096,-0.005
