,AAPL,ACRS,ADP,AFYA,AGNC,AGYS,ALT,AMGN,AMPH,AMZN,ANIP,AOSL,APDN,APLT,APVO,ARGX,ARLP,ATEX,ATRA,AUTL,AVDL,BCRX,BHAT,BLBD,BMRN,BNGO,BUSE,CAKE,CASY,CCOI,CEVA,CHY,CLDX,CLMT,COHU,COLM,COST,CPRT,CSWC,CSX,DBX,DCOM,DKNG,DMLP,DOX,EA,EDIT,ENPH,ENSG,ERNA,ESGR,ETNB,EXTR,FANG,FARO,FATE,FGEN,FIVE,FIVN,FLGT,FOLD,FORM,FOXA,FRPT,FSLR,FTAI,GBDC,GDYN,GGAL,GNLN,GRFS,GT,HCAT,HCM,HFWA,HOLX,HQY,HUBG,IAC,ICLR,IDCC,IEP,IHRT,ILMN,ILPT,IMAB,IMOS,INMD,INTZ,JAZZ,JKHY,JRVR,KIDS,LBRDK,LGND,LMAT,LPLA,LULU,MASI,MAT,MATW,MBIN,MBIO,MCRB,MDB,MDLZ,MELI,MIRM,MLKN,MNMD,MNRO,MPWR,MRCY,MRSN,MTVA,NAAS,NDAQ,NDSN,NEGG,NOVT,NVDA,NWE,NWSA,NXST,OCX,ODFL,OMAB,OPCH,OPRA,ORGO,OTRK,OZK,PAGP,PCH,PEGA,PENG,PENN,PFBC,PGNY,PHAT,PHUN,PINC,PLUG,PLXS,PYPL,QLYS,QNCX,QQQX,QVCGA,RAPT,RBBN,RCKT,REPL,RMBS,ROAD,ROKU,ROP,RUSHA,SANM,SATS,SBCF,SBLK,SBUX,SCHL,SCSC,SDGR,SEIC,SFIX,SGRY,SKYW,SLP,SNES,STAA,STLD,STOK,SWKS,TER,TFIN,TIGO,TILE,TPIC,TTEC,TTEK,TTGT,UXIN,VERU,VLYPP,VNOM,VRNS,VRSN,WDAY,WERN,WINA,WKHS,WRLD,XP,XTKG,YY,ZION,ZM
AAPL,0.0,-0.654,-0.421,-0.402,-0.456,0.57,-0.66,-0.646,-0.681,0.314,-0.582,-0.663,-0.087,-0.794,-0.634,0.468,-0.789,-0.609,-0.035,-0.815,0.314,0.011,-0.307,-0.215,0.133,-0.396,-0.648,-0.619,-0.53,-0.618,0.489,0.291,-0.68,-0.701,-0.039,-0.251,-0.439,-0.61,-0.718,-0.712,0.831,-0.705,-0.693,-0.577,-0.211,-0.731,-0.75,-0.069,-0.7,-0.69,-0.77,-0.285,-0.046,-0.777,-0.398,-0.764,0.531,-0.193,0.012,-0.678,-0.154,0.821,0.78,-0.629,-0.6,-0.792,0.089,0.593,0.618,-0.503,0.638,-0.74,-0.726,-0.801,-0.615,-0.642,-0.534,-0.746,-0.723,-0.283,-0.476,-0.722,-0.707,-0.448,-0.369,-0.664,-0.28,-0.68,0.08,0.415,0.351,0.367,-0.383,-0.702,-0.502,-0.684,0.431,0.235,-0.224,-0.702,-0.612,-0.743,-0.514,0.629,-0.764,-0.703,-0.717,-0.639,-0.672,-0.247,-0.67,0.591,0.473,-0.687,-0.752,-0.702,-0.546,-0.722,-0.659,-0.591,-0.292,0.052,-0.636,-0.733,-0.621,-0.706,0.228,-0.312,-0.024,-0.631,-0.478,-0.643,-0.765,-0.705,-0.303,-0.28,-0.769,-0.668,-0.07,-0.633,0.141,-0.435,0.13,-0.528,-0.301,-0.762,-0.666,0.638,-0.615,0.567,0.794,-0.747,-0.411,-0.609,-0.676,-0.41,-0.683,-0.74,-0.398,-0.658,-0.637,-0.722,-0.765,-0.705,-0.593,-0.595,-0.002,-0.484,-0.371,-0.682,-0.587,0.439,-0.576,-0.736,-0.591,0.629,0.82,-0.686,-0.757,-0.482,0.334,-0.521,-0.766,-0.826,-0.321,-0.48,0.565,-0.791,-0.709,0.534,-0.054,-0.708,-0.186,-0.653,-0.756,-0.659,-0.532,0.207,-0.641,0.106
ACRS,-0.654,0.0,0.784,0.497,0.767,-0.236,0.902,0.891,0.918,0.067,0.717,0.926,-0.158,0.895,0.827,-0.328,0.531,0.87,0.053,0.878,-0.52,0.187,0.102,0.227,0.195,0.007,0.916,0.725,0.732,0.546,-0.325,-0.105,0.774,0.474,0.273,0.692,0.819,0.895,0.646,0.897,-0.738,0.922,0.942,0.283,0.576,0.949,0.927,0.551,0.907,0.519,0.834,0.567,0.42,0.692,0.562,0.933,-0.584,0.575,0.492,0.883,0.603,-0.591,-0.799,0.673,0.884,0.761,0.025,-0.787,-0.679,0.42,-0.52,0.883,0.861,0.913,0.797,0.874,0.605,0.865,0.926,0.497,0.395,0.92,0.887,0.733,0.354,0.924,0.608,0.888,-0.559,-0.466,-0.244,-0.409,0.373,0.847,0.833,0.813,-0.224,-0.02,0.377,0.896,0.833,0.891,0.293,-0.261,0.953,0.802,0.903,0.856,0.816,0.502,0.933,-0.301,-0.698,0.901,0.668,0.856,0.837,0.955,0.953,0.822,0.508,-0.101,0.955,0.928,0.435,0.896,0.07,0.483,0.13,0.873,0.038,0.848,0.889,0.91,0.621,0.656,0.672,0.872,-0.318,0.794,-0.3,0.692,0.274,0.864,0.639,0.946,0.627,-0.465,0.762,-0.469,-0.674,0.771,0.555,0.847,0.935,0.839,0.901,0.899,0.736,0.839,0.895,0.876,0.858,0.826,0.801,0.836,0.287,0.512,0.577,0.88,0.764,-0.635,0.839,0.956,0.884,-0.381,-0.819,0.926,0.664,0.83,-0.26,0.689,0.915,0.891,0.259,0.517,-0.832,0.774,0.955,-0.655,0.475,0.881,0.661,0.923,0.859,0.89,0.443,-0.022,0.869,0.415
ADP,-0.421,0.784,0.0,0.705,0.656,0.014,0.727,0.82,0.75,0.107,0.696,0.76,-0.268,0.711,0.725,-0.258,0.526,0.825,0.265,0.772,-0.321,0.29,0.135,0.133,0.293,0.059,0.797,0.703,0.67,0.64,-0.039,0.143,0.749,0.457,0.381,0.467,0.659,0.809,0.736,0.871,-0.471,0.767,0.776,0.316,0.603,0.829,0.731,0.614,0.793,0.499,0.72,0.672,0.318,0.665,0.396,0.761,-0.274,0.466,0.546,0.695,0.548,-0.45,-0.718,0.767,0.811,0.699,0.389,-0.502,-0.562,0.53,-0.411,0.822,0.696,0.755,0.776,0.853,0.652,0.726,0.838,0.559,0.606,0.735,0.751,0.644,0.526,0.731,0.562,0.764,-0.37,-0.191,-0.142,-0.127,0.509,0.803,0.71,0.823,0.133,-0.014,0.414,0.785,0.797,0.844,0.348,-0.198,0.78,0.844,0.857,0.888,0.673,0.407,0.784,-0.181,-0.337,0.727,0.646,0.793,0.86,0.83,0.73,0.753,0.616,0.067,0.863,0.842,0.314,0.722,-0.095,0.587,0.28,0.824,0.158,0.828,0.816,0.811,0.725,0.642,0.662,0.811,-0.13,0.649,-0.025,0.712,0.137,0.75,0.603,0.817,0.534,-0.049,0.737,-0.176,-0.347,0.674,0.75,0.757,0.848,0.675,0.842,0.775,0.603,0.835,0.873,0.714,0.816,0.618,0.703,0.753,0.476,0.536,0.658,0.867,0.719,-0.5,0.648,0.829,0.724,-0.26,-0.663,0.842,0.611,0.838,-0.006,0.661,0.756,0.73,0.45,0.514,-0.712,0.712,0.836,-0.396,0.297,0.767,0.575,0.785,0.78,0.813,0.423,0.316,0.877,0.354
AFYA,-0.402,0.497,0.705,0.0,0.308,-0.309,0.369,0.6,0.403,-0.256,0.526,0.48,-0.265,0.394,0.699,-0.347,0.532,0.541,0.702,0.615,-0.359,0.598,0.474,-0.433,0.36,0.443,0.418,0.269,0.205,0.714,-0.202,0.084,0.58,0.598,0.081,-0.073,0.128,0.411,0.808,0.654,-0.517,0.394,0.512,0.573,0.188,0.551,0.563,0.407,0.407,0.551,0.517,0.535,-0.251,0.73,-0.034,0.6,0.202,0.52,0.057,0.423,0.215,-0.398,-0.573,0.765,0.482,0.731,0.701,-0.053,-0.671,0.706,-0.6,0.592,0.473,0.661,0.424,0.691,0.814,0.406,0.652,0.787,0.465,0.346,0.563,0.302,0.435,0.468,0.617,0.422,0.152,-0.115,-0.443,0.307,0.481,0.409,0.214,0.723,-0.006,-0.006,-0.123,0.497,0.46,0.604,0.445,-0.425,0.59,0.526,0.617,0.678,0.303,0.044,0.494,-0.43,0.125,0.413,0.514,0.675,0.474,0.616,0.507,0.319,0.778,0.461,0.561,0.606,0.423,0.309,-0.378,0.252,-0.101,0.44,0.494,0.511,0.612,0.553,0.33,0.453,0.516,0.499,0.373,0.538,0.42,0.528,0.102,0.307,0.198,0.584,0.345,0.143,0.595,0.224,-0.305,0.719,0.798,0.347,0.499,0.189,0.496,0.444,0.087,0.611,0.593,0.674,0.66,0.252,0.249,0.381,0.268,0.54,0.643,0.646,0.295,-0.57,0.452,0.639,0.493,-0.511,-0.644,0.518,0.673,0.426,0.337,0.577,0.443,0.634,0.692,0.229,-0.51,0.489,0.499,0.044,-0.141,0.428,0.113,0.516,0.568,0.485,0.721,0.645,0.619,0.116
AGNC,-0.456,0.767,0.656,0.308,0.0,0.026,0.75,0.779,0.793,0.545,0.765,0.743,-0.02,0.694,0.564,-0.256,0.269,0.851,-0.095,0.715,-0.068,0.251,-0.117,0.372,0.386,-0.028,0.865,0.769,0.81,0.294,0.087,0.197,0.724,0.289,0.535,0.784,0.831,0.808,0.452,0.658,-0.371,0.834,0.687,0.163,0.621,0.796,0.776,0.713,0.833,0.36,0.764,0.464,0.592,0.459,0.8,0.738,-0.673,0.343,0.67,0.849,0.608,-0.474,-0.697,0.409,0.805,0.488,-0.074,-0.677,-0.241,0.233,-0.175,0.73,0.866,0.717,0.861,0.657,0.21,0.805,0.764,0.356,0.309,0.734,0.835,0.865,0.454,0.746,0.177,0.763,-0.563,-0.298,0.112,-0.33,-0.017,0.7,0.798,0.515,-0.141,0.382,0.605,0.787,0.784,0.698,0.391,-0.088,0.718,0.704,0.738,0.624,0.824,0.545,0.809,0.126,-0.7,0.856,0.674,0.499,0.819,0.752,0.806,0.842,0.169,-0.369,0.793,0.731,0.379,0.765,0.479,0.586,0.443,0.724,-0.025,0.822,0.754,0.868,0.672,0.745,0.526,0.837,-0.257,0.606,-0.342,0.45,0.575,0.848,0.871,0.754,0.615,-0.211,0.587,-0.501,-0.402,0.589,0.387,0.855,0.797,0.888,0.694,0.832,0.791,0.756,0.853,0.598,0.692,0.763,0.829,0.862,0.643,0.484,0.482,0.65,0.803,-0.243,0.654,0.697,0.9,0.032,-0.479,0.831,0.424,0.837,-0.369,0.733,0.804,0.598,0.097,0.58,-0.575,0.671,0.782,-0.378,0.672,0.809,0.64,0.832,0.765,0.806,0.039,0.009,0.809,0.494
AGYS,0.57,-0.236,0.014,-0.309,0.026,0.0,-0.153,-0.21,-0.187,0.436,-0.352,-0.255,-0.163,-0.289,-0.396,0.572,-0.281,-0.122,-0.233,-0.37,0.191,-0.241,-0.294,0.246,0.126,-0.504,-0.115,0.026,-0.019,-0.267,0.422,0.117,-0.198,-0.457,0.151,0.163,0.027,-0.096,-0.436,-0.248,0.657,-0.134,-0.158,-0.481,0.32,-0.27,-0.388,0.091,-0.163,-0.478,-0.353,0.001,0.508,-0.429,0.017,-0.342,0.056,-0.147,0.465,-0.278,0.127,0.415,0.417,-0.203,-0.202,-0.438,0.002,0.048,0.55,-0.278,0.577,-0.301,-0.321,-0.452,-0.066,-0.335,-0.345,-0.263,-0.281,-0.405,-0.029,-0.158,-0.345,-0.076,-0.181,-0.247,-0.178,-0.179,-0.252,0.467,0.294,0.082,-0.151,-0.032,0.121,-0.303,0.526,-0.014,0.156,-0.181,-0.144,-0.253,-0.341,0.414,-0.287,-0.182,-0.176,-0.148,-0.155,0.201,-0.249,0.482,0.095,-0.264,-0.299,-0.319,-0.016,-0.315,-0.355,-0.007,-0.148,-0.013,-0.148,-0.252,-0.51,-0.193,0.204,-0.054,0.43,-0.091,-0.42,-0.113,-0.246,-0.222,0.444,-0.117,-0.189,-0.144,-0.399,-0.431,-0.194,-0.049,0.068,-0.023,0.187,-0.288,-0.367,0.32,-0.308,0.087,0.64,-0.495,-0.161,-0.055,-0.084,0.106,-0.148,-0.202,0.081,-0.099,-0.134,-0.423,-0.379,-0.28,-0.06,-0.1,0.198,-0.348,-0.067,-0.143,-0.056,0.325,-0.284,-0.335,-0.24,0.559,0.518,-0.146,-0.336,0.053,0.161,-0.407,-0.255,-0.371,-0.283,-0.038,0.209,-0.262,-0.17,-0.048,0.195,-0.221,0.078,-0.273,-0.288,-0.051,-0.444,0.02,-0.176,0.276
ALT,-0.66,0.902,0.727,0.369,0.75,-0.153,0.0,0.894,0.918,0.088,0.672,0.859,-0.217,0.905,0.668,-0.282,0.537,0.882,-0.171,0.832,-0.401,-0.053,0.051,0.419,0.067,-0.038,0.922,0.824,0.8,0.514,-0.269,-0.076,0.743,0.384,0.284,0.755,0.858,0.905,0.564,0.838,-0.692,0.931,0.904,0.192,0.643,0.905,0.845,0.46,0.934,0.416,0.811,0.442,0.574,0.593,0.633,0.865,-0.709,0.437,0.497,0.877,0.535,-0.704,-0.853,0.608,0.844,0.67,-0.106,-0.833,-0.608,0.318,-0.468,0.871,0.822,0.819,0.84,0.777,0.482,0.881,0.858,0.286,0.412,0.931,0.795,0.785,0.352,0.896,0.396,0.932,-0.597,-0.41,-0.113,-0.517,0.317,0.862,0.83,0.743,-0.264,-0.106,0.545,0.894,0.874,0.874,0.287,-0.262,0.876,0.789,0.833,0.799,0.859,0.499,0.897,-0.29,-0.747,0.869,0.704,0.777,0.829,0.882,0.859,0.876,0.323,-0.238,0.908,0.888,0.383,0.925,0.076,0.569,0.198,0.852,0.024,0.856,0.837,0.87,0.652,0.517,0.725,0.873,-0.405,0.733,-0.419,0.776,0.198,0.893,0.681,0.908,0.623,-0.56,0.692,-0.646,-0.623,0.626,0.498,0.848,0.922,0.862,0.918,0.903,0.783,0.82,0.875,0.734,0.818,0.834,0.867,0.828,0.289,0.388,0.494,0.85,0.859,-0.464,0.748,0.884,0.837,-0.29,-0.747,0.91,0.605,0.841,-0.337,0.624,0.91,0.819,0.153,0.615,-0.748,0.798,0.93,-0.722,0.517,0.886,0.661,0.878,0.832,0.895,0.287,-0.154,0.828,0.318
AMGN,-0.646,0.891,0.82,0.6,0.779,-0.21,0.894,0.0,0.935,0.097,0.803,0.895,-0.136,0.854,0.783,-0.458,0.544,0.937,0.067,0.888,-0.362,0.216,0.124,0.204,0.224,0.115,0.913,0.754,0.78,0.552,-0.226,0.09,0.831,0.542,0.339,0.648,0.778,0.909,0.728,0.895,-0.658,0.897,0.886,0.282,0.663,0.945,0.909,0.635,0.902,0.501,0.872,0.546,0.419,0.694,0.608,0.883,-0.56,0.433,0.52,0.902,0.623,-0.676,-0.883,0.665,0.912,0.752,0.103,-0.718,-0.68,0.419,-0.481,0.929,0.862,0.893,0.863,0.902,0.568,0.88,0.922,0.501,0.474,0.874,0.884,0.839,0.485,0.899,0.47,0.932,-0.474,-0.409,-0.088,-0.356,0.316,0.819,0.711,0.863,-0.218,0.01,0.472,0.889,0.897,0.899,0.431,-0.269,0.885,0.854,0.887,0.851,0.838,0.373,0.935,-0.254,-0.62,0.902,0.769,0.78,0.872,0.915,0.897,0.847,0.473,-0.162,0.939,0.908,0.498,0.878,0.004,0.653,0.208,0.838,0.157,0.896,0.904,0.923,0.625,0.678,0.723,0.896,-0.208,0.737,-0.26,0.742,0.271,0.884,0.669,0.941,0.679,-0.377,0.749,-0.452,-0.555,0.747,0.608,0.849,0.908,0.785,0.902,0.907,0.735,0.868,0.924,0.822,0.893,0.775,0.83,0.849,0.462,0.585,0.563,0.886,0.866,-0.529,0.828,0.92,0.892,-0.316,-0.817,0.931,0.599,0.854,-0.234,0.786,0.889,0.826,0.352,0.566,-0.788,0.822,0.913,-0.488,0.433,0.907,0.659,0.908,0.863,0.908,0.409,0.095,0.908,0.377
AMPH,-0.681,0.918,0.75,0.403,0.793,-0.187,0.918,0.935,0.0,0.177,0.769,0.941,-0.055,0.913,0.76,-0.486,0.52,0.933,-0.152,0.869,-0.354,0.097,0.014,0.386,0.077,0.005,0.96,0.809,0.86,0.449,-0.23,0.048,0.792,0.487,0.315,0.743,0.892,0.958,0.625,0.865,-0.63,0.945,0.915,0.175,0.713,0.965,0.915,0.533,0.948,0.451,0.883,0.438,0.54,0.613,0.728,0.855,-0.728,0.388,0.577,0.926,0.665,-0.697,-0.869,0.564,0.916,0.685,-0.123,-0.837,-0.635,0.289,-0.425,0.914,0.892,0.87,0.879,0.856,0.442,0.926,0.899,0.335,0.425,0.946,0.898,0.848,0.407,0.929,0.4,0.947,-0.591,-0.464,0.022,-0.572,0.244,0.872,0.796,0.831,-0.192,0.009,0.567,0.916,0.908,0.896,0.377,-0.216,0.885,0.868,0.885,0.791,0.864,0.412,0.96,-0.214,-0.773,0.953,0.75,0.727,0.898,0.903,0.921,0.893,0.358,-0.33,0.939,0.888,0.488,0.953,0.106,0.625,0.269,0.87,0.043,0.899,0.902,0.922,0.639,0.632,0.72,0.916,-0.37,0.699,-0.417,0.689,0.241,0.943,0.706,0.949,0.701,-0.507,0.685,-0.617,-0.589,0.689,0.455,0.894,0.933,0.857,0.917,0.951,0.843,0.828,0.909,0.771,0.871,0.874,0.908,0.861,0.45,0.579,0.41,0.872,0.916,-0.484,0.809,0.908,0.877,-0.295,-0.809,0.952,0.528,0.885,-0.402,0.729,0.935,0.829,0.185,0.599,-0.809,0.835,0.938,-0.638,0.52,0.953,0.721,0.935,0.846,0.919,0.296,-0.114,0.894,0.462
AMZN,0.314,0.067,0.107,-0.256,0.545,0.436,0.088,0.097,0.177,0.0,0.273,0.125,0.137,-0.014,-0.104,-0.002,-0.461,0.262,-0.379,-0.068,0.412,0.156,-0.495,0.397,0.36,-0.309,0.268,0.263,0.456,-0.475,0.643,0.554,0.105,-0.302,0.505,0.528,0.479,0.266,-0.26,-0.106,0.469,0.184,-0.054,-0.379,0.414,0.104,0.067,0.469,0.205,-0.27,0.116,-0.067,0.595,-0.333,0.604,-0.054,-0.391,-0.039,0.658,0.265,0.401,0.171,-0.034,-0.33,0.207,-0.351,-0.254,-0.179,0.448,-0.376,0.565,0.037,0.26,-0.056,0.323,-0.043,-0.476,0.182,0.026,-0.107,-0.116,0.057,0.219,0.488,0.132,0.099,-0.401,0.117,-0.442,0.066,0.682,-0.174,-0.567,0.05,0.295,-0.18,0.274,0.723,0.565,0.134,0.225,-0.021,0.029,0.484,-0.063,0.077,0.013,-0.142,0.224,0.222,0.158,0.757,-0.36,0.289,0.085,-0.324,0.338,-0.007,0.169,0.327,-0.346,-0.617,0.11,-0.049,-0.07,0.154,0.82,0.277,0.533,0.096,-0.401,0.228,0.036,0.209,0.306,0.434,-0.177,0.23,-0.33,-0.04,-0.301,-0.149,0.637,0.379,0.668,0.021,0.141,0.281,-0.097,-0.195,0.291,-0.159,-0.235,0.326,0.115,0.491,-0.002,0.196,0.489,0.083,0.207,-0.217,-0.009,0.234,0.385,0.299,0.734,0.133,-0.159,-0.058,0.329,0.392,0.018,-0.079,0.306,0.647,0.319,0.18,-0.396,0.4,-0.434,0.272,0.115,-0.225,-0.328,0.191,-0.023,-0.006,0.058,0.118,0.682,0.212,0.447,0.235,0.058,0.177,-0.627,-0.066,0.189,0.611
ANIP,-0.582,0.717,0.696,0.526,0.765,-0.352,0.672,0.803,0.769,0.273,0.0,0.781,0.206,0.739,0.745,-0.583,0.365,0.812,0.099,0.828,0.034,0.386,0.081,0.224,0.28,0.324,0.808,0.714,0.754,0.382,0.058,0.369,0.853,0.606,0.565,0.538,0.688,0.79,0.723,0.735,-0.503,0.77,0.617,0.339,0.41,0.831,0.848,0.664,0.803,0.575,0.873,0.486,0.23,0.623,0.695,0.75,-0.478,0.262,0.396,0.863,0.618,-0.554,-0.838,0.496,0.836,0.667,0.054,-0.457,-0.464,0.383,-0.334,0.831,0.88,0.819,0.828,0.81,0.346,0.844,0.809,0.534,0.529,0.67,0.854,0.842,0.689,0.744,0.226,0.802,-0.253,-0.455,0.089,-0.322,0.235,0.6,0.578,0.697,-0.205,0.301,0.591,0.754,0.839,0.787,0.572,-0.264,0.69,0.811,0.749,0.694,0.806,0.372,0.853,0.029,-0.474,0.87,0.833,0.58,0.787,0.812,0.791,0.785,0.248,-0.253,0.766,0.743,0.59,0.766,0.183,0.783,0.264,0.772,0.318,0.85,0.758,0.851,0.415,0.835,0.535,0.852,0.121,0.735,-0.026,0.435,0.308,0.777,0.645,0.803,0.728,-0.141,0.685,-0.365,-0.544,0.789,0.457,0.834,0.741,0.643,0.721,0.834,0.674,0.728,0.841,0.666,0.841,0.786,0.786,0.868,0.622,0.825,0.496,0.682,0.798,-0.329,0.734,0.771,0.862,-0.199,-0.657,0.812,0.479,0.779,-0.393,0.934,0.798,0.636,0.411,0.621,-0.599,0.737,0.757,-0.164,0.404,0.858,0.67,0.834,0.83,0.711,0.225,0.099,0.861,0.254
AOSL,-0.663,0.926,0.76,0.48,0.743,-0.255,0.859,0.895,0.941,0.125,0.781,0.0,-0.041,0.893,0.793,-0.446,0.549,0.888,-0.025,0.879,-0.349,0.19,0.078,0.327,0.173,0.079,0.929,0.769,0.795,0.496,-0.206,0.067,0.796,0.592,0.367,0.658,0.834,0.937,0.691,0.895,-0.652,0.924,0.892,0.276,0.65,0.954,0.907,0.577,0.921,0.503,0.885,0.52,0.452,0.698,0.67,0.861,-0.603,0.48,0.543,0.907,0.621,-0.575,-0.821,0.628,0.916,0.72,-0.014,-0.759,-0.638,0.37,-0.463,0.931,0.893,0.886,0.855,0.882,0.525,0.911,0.912,0.447,0.495,0.913,0.904,0.79,0.478,0.902,0.503,0.919,-0.515,-0.434,-0.051,-0.456,0.305,0.84,0.757,0.864,-0.145,-0.003,0.49,0.924,0.899,0.921,0.418,-0.308,0.897,0.859,0.911,0.807,0.844,0.454,0.938,-0.203,-0.664,0.913,0.746,0.769,0.887,0.915,0.925,0.872,0.473,-0.244,0.937,0.904,0.484,0.922,0.047,0.603,0.226,0.885,0.107,0.899,0.907,0.91,0.618,0.718,0.73,0.914,-0.261,0.744,-0.256,0.656,0.201,0.901,0.68,0.942,0.689,-0.406,0.724,-0.506,-0.607,0.764,0.487,0.886,0.901,0.809,0.908,0.932,0.807,0.827,0.906,0.82,0.908,0.865,0.866,0.865,0.433,0.614,0.486,0.89,0.839,-0.516,0.792,0.923,0.852,-0.309,-0.803,0.939,0.583,0.868,-0.349,0.757,0.928,0.848,0.273,0.607,-0.784,0.834,0.929,-0.591,0.46,0.937,0.712,0.934,0.875,0.892,0.36,-0.06,0.911,0.432
APDN,-0.087,-0.158,-0.268,-0.265,-0.02,-0.163,-0.217,-0.136,-0.055,0.137,0.206,-0.041,0.0,-0.016,0.013,-0.242,-0.125,-0.129,-0.1,0.043,0.479,0.015,-0.06,0.11,-0.06,0.238,-0.079,-0.016,0.015,-0.225,0.171,0.22,0.157,0.272,0.237,-0.055,-0.034,-0.055,0.028,-0.142,0.141,-0.065,-0.198,0.058,-0.167,-0.05,0.054,0.019,-0.07,0.12,0.097,-0.029,-0.165,-0.038,0.238,-0.09,-0.088,-0.381,-0.113,0.05,0.147,0.087,0.03,-0.242,-0.035,-0.046,-0.259,0.165,0.27,-0.2,0.319,-0.056,0.072,-0.021,-0.005,-0.063,-0.3,0.036,-0.082,-0.079,0.119,-0.092,-0.027,0.09,0.154,-0.1,-0.349,-0.031,0.213,-0.104,0.256,-0.179,-0.066,-0.203,-0.184,-0.153,-0.083,0.188,0.165,-0.111,-0.056,-0.105,0.263,-0.106,-0.144,0.001,-0.095,-0.19,0.055,0.023,0.005,0.273,0.05,0.047,0.162,-0.254,-0.087,-0.109,-0.064,-0.019,-0.336,-0.169,-0.159,-0.18,0.235,-0.011,0.106,0.195,0.188,-0.013,0.188,-0.018,-0.111,-0.055,-0.222,0.136,-0.165,-0.03,0.33,-0.022,0.079,-0.366,-0.013,-0.051,-0.062,-0.068,0.197,0.017,-0.12,-0.088,-0.07,0.082,-0.319,0.048,-0.142,-0.143,-0.134,-0.006,0.025,-0.163,-0.103,-0.126,-0.035,0.089,0.014,0.076,0.094,0.371,-0.154,-0.222,0.002,0.182,0.081,-0.122,-0.007,0.095,0.085,-0.086,-0.177,-0.091,-0.293,0.143,-0.036,-0.168,0.07,0.068,0.157,-0.01,-0.128,0.25,0.005,0.045,0.17,-0.065,-0.017,-0.182,-0.239,-0.203,-0.062,-0.063
APLT,-0.794,0.895,0.711,0.394,0.694,-0.289,0.905,0.854,0.913,-0.014,0.739,0.893,-0.016,0.0,0.755,-0.391,0.671,0.851,-0.089,0.916,-0.356,-0.03,0.154,0.432,-0.001,0.113,0.911,0.822,0.788,0.569,-0.298,-0.094,0.809,0.57,0.338,0.629,0.794,0.904,0.697,0.902,-0.735,0.939,0.888,0.343,0.572,0.934,0.882,0.399,0.936,0.612,0.886,0.492,0.432,0.741,0.64,0.89,-0.664,0.355,0.377,0.881,0.504,-0.71,-0.862,0.667,0.863,0.779,-0.082,-0.798,-0.61,0.39,-0.496,0.915,0.863,0.892,0.843,0.827,0.521,0.936,0.889,0.315,0.544,0.947,0.839,0.727,0.451,0.87,0.412,0.923,-0.465,-0.438,-0.151,-0.512,0.437,0.878,0.787,0.808,-0.232,-0.186,0.511,0.903,0.868,0.924,0.393,-0.426,0.901,0.872,0.888,0.823,0.876,0.507,0.904,-0.331,-0.679,0.892,0.802,0.823,0.83,0.911,0.851,0.877,0.346,-0.182,0.907,0.907,0.461,0.959,-0.049,0.581,0.259,0.914,0.175,0.883,0.903,0.886,0.605,0.557,0.782,0.899,-0.245,0.763,-0.308,0.658,0.034,0.864,0.618,0.943,0.687,-0.551,0.764,-0.631,-0.694,0.75,0.487,0.883,0.911,0.757,0.934,0.937,0.757,0.852,0.87,0.808,0.888,0.907,0.874,0.855,0.248,0.536,0.512,0.877,0.838,-0.499,0.769,0.917,0.799,-0.393,-0.82,0.921,0.682,0.815,-0.39,0.666,0.943,0.874,0.287,0.657,-0.749,0.895,0.943,-0.707,0.39,0.93,0.636,0.865,0.896,0.884,0.363,-0.176,0.862,0.202
APVO,-0.634,0.827,0.725,0.699,0.564,-0.396,0.668,0.783,0.76,-0.104,0.745,0.793,0.013,0.755,0.0,-0.449,0.494,0.728,0.318,0.836,-0.471,0.431,0.256,-0.104,0.179,0.202,0.732,0.538,0.528,0.587,-0.41,-0.055,0.76,0.622,0.099,0.383,0.573,0.728,0.752,0.803,-0.709,0.728,0.794,0.328,0.373,0.834,0.869,0.423,0.716,0.554,0.799,0.509,0.075,0.698,0.339,0.835,-0.315,0.587,0.271,0.726,0.588,-0.577,-0.751,0.659,0.733,0.841,0.205,-0.501,-0.771,0.478,-0.546,0.772,0.757,0.884,0.627,0.849,0.681,0.712,0.831,0.618,0.377,0.728,0.8,0.558,0.302,0.815,0.683,0.708,-0.258,-0.416,-0.342,-0.247,0.482,0.654,0.596,0.828,-0.194,-0.02,0.15,0.748,0.68,0.788,0.369,-0.338,0.832,0.727,0.817,0.809,0.608,0.295,0.839,-0.392,-0.396,0.786,0.62,0.794,0.682,0.876,0.827,0.597,0.606,0.122,0.804,0.805,0.513,0.693,-0.109,0.394,-0.066,0.721,0.221,0.71,0.777,0.775,0.437,0.583,0.535,0.741,-0.012,0.7,-0.053,0.586,0.174,0.635,0.4,0.845,0.505,-0.311,0.661,-0.239,-0.652,0.846,0.623,0.643,0.775,0.553,0.749,0.74,0.458,0.723,0.778,0.828,0.798,0.646,0.589,0.673,0.258,0.776,0.559,0.804,0.571,-0.752,0.756,0.886,0.768,-0.611,-0.863,0.779,0.665,0.649,-0.08,0.674,0.757,0.825,0.421,0.368,-0.795,0.633,0.785,-0.38,0.188,0.745,0.507,0.777,0.755,0.692,0.605,0.161,0.776,0.319
ARGX,0.468,-0.328,-0.258,-0.347,-0.256,0.572,-0.282,-0.458,-0.486,-0.002,-0.583,-0.446,-0.242,-0.391,-0.449,0.0,-0.222,-0.444,-0.069,-0.465,0.025,-0.271,-0.135,0.063,0.219,-0.448,-0.371,-0.182,-0.383,-0.192,0.046,-0.371,-0.404,-0.465,-0.106,-0.077,-0.264,-0.391,-0.518,-0.368,0.375,-0.321,-0.276,-0.289,-0.176,-0.471,-0.521,-0.253,-0.365,-0.447,-0.513,-0.131,0.141,-0.362,-0.377,-0.365,0.281,0.134,-0.028,-0.471,-0.255,0.469,0.592,-0.18,-0.466,-0.394,0.049,0.19,0.507,-0.171,0.368,-0.497,-0.496,-0.509,-0.378,-0.524,-0.241,-0.437,-0.424,-0.356,-0.262,-0.323,-0.539,-0.456,-0.344,-0.408,-0.059,-0.437,-0.04,0.492,-0.2,0.311,-0.01,-0.209,-0.01,-0.54,0.218,-0.236,-0.223,-0.305,-0.406,-0.402,-0.493,0.166,-0.327,-0.437,-0.331,-0.261,-0.309,0.181,-0.482,0.161,0.25,-0.522,-0.494,-0.228,-0.357,-0.396,-0.487,-0.291,-0.134,0.285,-0.367,-0.305,-0.676,-0.4,0.092,-0.442,-0.018,-0.279,-0.393,-0.392,-0.427,-0.437,0.108,-0.386,-0.29,-0.4,-0.19,-0.332,0.008,-0.207,-0.12,-0.369,-0.145,-0.445,-0.637,0.166,-0.324,0.166,0.322,-0.466,-0.206,-0.34,-0.309,-0.171,-0.336,-0.428,-0.293,-0.296,-0.387,-0.363,-0.526,-0.38,-0.367,-0.327,-0.346,-0.622,-0.001,-0.313,-0.454,0.223,-0.434,-0.419,-0.444,0.287,0.533,-0.392,-0.082,-0.328,0.232,-0.623,-0.367,-0.348,-0.385,-0.223,0.365,-0.437,-0.325,-0.111,-0.091,-0.475,-0.324,-0.489,-0.363,-0.287,-0.259,-0.147,-0.439,-0.174
ARLP,-0.789,0.531,0.526,0.532,0.269,-0.281,0.537,0.544,0.52,-0.461,0.365,0.549,-0.125,0.671,0.494,-0.222,0.0,0.512,0.205,0.707,-0.303,-0.066,0.499,0.194,-0.066,0.385,0.524,0.557,0.396,0.8,-0.396,-0.27,0.555,0.716,0.067,0.051,0.264,0.514,0.742,0.728,-0.659,0.586,0.646,0.664,0.284,0.6,0.523,0.057,0.587,0.614,0.593,0.381,0.038,0.847,0.185,0.623,-0.223,0.192,-0.044,0.459,-0.025,-0.622,-0.597,0.795,0.51,0.768,0.245,-0.447,-0.524,0.65,-0.624,0.665,0.511,0.647,0.537,0.582,0.671,0.6,0.643,0.251,0.64,0.629,0.521,0.242,0.437,0.474,0.412,0.573,0.015,-0.133,-0.416,-0.101,0.579,0.719,0.441,0.716,-0.091,-0.51,0.118,0.623,0.545,0.729,0.453,-0.699,0.675,0.691,0.714,0.697,0.529,0.265,0.489,-0.62,-0.186,0.446,0.656,0.749,0.522,0.61,0.443,0.516,0.516,0.226,0.587,0.698,0.358,0.569,-0.517,0.252,0.129,0.588,0.53,0.581,0.729,0.578,0.476,0.189,0.877,0.582,0.113,0.488,0.057,0.53,-0.353,0.418,0.21,0.662,0.446,-0.37,0.637,-0.312,-0.505,0.639,0.563,0.5,0.617,0.268,0.664,0.613,0.305,0.666,0.57,0.665,0.701,0.519,0.465,0.442,-0.047,0.298,0.466,0.728,0.455,-0.358,0.416,0.644,0.345,-0.541,-0.697,0.597,0.809,0.439,-0.023,0.338,0.653,0.772,0.444,0.449,-0.442,0.786,0.639,-0.516,-0.168,0.565,0.08,0.486,0.673,0.617,0.585,-0.023,0.595,-0.199
ATEX,-0.609,0.87,0.825,0.541,0.851,-0.122,0.882,0.937,0.933,0.262,0.812,0.888,-0.129,0.851,0.728,-0.444,0.512,0.0,-0.004,0.869,-0.246,0.217,0.069,0.331,0.21,0.08,0.952,0.822,0.848,0.51,-0.073,0.176,0.819,0.481,0.445,0.667,0.843,0.944,0.695,0.873,-0.55,0.923,0.85,0.263,0.715,0.945,0.875,0.654,0.937,0.468,0.871,0.531,0.509,0.667,0.716,0.842,-0.594,0.383,0.591,0.905,0.62,-0.642,-0.893,0.638,0.932,0.685,0.083,-0.736,-0.554,0.42,-0.396,0.921,0.895,0.852,0.934,0.872,0.491,0.908,0.909,0.434,0.517,0.875,0.909,0.883,0.549,0.883,0.353,0.913,-0.501,-0.328,0.03,-0.382,0.227,0.847,0.771,0.815,-0.108,0.085,0.567,0.921,0.923,0.904,0.458,-0.256,0.851,0.879,0.896,0.814,0.856,0.41,0.92,-0.131,-0.627,0.916,0.81,0.723,0.933,0.885,0.877,0.913,0.426,-0.273,0.943,0.885,0.462,0.887,0.101,0.676,0.361,0.865,0.128,0.943,0.921,0.951,0.711,0.716,0.748,0.945,-0.236,0.694,-0.269,0.692,0.309,0.917,0.773,0.922,0.675,-0.28,0.734,-0.468,-0.461,0.699,0.575,0.9,0.911,0.833,0.899,0.939,0.81,0.9,0.956,0.765,0.887,0.812,0.895,0.877,0.588,0.586,0.534,0.883,0.904,-0.408,0.717,0.883,0.893,-0.215,-0.746,0.953,0.568,0.92,-0.293,0.798,0.898,0.782,0.291,0.659,-0.731,0.853,0.917,-0.498,0.484,0.928,0.695,0.919,0.876,0.923,0.279,0.092,0.951,0.427
ATRA,-0.035,0.053,0.265,0.702,-0.095,-0.233,-0.171,0.067,-0.152,-0.379,0.099,-0.025,-0.1,-0.089,0.318,-0.069,0.205,-0.004,0.0,0.199,-0.243,0.535,0.509,-0.754,0.306,0.496,-0.14,-0.257,-0.381,0.537,-0.096,0.032,0.175,0.317,-0.015,-0.496,-0.387,-0.15,0.514,0.226,-0.224,-0.129,0.006,0.553,-0.237,0.034,0.11,0.228,-0.139,0.466,0.044,0.504,-0.622,0.468,-0.448,0.22,0.653,0.229,-0.276,-0.063,-0.126,0.15,-0.045,0.505,0.019,0.432,0.84,0.352,-0.309,0.631,-0.394,0.095,-0.045,0.238,-0.109,0.271,0.638,-0.137,0.189,0.745,0.274,-0.174,0.1,-0.212,0.2,-0.022,0.52,-0.09,0.461,0.053,-0.625,0.713,0.448,-0.107,-0.233,0.244,0.012,-0.039,-0.573,-0.049,-0.113,0.086,0.247,-0.3,0.167,0.009,0.149,0.289,-0.192,-0.028,-0.013,-0.282,0.582,-0.117,0.053,0.346,-0.074,0.154,0.052,-0.203,0.687,0.733,0.085,0.143,0.227,-0.222,-0.478,-0.118,-0.175,-0.018,0.496,-0.004,0.135,0.049,-0.066,0.199,0.084,-0.05,0.579,0.171,0.641,0.02,-0.059,-0.219,-0.251,0.073,-0.035,0.477,0.329,0.692,0.015,0.427,0.615,-0.127,-0.019,-0.286,0.001,-0.094,-0.384,0.184,0.073,0.38,0.163,-0.259,-0.302,-0.033,-0.082,0.206,0.585,0.13,-0.273,-0.418,0.106,0.182,0.06,-0.341,-0.19,-0.007,0.37,-0.118,0.645,0.16,-0.1,0.164,0.706,-0.177,-0.092,0.028,0.02,0.394,-0.43,-0.137,-0.221,-0.017,0.125,-0.061,0.627,0.742,0.113,-0.127
AUTL,-0.815,0.878,0.772,0.615,0.715,-0.37,0.832,0.888,0.869,-0.068,0.828,0.879,0.043,0.916,0.836,-0.465,0.707,0.869,0.199,0.0,-0.305,0.215,0.256,0.185,0.143,0.286,0.869,0.768,0.698,0.702,-0.288,-0.025,0.901,0.705,0.352,0.494,0.679,0.85,0.862,0.934,-0.767,0.889,0.865,0.521,0.477,0.944,0.939,0.517,0.893,0.715,0.926,0.614,0.225,0.858,0.556,0.946,-0.48,0.388,0.313,0.879,0.511,-0.702,-0.901,0.772,0.878,0.895,0.156,-0.649,-0.654,0.579,-0.592,0.939,0.887,0.955,0.839,0.906,0.656,0.897,0.95,0.555,0.624,0.864,0.887,0.719,0.562,0.863,0.492,0.903,-0.287,-0.442,-0.276,-0.314,0.493,0.82,0.698,0.863,-0.283,-0.103,0.396,0.881,0.852,0.933,0.572,-0.509,0.929,0.888,0.924,0.886,0.835,0.473,0.909,-0.365,-0.504,0.875,0.858,0.873,0.815,0.945,0.873,0.824,0.502,-0.027,0.91,0.934,0.58,0.87,-0.131,0.602,0.211,0.88,0.363,0.891,0.928,0.914,0.568,0.655,0.798,0.892,0.01,0.81,-0.091,0.651,0.112,0.793,0.56,0.956,0.735,-0.393,0.836,-0.428,-0.697,0.894,0.663,0.851,0.89,0.664,0.903,0.913,0.635,0.882,0.901,0.899,0.944,0.819,0.787,0.872,0.311,0.667,0.674,0.886,0.785,-0.572,0.809,0.951,0.852,-0.475,-0.873,0.913,0.78,0.779,-0.214,0.777,0.912,0.896,0.481,0.623,-0.758,0.889,0.929,-0.502,0.274,0.898,0.558,0.879,0.93,0.857,0.522,0.066,0.906,0.177
AVDL,0.314,-0.52,-0.321,-0.359,-0.068,0.191,-0.401,-0.362,-0.354,0.412,0.034,-0.349,0.479,-0.356,-0.471,0.025,-0.303,-0.246,-0.243,-0.305,0.0,-0.022,-0.273,0.309,0.096,0.122,-0.258,-0.036,0.003,-0.452,0.687,0.517,-0.139,-0.1,0.443,-0.142,-0.174,-0.246,-0.231,-0.413,0.621,-0.297,-0.56,-0.048,-0.165,-0.358,-0.379,0.039,-0.246,-0.176,-0.206,-0.2,-0.016,-0.321,0.244,-0.474,0.098,-0.565,-0.057,-0.214,-0.116,0.274,0.233,-0.43,-0.221,-0.482,-0.137,0.413,0.712,-0.248,0.513,-0.293,-0.157,-0.429,-0.051,-0.38,-0.614,-0.167,-0.369,-0.328,0.116,-0.392,-0.292,0.01,0.325,-0.465,-0.732,-0.275,0.307,0.303,0.618,0.024,-0.399,-0.357,-0.307,-0.436,0.176,0.333,0.396,-0.288,-0.135,-0.327,0.207,0.052,-0.527,-0.128,-0.354,-0.436,-0.087,-0.093,-0.35,0.644,0.259,-0.251,0.048,-0.58,-0.153,-0.439,-0.423,-0.083,-0.545,-0.381,-0.407,-0.424,-0.129,-0.268,0.267,0.224,0.426,-0.254,0.12,-0.137,-0.352,-0.258,-0.16,0.055,-0.248,-0.16,0.356,-0.311,0.268,-0.424,0.043,-0.192,0.033,-0.407,-0.045,0.419,-0.322,0.069,0.398,-0.33,-0.395,-0.083,-0.401,-0.238,-0.373,-0.226,-0.037,-0.292,-0.261,-0.549,-0.255,-0.147,-0.079,-0.094,0.379,0.041,-0.279,-0.441,-0.047,0.721,-0.43,-0.496,-0.255,0.531,0.53,-0.308,-0.408,-0.136,-0.208,0.017,-0.288,-0.545,-0.073,0.153,0.53,-0.175,-0.394,0.49,-0.006,-0.186,-0.046,-0.288,-0.242,-0.334,-0.624,-0.057,-0.195,-0.224
BCRX,0.011,0.187,0.29,0.598,0.251,-0.241,-0.053,0.216,0.097,0.156,0.386,0.19,0.015,-0.03,0.431,-0.271,-0.066,0.217,0.535,0.215,-0.022,0.0,0.104,-0.512,0.523,0.174,0.114,-0.017,-0.002,0.15,0.008,0.233,0.24,0.231,0.032,-0.051,-0.005,0.081,0.331,0.165,-0.109,0.03,0.1,0.242,-0.089,0.183,0.275,0.431,0.049,0.181,0.259,0.242,-0.277,0.228,-0.026,0.176,0.26,0.412,0.09,0.172,0.305,-0.02,-0.174,0.139,0.246,0.257,0.445,0.172,-0.233,0.274,-0.182,0.142,0.278,0.296,0.102,0.326,0.248,0.075,0.229,0.613,-0.028,-0.036,0.331,0.162,0.183,0.218,0.341,0.035,0.091,-0.141,-0.094,0.253,-0.02,-0.044,0.002,0.247,-0.014,0.459,-0.151,0.144,0.135,0.137,0.316,0.053,0.152,0.139,0.225,0.213,-0.019,-0.079,0.212,0.033,0.144,0.189,0.113,0.135,0.164,0.232,0.288,-0.007,0.457,0.186,0.181,0.154,0.218,-0.032,0.176,0.076,-0.16,0.04,0.125,0.144,0.196,0.237,-0.011,0.434,-0.093,0.163,0.35,0.133,0.324,0.045,0.541,0.048,0.108,0.171,0.067,0.322,0.204,0.389,-0.082,0.367,0.367,0.06,0.095,0.071,0.026,0.085,-0.056,0.111,0.223,0.334,0.215,-0.011,-0.036,0.146,0.395,0.487,0.257,0.179,0.003,-0.338,0.219,0.217,0.341,-0.19,-0.243,0.137,0.164,0.114,0.188,0.445,0.086,0.158,0.3,-0.111,-0.291,0.026,0.091,0.406,-0.074,0.109,0.049,0.253,0.157,0.07,0.336,0.529,0.27,0.288
BHAT,-0.307,0.102,0.135,0.474,-0.117,-0.294,0.051,0.124,0.014,-0.495,0.081,0.078,-0.06,0.154,0.256,-0.135,0.499,0.069,0.509,0.256,-0.273,0.104,0.0,-0.293,-0.082,0.602,0.029,0.009,-0.178,0.581,-0.284,-0.076,0.139,0.457,-0.106,-0.357,-0.222,0.011,0.466,0.284,-0.403,0.07,0.18,0.407,-0.122,0.124,0.145,-0.041,0.047,0.39,0.206,0.228,-0.332,0.525,-0.239,0.239,0.249,0.077,-0.322,0.051,-0.217,-0.167,-0.229,0.514,0.093,0.534,0.387,0.049,-0.384,0.511,-0.468,0.217,0.06,0.261,0.059,0.26,0.544,0.089,0.229,0.337,0.329,0.078,0.136,-0.105,0.189,0.117,0.337,0.095,0.297,-0.128,-0.519,0.284,0.436,0.087,-0.086,0.309,-0.052,-0.387,-0.36,0.111,0.076,0.257,0.194,-0.503,0.231,0.136,0.237,0.301,0.025,-0.079,0.083,-0.486,0.281,-0.007,0.274,0.402,-0.0,0.207,0.063,-0.008,0.482,0.525,0.165,0.225,0.32,0.021,-0.556,-0.02,-0.231,0.096,0.603,0.119,0.25,0.127,0.019,-0.022,0.348,0.106,0.363,0.184,0.271,0.167,-0.321,-0.066,-0.206,0.202,0.012,0.067,0.342,0.201,-0.179,0.383,0.435,0.001,0.136,-0.204,0.174,0.085,-0.171,0.214,0.134,0.367,0.229,-0.009,-0.077,-0.005,-0.209,0.151,0.364,0.282,-0.07,-0.332,0.123,0.242,0.031,-0.437,-0.339,0.12,0.452,-0.051,0.32,0.096,0.108,0.317,0.448,0.174,-0.048,0.28,0.147,0.008,-0.423,0.051,-0.161,0.019,0.261,0.085,0.558,0.241,0.156,-0.303
BLBD,-0.215,0.227,0.133,-0.433,0.372,0.246,0.419,0.204,0.386,0.397,0.224,0.327,0.11,0.432,-0.104,0.063,0.194,0.331,-0.754,0.185,0.309,-0.512,-0.293,0.0,-0.149,-0.236,0.468,0.631,0.647,-0.149,0.253,0.12,0.2,0.014,0.452,0.561,0.602,0.483,-0.066,0.21,0.053,0.478,0.237,-0.156,0.472,0.295,0.134,0.072,0.5,-0.029,0.291,-0.049,0.734,0.021,0.698,0.105,-0.687,-0.213,0.398,0.355,0.154,-0.223,-0.245,-0.028,0.355,-0.087,-0.544,-0.546,0.267,-0.213,0.243,0.304,0.352,0.077,0.514,0.071,-0.344,0.501,0.182,-0.528,0.266,0.476,0.212,0.44,0.297,0.222,-0.379,0.412,-0.459,0.009,0.528,-0.609,-0.123,0.476,0.525,0.067,0.126,-0.078,0.793,0.414,0.477,0.333,0.071,-0.029,0.156,0.413,0.273,0.113,0.559,0.378,0.279,0.295,-0.583,0.366,0.368,0.03,0.461,0.18,0.171,0.599,-0.399,-0.646,0.272,0.239,-0.057,0.546,0.313,0.441,0.574,0.444,-0.185,0.434,0.284,0.321,0.437,0.165,0.363,0.444,-0.457,0.12,-0.464,0.14,-0.099,0.529,0.536,0.261,0.265,-0.312,0.094,-0.716,-0.09,-0.066,-0.262,0.537,0.347,0.51,0.391,0.463,0.69,0.258,0.309,-0.05,0.238,0.568,0.637,0.427,0.29,-0.007,-0.167,0.235,0.578,0.375,0.067,0.139,0.183,0.311,-0.004,0.375,-0.001,0.479,-0.679,0.132,0.452,0.127,-0.327,0.591,-0.043,0.441,0.353,-0.554,0.455,0.474,0.444,0.295,0.322,0.411,-0.507,-0.642,0.313,0.045
BMRN,0.133,0.195,0.293,0.36,0.386,0.126,0.067,0.224,0.077,0.36,0.28,0.173,-0.06,-0.001,0.179,0.219,-0.066,0.21,0.306,0.143,0.096,0.523,-0.082,-0.149,0.0,0.016,0.18,0.116,0.118,0.0,0.283,0.174,0.276,0.19,0.427,0.16,0.124,0.165,0.182,0.176,0.07,0.154,0.103,0.202,0.105,0.162,0.19,0.575,0.148,0.067,0.178,0.314,0.092,0.178,0.13,0.182,0.157,0.365,0.299,0.249,0.164,0.143,-0.027,0.179,0.209,0.063,0.398,0.112,0.071,0.251,0.105,0.168,0.253,0.191,0.238,0.184,0.109,0.144,0.239,0.502,0.116,-0.002,0.243,0.277,0.353,0.123,0.131,0.112,-0.021,0.145,-0.03,0.374,-0.088,0.065,0.122,0.05,0.085,0.446,0.076,0.256,0.219,0.138,0.171,-0.024,0.172,0.119,0.224,0.183,0.179,0.193,0.144,0.294,0.048,0.16,0.151,0.1,0.255,0.2,0.224,0.184,0.248,0.097,0.194,0.22,-0.016,0.044,0.289,0.106,0.206,0.145,-0.009,0.226,0.166,0.271,0.258,0.512,0.033,0.225,0.213,0.281,0.354,0.048,0.493,0.191,0.447,0.148,0.088,0.391,0.218,0.233,0.043,0.271,0.161,0.218,0.142,0.265,0.065,0.16,0.144,0.215,0.264,0.192,0.213,0.114,0.116,0.283,0.485,0.139,0.347,0.122,0.108,0.018,0.182,0.144,0.342,0.245,0.036,0.186,0.188,0.278,0.04,0.372,0.142,0.082,0.227,0.091,-0.102,0.083,0.14,0.233,0.264,0.15,0.102,0.243,0.245,0.226,0.004,0.383,0.283,0.296
BNGO,-0.396,0.007,0.059,0.443,-0.028,-0.504,-0.038,0.115,0.005,-0.309,0.324,0.079,0.238,0.113,0.202,-0.448,0.385,0.08,0.496,0.286,0.122,0.174,0.602,-0.236,0.016,0.0,0.038,-0.001,-0.042,0.371,-0.014,0.306,0.26,0.636,0.196,-0.401,-0.239,0.025,0.572,0.224,-0.309,0.061,-0.01,0.596,-0.234,0.143,0.206,0.053,0.065,0.557,0.267,0.186,-0.5,0.528,0.003,0.213,0.18,-0.143,-0.395,0.177,-0.287,-0.235,-0.333,0.456,0.086,0.403,0.274,0.228,-0.272,0.557,-0.451,0.27,0.218,0.302,0.173,0.265,0.338,0.188,0.256,0.391,0.461,-0.039,0.223,0.08,0.494,-0.02,-0.03,0.085,0.634,-0.166,-0.243,0.252,0.167,-0.016,-0.256,0.253,-0.269,0.049,-0.134,0.1,0.136,0.232,0.517,-0.659,0.153,0.2,0.166,0.138,0.144,-0.234,0.069,-0.256,0.283,0.093,0.476,0.188,0.026,0.181,0.075,0.051,0.215,0.276,0.064,0.151,0.675,0.033,-0.416,0.162,-0.006,0.088,0.919,0.2,0.22,0.205,-0.175,0.191,0.335,0.177,0.719,0.32,0.537,-0.092,-0.193,-0.048,-0.12,0.178,0.337,0.19,0.25,0.145,-0.2,0.482,0.26,0.104,0.038,-0.25,0.078,0.152,-0.139,0.235,0.17,0.223,0.332,0.096,-0.01,0.063,0.092,0.369,0.243,0.096,0.043,-0.052,0.099,0.174,0.122,-0.331,-0.287,0.125,0.38,-0.008,0.066,0.408,0.128,0.251,0.636,0.274,0.109,0.325,0.069,0.346,-0.285,0.139,-0.191,0.099,0.318,0.034,0.306,0.308,0.218,-0.395
BUSE,-0.648,0.916,0.797,0.418,0.865,-0.115,0.922,0.913,0.96,0.268,0.808,0.929,-0.079,0.911,0.732,-0.371,0.524,0.952,-0.14,0.869,-0.258,0.114,0.029,0.468,0.18,0.038,0.0,0.895,0.905,0.453,-0.125,0.097,0.809,0.493,0.448,0.769,0.917,0.981,0.638,0.878,-0.587,0.986,0.893,0.203,0.694,0.965,0.895,0.586,0.986,0.447,0.901,0.484,0.595,0.642,0.77,0.86,-0.717,0.424,0.603,0.939,0.638,-0.651,-0.873,0.615,0.928,0.669,-0.087,-0.814,-0.529,0.346,-0.384,0.923,0.933,0.858,0.956,0.845,0.417,0.966,0.919,0.328,0.497,0.94,0.904,0.884,0.507,0.903,0.347,0.94,-0.559,-0.408,0.026,-0.506,0.232,0.899,0.868,0.784,-0.141,0.06,0.641,0.955,0.955,0.929,0.386,-0.268,0.882,0.9,0.916,0.813,0.924,0.481,0.948,-0.122,-0.756,0.956,0.81,0.731,0.943,0.921,0.899,0.963,0.338,-0.31,0.95,0.912,0.469,0.963,0.175,0.658,0.348,0.925,0.087,0.962,0.916,0.962,0.722,0.689,0.737,0.977,-0.318,0.744,-0.359,0.663,0.276,0.961,0.802,0.947,0.681,-0.406,0.708,-0.62,-0.574,0.702,0.46,0.955,0.954,0.897,0.929,0.98,0.873,0.877,0.965,0.746,0.884,0.915,0.949,0.915,0.525,0.573,0.481,0.886,0.928,-0.414,0.757,0.9,0.895,-0.224,-0.745,0.984,0.597,0.943,-0.436,0.764,0.966,0.825,0.191,0.697,-0.753,0.865,0.958,-0.63,0.562,0.976,0.728,0.939,0.913,0.948,0.226,-0.102,0.945,0.406
CAKE,-0.619,0.725,0.703,0.269,0.769,0.026,0.824,0.754,0.809,0.263,0.714,0.769,-0.016,0.822,0.538,-0.182,0.557,0.822,-0.257,0.768,-0.036,-0.017,0.009,0.631,0.116,-0.001,0.895,0.0,0.871,0.424,-0.054,0.055,0.734,0.455,0.457,0.696,0.829,0.866,0.549,0.762,-0.453,0.895,0.757,0.186,0.622,0.818,0.712,0.432,0.907,0.342,0.824,0.378,0.636,0.563,0.752,0.692,-0.697,0.267,0.551,0.796,0.543,-0.627,-0.767,0.527,0.799,0.569,-0.12,-0.735,-0.304,0.287,-0.236,0.801,0.818,0.686,0.904,0.683,0.269,0.891,0.758,0.1,0.571,0.848,0.734,0.769,0.533,0.748,0.158,0.848,-0.497,-0.246,0.095,-0.507,0.249,0.872,0.843,0.643,-0.025,-0.075,0.741,0.868,0.9,0.847,0.374,-0.279,0.719,0.856,0.824,0.735,0.858,0.549,0.804,-0.076,-0.651,0.805,0.789,0.613,0.871,0.761,0.683,0.927,0.192,-0.308,0.801,0.811,0.318,0.878,0.159,0.671,0.424,0.864,0.111,0.888,0.805,0.824,0.76,0.525,0.726,0.894,-0.285,0.582,-0.347,0.592,0.113,0.855,0.754,0.809,0.556,-0.389,0.622,-0.677,-0.49,0.549,0.378,0.886,0.852,0.797,0.847,0.886,0.8,0.772,0.845,0.574,0.765,0.85,0.9,0.859,0.484,0.468,0.409,0.806,0.883,-0.224,0.595,0.732,0.719,-0.164,-0.588,0.867,0.575,0.846,-0.465,0.604,0.881,0.686,0.078,0.732,-0.607,0.824,0.851,-0.645,0.445,0.882,0.62,0.769,0.837,0.852,0.09,-0.248,0.841,0.227
CASY,-0.53,0.732,0.67,0.205,0.81,-0.019,0.8,0.78,0.86,0.456,0.754,0.795,0.015,0.788,0.528,-0.383,0.396,0.848,-0.381,0.698,0.003,-0.002,-0.178,0.647,0.118,-0.042,0.905,0.871,0.0,0.191,0.079,0.234,0.709,0.363,0.496,0.776,0.909,0.913,0.445,0.678,-0.345,0.87,0.703,0.098,0.707,0.827,0.73,0.483,0.9,0.291,0.79,0.25,0.67,0.417,0.85,0.653,-0.799,0.228,0.632,0.845,0.582,-0.616,-0.767,0.376,0.806,0.42,-0.247,-0.739,-0.287,0.123,-0.116,0.781,0.847,0.67,0.897,0.663,0.154,0.894,0.737,0.098,0.417,0.829,0.79,0.867,0.492,0.728,0.056,0.828,-0.562,-0.301,0.337,-0.589,0.024,0.808,0.79,0.623,-0.007,0.187,0.818,0.833,0.886,0.778,0.385,-0.142,0.683,0.836,0.74,0.598,0.871,0.401,0.806,0.078,-0.773,0.89,0.753,0.48,0.909,0.729,0.752,0.914,0.057,-0.538,0.777,0.723,0.358,0.886,0.334,0.671,0.474,0.797,-0.007,0.863,0.767,0.841,0.666,0.613,0.616,0.882,-0.366,0.583,-0.407,0.53,0.28,0.91,0.842,0.785,0.651,-0.352,0.536,-0.714,-0.434,0.504,0.237,0.893,0.815,0.856,0.777,0.896,0.886,0.732,0.829,0.47,0.757,0.883,0.955,0.815,0.638,0.533,0.202,0.712,0.924,-0.134,0.594,0.692,0.76,-0.032,-0.547,0.858,0.364,0.91,-0.606,0.7,0.859,0.618,0.024,0.707,-0.61,0.762,0.792,-0.536,0.635,0.911,0.7,0.838,0.754,0.849,-0.061,-0.244,0.822,0.416
CCOI,-0.618,0.546,0.64,0.714,0.294,-0.267,0.514,0.552,0.449,-0.475,0.382,0.496,-0.225,0.569,0.587,-0.192,0.8,0.51,0.537,0.702,-0.452,0.15,0.581,-0.149,0.0,0.371,0.453,0.424,0.191,0.0,-0.401,-0.2,0.563,0.594,0.011,-0.004,0.185,0.424,0.793,0.735,-0.685,0.501,0.628,0.63,0.206,0.571,0.542,0.225,0.5,0.662,0.541,0.63,-0.115,0.832,-0.004,0.675,-0.0,0.299,-0.02,0.405,0.079,-0.461,-0.573,0.864,0.51,0.862,0.514,-0.318,-0.629,0.712,-0.722,0.633,0.434,0.664,0.451,0.649,0.844,0.459,0.651,0.554,0.575,0.526,0.5,0.191,0.359,0.508,0.646,0.525,0.01,-0.176,-0.611,0.131,0.744,0.58,0.39,0.709,-0.113,-0.426,-0.088,0.529,0.456,0.676,0.389,-0.558,0.676,0.584,0.683,0.772,0.395,0.307,0.516,-0.636,-0.002,0.382,0.509,0.826,0.43,0.641,0.465,0.399,0.717,0.471,0.613,0.695,0.363,0.444,-0.548,0.276,-0.023,0.539,0.491,0.522,0.667,0.537,0.439,0.242,0.728,0.5,0.176,0.503,0.139,0.593,-0.217,0.334,0.115,0.631,0.372,-0.178,0.667,-0.022,-0.414,0.694,0.857,0.4,0.602,0.243,0.645,0.504,0.171,0.659,0.584,0.749,0.641,0.332,0.317,0.435,-0.091,0.328,0.751,0.704,0.331,-0.581,0.496,0.686,0.423,-0.573,-0.676,0.556,0.788,0.373,0.359,0.341,0.546,0.724,0.582,0.306,-0.469,0.628,0.625,-0.339,-0.187,0.443,0.127,0.454,0.637,0.523,0.741,0.317,0.575,-0.113
CEVA,0.489,-0.325,-0.039,-0.202,0.087,0.422,-0.269,-0.226,-0.23,0.643,0.058,-0.206,0.171,-0.298,-0.41,0.046,-0.396,-0.073,-0.096,-0.288,0.687,0.008,-0.284,0.253,0.283,-0.014,-0.125,-0.054,0.079,-0.401,0.0,0.677,-0.084,-0.266,0.64,-0.029,-0.006,-0.084,-0.185,-0.262,0.665,-0.191,-0.44,-0.073,0.093,-0.232,-0.301,0.349,-0.134,-0.086,-0.216,0.036,0.177,-0.298,0.244,-0.336,0.162,-0.39,0.254,-0.115,-0.043,0.512,0.218,-0.271,-0.061,-0.49,0.1,0.33,0.626,-0.141,0.534,-0.156,-0.117,-0.345,0.049,-0.239,-0.408,-0.13,-0.223,-0.064,0.195,-0.311,-0.151,0.121,0.383,-0.357,-0.508,-0.153,0.097,0.374,0.6,0.178,-0.323,-0.253,-0.184,-0.308,0.447,0.502,0.398,-0.2,-0.048,-0.223,0.131,0.287,-0.38,-0.107,-0.246,-0.309,-0.055,0.07,-0.234,0.821,0.242,-0.146,0.003,-0.439,0.049,-0.313,-0.246,0.035,-0.302,-0.34,-0.208,-0.307,-0.15,-0.186,0.337,0.243,0.585,-0.118,-0.037,-0.005,-0.233,-0.115,0.047,0.306,-0.198,-0.061,0.139,-0.189,0.3,-0.267,0.159,0.002,0.262,-0.3,0.062,0.683,-0.168,0.254,0.575,-0.278,-0.213,0.063,-0.241,-0.028,-0.239,-0.127,0.162,-0.118,-0.1,-0.444,-0.155,-0.128,0.044,0.043,0.553,-0.037,-0.115,-0.308,0.053,0.646,-0.347,-0.362,-0.126,0.784,0.593,-0.154,-0.472,0.125,-0.107,0.083,-0.243,-0.504,0.058,0.17,0.366,-0.129,-0.257,0.456,0.24,-0.112,0.162,-0.103,-0.169,-0.144,-0.571,0.229,-0.038,0.163
