,AAPL,ACRS,ADP,AFYA,AGNC,AGYS,ALT,AMGN,AMPH,AMZN,ANIP,AOSL,APDN,APLT,APVO,ARGX,ARLP,ATEX,ATRA,AUTL,AVDL,BCRX,BHAT,BLBD,BMRN,BNGO,BUSE,CAKE,CASY,CCOI,CEVA,CHY,CLDX,CLMT,COHU,COLM,COST,CPRT,CSWC,CSX,DBX,DCOM,DKNG,DMLP,DOX,EA,EDIT,ENPH,ENSG,ERNA,ESGR,ETNB,EXTR,FANG,FARO,FATE,FGEN,FIVE,FIVN,FLGT,FOLD,FORM,FOXA,FRPT,FSLR,FTAI,GBDC,GDYN,GGAL,GNLN,GRFS,GT,HCAT,HCM,HFWA,HOLX,HQY,HUBG,IAC,ICLR,IDCC,IEP,IHRT,ILMN,ILPT,IMAB,IMOS,INMD,INTZ,JAZZ,JKHY,JRVR,KIDS,LBRDK,LGND,LMAT,LPLA,LULU,MASI,MAT,MATW,MBIN,MBIO,MCRB,MDB,MDLZ,MELI,MIRM,MLKN,MNMD,MNRO,MPWR,MRCY,MRSN,MTVA,NAAS,NDAQ,NDSN,NEGG,NOVT,NVDA,NWE,NWSA,NXST,OCX,ODFL,OMAB,OPCH,OPRA,ORGO,OTRK,OZK,PAGP,PCH,PEGA,PENG,PENN,PFBC,PGNY,PHAT,PHUN,PINC,PLUG,PLXS,PYPL,QLYS,QNCX,QQQX,QVCGA,RAPT,RBBN,RCKT,REPL,RMBS,ROAD,ROKU,ROP,RUSHA,SANM,SATS,SBCF,SBLK,SBUX,SCHL,SCSC,SDGR,SEIC,SFIX,SGRY,SKYW,SLP,SNES,STAA,STLD,STOK,SWKS,TER,TFIN,TIGO,TILE,TPIC,TTEC,TTEK,TTGT,UXIN,VERU,VLYPP,VNOM,VRNS,VRSN,WDAY,WERN,WINA,WKHS,WRLD,XP,XTKG,YY,ZION,ZM
AAPL,0.0,0.689,0.676,0.473,0.232,0.749,0.657,-0.277,0.436,0.591,-0.018,0.544,-0.271,0.553,-0.074,-0.77,-0.92,0.767,-0.535,-0.217,0.655,-0.221,0.68,-0.239,-0.023,-0.124,0.689,-0.316,0.559,0.723,-0.04,0.867,0.172,-0.218,0.604,0.662,0.497,0.723,-0.603,0.317,0.684,0.346,-0.171,-0.679,0.852,0.662,0.104,0.597,0.402,-0.7,-0.846,0.787,0.454,-0.901,-0.152,0.499,-0.451,0.792,0.89,0.482,0.821,0.5,0.365,-0.357,-0.285,-0.727,0.156,0.081,-0.7,-0.005,0.58,-0.012,0.393,-0.37,0.421,0.389,-0.729,0.128,0.463,-0.14,0.507,0.18,0.007,-0.278,-0.152,-0.706,0.817,0.629,-0.389,0.54,0.735,0.208,-0.745,0.402,0.545,-0.501,-0.158,-0.397,0.341,-0.343,-0.536,0.441,-0.264,0.727,0.024,0.714,-0.283,-0.486,0.362,0.277,0.852,0.305,-0.488,0.745,-0.472,0.547,0.654,0.495,0.151,0.57,0.035,0.354,0.609,0.575,-0.001,0.158,-0.33,-0.77,0.538,0.569,-0.607,0.439,-0.846,-0.049,0.12,-0.312,-0.513,0.493,-0.843,0.746,-0.487,0.455,-0.616,-0.199,0.286,0.66,-0.025,0.393,-0.187,0.227,0.792,0.343,0.768,-0.431,0.496,0.174,0.673,-0.176,-0.29,-0.471,0.668,-0.318,-0.565,0.405,0.191,0.099,0.755,-0.834,0.304,-0.722,0.085,0.022,0.801,-0.486,0.795,-0.371,-0.556,0.667,-0.596,0.788,0.33,0.778,-0.418,0.579,-0.241,-0.641,0.411,-0.711,0.232,-0.572,0.814,0.33,0.849,0.349,-0.299,0.65,-0.648,0.394,-0.128,0.904
ACRS,0.689,0.0,0.62,0.007,0.497,0.714,0.828,0.11,0.834,0.737,0.197,0.732,-0.273,0.753,-0.456,-0.505,-0.686,0.787,-0.743,-0.091,0.418,-0.505,0.346,0.372,-0.158,-0.415,0.876,0.112,0.841,0.391,-0.041,0.597,0.002,-0.325,0.452,0.919,0.896,0.905,-0.723,0.501,0.541,0.751,0.367,-0.739,0.83,0.866,0.368,0.424,0.805,-0.55,-0.587,0.491,0.808,-0.752,0.265,0.477,-0.809,0.63,0.791,0.601,0.811,0.181,0.03,-0.413,0.021,-0.685,-0.219,-0.516,-0.46,-0.304,0.515,0.382,0.484,-0.293,0.653,0.189,-0.794,0.579,0.525,-0.46,0.26,0.731,0.26,0.172,-0.078,-0.405,0.405,0.781,-0.731,0.446,0.842,-0.332,-0.698,0.795,0.897,-0.515,-0.255,-0.288,0.658,0.205,-0.108,0.617,-0.347,0.606,0.562,0.695,0.053,-0.271,0.713,0.261,0.82,0.286,-0.839,0.785,-0.337,0.314,0.791,0.801,0.467,0.82,-0.34,-0.155,0.828,0.518,-0.212,0.707,0.141,-0.46,0.53,0.781,-0.772,0.617,-0.517,0.382,0.309,-0.176,-0.178,0.703,-0.827,0.651,-0.738,0.478,-0.478,0.336,0.494,0.807,0.018,-0.074,-0.277,-0.338,0.447,0.041,0.409,0.039,0.707,0.515,0.878,0.36,0.238,-0.234,0.736,-0.145,-0.296,0.737,0.676,0.31,0.654,-0.771,0.109,-0.46,0.492,0.193,0.685,-0.048,0.756,-0.17,-0.509,0.829,-0.493,0.842,-0.241,0.623,0.193,0.589,-0.626,-0.309,0.222,-0.349,0.743,-0.875,0.908,0.688,0.891,0.623,0.032,0.853,-0.826,-0.051,0.148,0.778
ADP,0.676,0.62,0.0,0.628,0.431,0.797,0.532,0.356,0.619,0.579,0.36,0.367,-0.518,0.369,-0.378,-0.402,-0.503,0.685,-0.599,-0.203,0.287,-0.361,0.346,-0.007,-0.221,-0.304,0.673,-0.035,0.659,0.464,0.217,0.605,-0.134,-0.465,0.346,0.642,0.564,0.75,-0.367,0.69,0.78,0.571,0.183,-0.567,0.777,0.656,-0.041,0.396,0.689,-0.284,-0.581,0.414,0.61,-0.546,0.251,0.203,-0.456,0.461,0.576,0.236,0.642,0.142,-0.076,0.167,-0.113,-0.668,0.318,-0.078,-0.459,-0.034,0.28,0.504,0.137,-0.492,0.684,0.057,-0.398,0.422,0.488,-0.396,0.131,0.202,0.123,0.089,0.235,-0.517,0.364,0.522,-0.415,0.699,0.778,0.125,-0.49,0.54,0.588,-0.012,-0.118,-0.202,0.455,-0.005,0.097,0.638,-0.414,0.289,0.166,0.607,0.03,0.003,0.494,-0.044,0.623,0.195,-0.349,0.496,-0.331,0.129,0.785,0.692,-0.036,0.648,-0.272,0.328,0.772,0.346,-0.23,0.383,0.085,-0.248,0.427,0.613,-0.459,0.709,-0.312,0.405,0.502,-0.043,-0.023,0.68,-0.479,0.536,-0.358,0.597,-0.537,0.36,0.483,0.623,-0.188,0.295,-0.338,0.012,0.729,-0.001,0.472,-0.025,0.49,0.169,0.794,0.345,0.245,0.085,0.799,-0.098,-0.091,0.415,0.54,0.097,0.831,-0.536,0.4,-0.322,0.327,0.152,0.422,0.028,0.575,-0.009,-0.448,0.775,-0.207,0.796,0.074,0.595,0.177,0.296,-0.167,-0.32,0.367,-0.305,0.541,-0.418,0.677,0.51,0.752,0.268,0.152,0.755,-0.72,0.535,0.402,0.589
AFYA,0.473,0.007,0.628,0.0,-0.087,0.328,-0.008,0.048,0.045,-0.001,0.158,-0.186,-0.388,-0.081,-0.07,-0.412,-0.229,0.26,-0.197,-0.275,0.172,-0.102,0.441,-0.563,-0.186,0.097,0.126,-0.472,0.093,0.548,0.077,0.463,-0.219,-0.169,0.077,0.063,-0.143,0.176,0.005,0.257,0.485,-0.098,-0.318,-0.151,0.348,0.104,-0.475,0.158,0.074,-0.072,-0.557,0.298,-0.098,-0.292,-0.164,-0.098,0.037,0.297,0.254,-0.193,0.193,0.088,0.047,0.333,-0.48,-0.425,0.637,0.499,-0.529,0.246,-0.076,0.125,-0.195,-0.461,0.193,-0.044,0.003,-0.136,0.133,-0.097,0.111,-0.497,-0.223,-0.332,0.261,-0.589,0.345,0.097,0.205,0.658,0.333,0.515,-0.211,-0.132,-0.116,0.158,-0.122,-0.246,-0.085,-0.509,-0.19,0.252,-0.194,-0.004,-0.492,0.265,-0.261,-0.017,-0.038,-0.249,0.307,-0.167,0.184,0.054,-0.323,0.033,0.23,0.112,-0.526,0.058,-0.025,0.698,0.158,0.007,0.008,-0.303,-0.367,-0.175,0.16,0.06,0.008,0.272,-0.311,-0.055,0.047,-0.162,-0.019,0.159,-0.068,0.309,0.125,0.399,-0.509,-0.213,-0.078,0.193,-0.287,0.431,-0.304,0.449,0.609,0.129,0.488,-0.445,-0.064,-0.481,0.254,-0.167,-0.188,-0.073,0.357,0.02,-0.146,-0.124,-0.101,-0.316,0.489,-0.267,0.432,-0.43,-0.106,-0.097,0.191,-0.274,0.287,-0.285,-0.432,0.258,-0.118,0.352,0.471,0.447,-0.195,0.061,0.313,-0.423,0.484,-0.381,-0.131,0.1,0.152,-0.049,0.292,-0.258,-0.123,0.293,-0.232,0.856,0.07,0.293
AGNC,0.232,0.497,0.431,-0.087,0.0,0.586,0.488,0.273,0.391,0.796,0.664,0.588,0.162,0.572,-0.328,-0.149,-0.202,0.573,-0.217,0.548,0.452,-0.241,0.096,0.575,-0.074,0.018,0.657,0.67,0.605,0.341,0.526,0.394,0.31,-0.126,0.552,0.436,0.47,0.544,0.074,0.728,0.473,0.736,0.189,-0.076,0.514,0.619,0.623,0.622,0.595,-0.05,0.098,0.431,0.582,-0.132,0.701,0.596,-0.383,-0.088,0.481,0.478,0.426,0.181,-0.081,0.094,0.565,-0.292,0.195,-0.227,0.247,0.225,0.577,0.572,0.456,0.213,0.77,0.301,-0.391,0.686,0.763,-0.217,0.389,0.57,0.748,0.384,0.394,-0.013,0.124,0.691,-0.322,0.216,0.327,0.077,-0.254,0.794,0.707,-0.105,0.327,-0.025,0.734,0.368,0.083,0.729,-0.158,0.24,0.759,0.574,0.725,0.313,0.631,0.471,0.446,0.654,-0.245,0.511,0.32,0.212,0.685,0.701,0.511,0.68,0.132,-0.041,0.693,0.684,0.058,0.637,0.372,-0.108,0.727,0.608,-0.194,0.746,-0.087,0.739,0.705,0.262,0.288,0.766,-0.286,0.367,-0.259,0.406,0.097,0.455,0.869,0.618,0.372,0.283,0.289,-0.189,0.347,0.315,0.318,0.562,0.808,0.539,0.588,0.639,0.394,0.42,0.692,0.078,0.227,0.532,0.668,0.772,0.652,-0.111,0.3,0.06,0.664,0.504,0.342,0.247,0.548,0.301,0.106,0.661,0.222,0.59,-0.039,0.419,0.262,0.367,-0.05,0.2,0.145,0.344,0.693,-0.275,0.425,0.773,0.473,0.652,0.638,0.567,-0.411,-0.042,0.67,0.394
AGYS,0.749,0.714,0.797,0.328,0.586,0.0,0.642,0.167,0.614,0.751,0.222,0.519,-0.346,0.491,-0.276,-0.44,-0.645,0.735,-0.58,-0.123,0.432,-0.344,0.361,0.09,-0.15,-0.317,0.755,0.083,0.682,0.487,0.171,0.626,0.059,-0.401,0.473,0.744,0.624,0.767,-0.491,0.529,0.843,0.637,0.245,-0.664,0.822,0.675,0.209,0.535,0.633,-0.459,-0.54,0.549,0.759,-0.656,0.268,0.415,-0.53,0.458,0.743,0.405,0.828,0.288,0.166,-0.089,-0.035,-0.644,0.135,-0.177,-0.356,-0.103,0.521,0.266,0.291,-0.354,0.656,0.168,-0.59,0.384,0.539,-0.36,0.311,0.357,0.16,0.061,-0.014,-0.403,0.516,0.637,-0.528,0.459,0.703,0.037,-0.6,0.637,0.744,-0.181,-0.006,-0.258,0.53,-0.016,-0.059,0.582,-0.416,0.546,0.344,0.625,0.083,-0.098,0.513,0.172,0.71,0.419,-0.465,0.63,-0.307,0.221,0.774,0.673,0.15,0.699,-0.107,0.289,0.785,0.506,-0.147,0.432,0.113,-0.412,0.541,0.647,-0.574,0.671,-0.444,0.333,0.602,-0.091,-0.242,0.688,-0.664,0.533,-0.55,0.544,-0.392,0.309,0.595,0.677,-0.096,0.253,-0.228,-0.06,0.745,0.094,0.503,0.031,0.72,0.433,0.755,0.266,0.152,0.021,0.792,-0.203,-0.348,0.437,0.501,0.279,0.819,-0.598,0.356,-0.318,0.365,0.103,0.61,-0.105,0.693,-0.003,-0.336,0.79,-0.264,0.813,0.109,0.564,-0.004,0.418,-0.3,-0.344,0.252,-0.365,0.562,-0.533,0.787,0.539,0.807,0.372,0.083,0.754,-0.697,0.305,0.282,0.76
ALT,0.657,0.828,0.532,-0.008,0.488,0.642,0.0,0.037,0.732,0.712,0.218,0.682,-0.18,0.845,-0.453,-0.575,-0.708,0.881,-0.639,0.109,0.589,-0.342,0.426,0.318,0.015,-0.234,0.872,0.22,0.834,0.463,-0.073,0.655,0.327,-0.176,0.587,0.826,0.846,0.876,-0.644,0.407,0.343,0.722,0.214,-0.63,0.796,0.902,0.602,0.45,0.756,-0.653,-0.508,0.56,0.744,-0.775,0.13,0.714,-0.777,0.594,0.786,0.811,0.756,0.042,-0.19,-0.471,0.052,-0.541,-0.337,-0.426,-0.452,-0.214,0.578,0.307,0.717,-0.069,0.643,0.36,-0.85,0.583,0.595,-0.27,0.416,0.754,0.299,0.232,-0.133,-0.382,0.355,0.795,-0.623,0.315,0.787,-0.291,-0.708,0.824,0.861,-0.618,-0.27,-0.256,0.705,0.236,-0.181,0.559,-0.12,0.631,0.588,0.781,-0.033,-0.424,0.741,0.404,0.818,0.308,-0.812,0.914,-0.105,0.567,0.805,0.738,0.52,0.848,-0.263,-0.239,0.754,0.667,0.001,0.647,-0.0,-0.638,0.527,0.765,-0.61,0.555,-0.599,0.315,0.244,-0.286,-0.223,0.709,-0.859,0.707,-0.713,0.409,-0.449,0.185,0.507,0.802,0.285,-0.043,-0.087,-0.389,0.347,0.239,0.529,0.01,0.761,0.601,0.82,0.278,-0.0,-0.256,0.728,-0.376,-0.228,0.752,0.615,0.423,0.642,-0.738,0.153,-0.431,0.464,0.34,0.73,-0.165,0.766,-0.227,-0.474,0.797,-0.51,0.785,-0.184,0.666,0.019,0.761,-0.534,-0.26,0.165,-0.295,0.629,-0.81,0.891,0.664,0.775,0.716,-0.005,0.779,-0.733,-0.153,0.053,0.702
AMGN,-0.277,0.11,0.356,0.048,0.273,0.167,0.037,0.0,0.43,0.103,0.286,-0.086,-0.439,-0.151,-0.364,0.488,0.348,-0.017,-0.189,-0.15,-0.455,-0.264,-0.467,0.345,-0.247,-0.477,0.111,0.357,0.255,-0.371,0.244,-0.309,-0.368,-0.428,-0.371,0.229,0.277,0.142,-0.019,0.339,0.176,0.362,0.677,-0.137,0.094,0.083,-0.085,-0.192,0.401,0.377,0.215,-0.461,0.41,0.244,0.45,-0.336,-0.174,-0.183,-0.217,-0.2,0.009,-0.393,-0.429,0.45,0.226,-0.04,-0.016,-0.445,0.181,-0.324,-0.217,0.562,-0.302,-0.227,0.331,-0.432,0.235,0.348,0.025,-0.419,-0.562,0.256,0.136,0.623,0.174,0.28,-0.452,0.013,-0.342,0.261,0.139,-0.327,0.265,0.262,0.226,0.469,-0.016,0.31,0.194,0.443,0.71,0.212,-0.352,-0.281,0.29,-0.173,0.277,0.618,0.244,-0.304,-0.169,-0.122,-0.11,-0.197,0.017,-0.523,0.144,0.326,-0.058,0.156,-0.415,-0.231,0.334,-0.235,-0.449,0.41,0.649,0.614,-0.144,0.135,-0.127,0.33,0.543,0.616,0.472,0.192,0.511,0.237,0.222,-0.276,-0.096,0.287,0.17,0.76,0.279,0.003,-0.321,-0.292,-0.27,-0.421,-0.013,-0.561,-0.384,0.491,0.157,0.212,0.222,0.643,0.754,0.567,0.203,0.087,0.346,0.031,0.508,0.037,0.066,0.21,0.037,0.426,0.455,-0.014,-0.321,0.728,-0.189,0.449,0.126,0.208,0.318,0.091,-0.345,-0.271,0.732,-0.323,-0.207,0.297,-0.159,0.33,0.481,0.002,-0.007,0.264,0.033,-0.017,0.413,0.279,-0.203,0.081,0.57,-0.183
AMPH,0.436,0.834,0.619,0.045,0.391,0.614,0.732,0.43,0.0,0.523,0.185,0.477,-0.476,0.62,-0.707,-0.326,-0.42,0.663,-0.853,-0.234,0.118,-0.663,0.163,0.407,-0.356,-0.548,0.796,0.172,0.866,0.231,-0.169,0.342,-0.256,-0.469,0.126,0.918,0.869,0.842,-0.708,0.445,0.438,0.777,0.628,-0.765,0.729,0.774,0.208,0.085,0.889,-0.32,-0.502,0.147,0.829,-0.611,0.352,0.21,-0.89,0.463,0.562,0.404,0.673,-0.209,-0.271,-0.216,-0.107,-0.565,-0.31,-0.678,-0.478,-0.483,0.17,0.502,0.279,-0.361,0.681,-0.124,-0.602,0.648,0.351,-0.69,-0.042,0.681,0.118,0.329,-0.075,-0.317,0.087,0.63,-0.731,0.454,0.835,-0.536,-0.61,0.751,0.809,-0.301,-0.462,-0.234,0.587,0.299,0.205,0.56,-0.454,0.304,0.521,0.53,-0.047,-0.116,0.712,-0.076,0.668,-0.037,-0.84,0.599,-0.338,-0.024,0.684,0.784,0.21,0.766,-0.655,-0.22,0.783,0.241,-0.275,0.765,0.307,-0.171,0.303,0.658,-0.687,0.628,-0.243,0.485,0.328,-0.282,0.059,0.658,-0.632,0.474,-0.784,0.52,-0.499,0.545,0.387,0.717,-0.173,-0.392,-0.529,-0.624,0.285,-0.257,0.172,0.093,0.572,0.405,0.855,0.537,0.445,-0.05,0.703,-0.124,-0.191,0.69,0.772,0.109,0.517,-0.652,0.043,-0.313,0.54,0.104,0.458,0.184,0.569,-0.135,-0.568,0.796,-0.384,0.735,-0.431,0.433,0.496,0.484,-0.734,-0.228,0.169,-0.234,0.812,-0.832,0.804,0.656,0.76,0.394,0.115,0.847,-0.833,-0.045,0.226,0.541
AMZN,0.591,0.737,0.579,-0.001,0.796,0.751,0.712,0.103,0.523,0.0,0.442,0.772,-0.007,0.693,-0.223,-0.337,-0.542,0.781,-0.335,0.305,0.557,-0.214,0.268,0.454,0.06,-0.128,0.83,0.472,0.742,0.458,0.448,0.654,0.332,-0.15,0.703,0.663,0.706,0.77,-0.261,0.686,0.659,0.761,0.16,-0.377,0.748,0.799,0.576,0.73,0.658,-0.394,-0.213,0.601,0.723,-0.47,0.427,0.69,-0.469,0.344,0.75,0.686,0.668,0.4,0.046,-0.12,0.415,-0.473,0.095,-0.268,-0.048,0.07,0.755,0.46,0.591,0.093,0.765,0.472,-0.612,0.614,0.796,-0.154,0.512,0.628,0.624,0.356,0.185,-0.159,0.357,0.797,-0.527,0.331,0.566,0.071,-0.458,0.82,0.826,-0.345,0.266,0.032,0.767,0.331,-0.09,0.72,-0.18,0.577,0.715,0.685,0.452,0.038,0.651,0.531,0.67,0.722,-0.476,0.726,0.109,0.448,0.826,0.788,0.609,0.814,0.152,-0.078,0.84,0.776,-0.024,0.645,0.217,-0.389,0.8,0.782,-0.47,0.738,-0.376,0.592,0.56,0.137,0.012,0.803,-0.62,0.582,-0.433,0.415,-0.078,0.358,0.84,0.744,0.255,0.395,0.208,-0.1,0.571,0.303,0.493,0.372,0.881,0.679,0.737,0.457,0.245,0.154,0.793,-0.164,0.003,0.652,0.675,0.696,0.801,-0.424,0.345,-0.159,0.598,0.444,0.556,0.089,0.715,0.154,-0.039,0.796,-0.166,0.802,-0.039,0.598,0.07,0.469,-0.232,-0.053,0.109,0.014,0.734,-0.493,0.704,0.748,0.726,0.768,0.37,0.73,-0.608,0.011,0.477,0.716
ANIP,-0.018,0.197,0.36,0.158,0.664,0.222,0.218,0.286,0.185,0.442,0.0,0.326,0.248,0.422,-0.383,-0.074,0.153,0.355,-0.123,0.585,0.273,-0.258,0.084,0.53,-0.087,0.251,0.433,0.54,0.447,0.246,0.584,0.277,0.175,0.072,0.45,0.15,0.218,0.355,0.359,0.761,0.267,0.549,-0.017,0.21,0.217,0.442,0.435,0.32,0.512,0.164,0.164,0.216,0.231,0.141,0.608,0.397,-0.194,-0.196,0.165,0.321,0.057,-0.046,-0.359,0.408,0.373,-0.161,0.281,0.014,0.27,0.392,0.265,0.778,0.34,0.221,0.67,0.162,-0.157,0.716,0.685,-0.167,0.306,0.254,0.643,0.313,0.791,-0.08,-0.2,0.47,0.084,0.313,0.231,0.174,0.016,0.536,0.36,0.106,0.182,-0.002,0.626,0.389,0.253,0.716,0.024,-0.239,0.522,0.465,0.684,0.389,0.609,0.251,0.242,0.391,0.0,0.265,0.523,0.079,0.517,0.593,0.131,0.537,-0.034,0.038,0.405,0.426,0.194,0.495,0.192,0.07,0.577,0.554,0.194,0.687,0.092,0.722,0.534,0.418,0.599,0.659,0.093,0.396,0.133,0.197,-0.047,0.381,0.601,0.483,0.384,0.317,0.259,-0.142,0.151,0.373,0.163,0.571,0.482,0.142,0.437,0.678,0.371,0.554,0.534,0.214,0.585,0.502,0.586,0.598,0.521,0.153,0.359,0.086,0.553,0.648,0.111,0.28,0.345,0.197,0.031,0.505,0.381,0.431,-0.222,0.421,0.44,0.279,0.243,0.37,0.355,0.539,0.535,-0.039,0.156,0.682,0.226,0.421,0.789,0.444,-0.282,0.049,0.706,0.023
AOSL,0.544,0.732,0.367,-0.186,0.588,0.519,0.682,-0.086,0.477,0.772,0.326,0.0,0.143,0.741,-0.136,-0.352,-0.553,0.629,-0.395,0.249,0.577,-0.23,0.26,0.512,0.065,-0.101,0.744,0.361,0.678,0.375,0.289,0.592,0.358,-0.063,0.7,0.641,0.67,0.717,-0.35,0.547,0.427,0.69,0.104,-0.347,0.663,0.75,0.621,0.605,0.579,-0.406,-0.244,0.57,0.619,-0.49,0.357,0.666,-0.488,0.409,0.695,0.707,0.619,0.451,0.193,-0.272,0.362,-0.447,-0.14,-0.27,-0.097,-0.032,0.687,0.365,0.622,0.131,0.6,0.455,-0.677,0.591,0.687,-0.16,0.486,0.673,0.536,0.204,0.095,-0.206,0.427,0.746,-0.507,0.233,0.543,-0.102,-0.454,0.735,0.751,-0.39,0.099,-0.111,0.699,0.289,-0.17,0.625,-0.155,0.519,0.661,0.656,0.281,-0.161,0.67,0.545,0.632,0.656,-0.536,0.732,0.053,0.504,0.701,0.698,0.672,0.734,0.075,-0.215,0.694,0.762,-0.017,0.651,0.137,-0.454,0.656,0.737,-0.474,0.589,-0.438,0.405,0.313,0.121,-0.074,0.694,-0.637,0.649,-0.418,0.297,-0.156,0.242,0.676,0.666,0.379,0.212,0.182,-0.203,0.329,0.381,0.381,0.29,0.73,0.601,0.652,0.352,0.183,-0.042,0.633,-0.201,-0.012,0.721,0.582,0.641,0.61,-0.437,0.14,-0.229,0.508,0.433,0.574,0.031,0.62,0.1,-0.075,0.675,-0.211,0.686,-0.166,0.558,0.038,0.61,-0.317,-0.048,0.179,-0.058,0.602,-0.56,0.684,0.706,0.689,0.769,0.262,0.592,-0.577,-0.235,0.278,0.617
APDN,-0.271,-0.273,-0.518,-0.388,0.162,-0.346,-0.18,-0.439,-0.476,-0.007,0.248,0.143,0.0,0.185,0.287,0.025,0.222,-0.184,0.448,0.726,0.342,0.305,0.088,0.2,0.332,0.646,-0.155,0.325,-0.199,0.069,0.199,0.011,0.542,0.606,0.366,-0.397,-0.335,-0.277,0.514,0.014,-0.336,-0.12,-0.461,0.594,-0.314,-0.089,0.479,0.253,-0.27,0.153,0.442,0.213,-0.389,0.321,0.066,0.402,0.241,-0.382,-0.083,0.233,-0.316,0.215,0.178,-0.055,0.362,0.324,0.019,0.293,0.488,0.464,0.305,-0.109,0.371,0.639,-0.087,0.338,-0.018,0.091,0.231,0.384,0.437,0.015,0.363,-0.065,0.286,0.114,-0.112,0.062,0.458,-0.365,-0.413,0.255,0.187,-0.033,-0.181,-0.199,0.261,0.034,0.075,0.055,-0.28,-0.001,0.476,-0.2,0.202,0.085,0.434,0.031,0.054,0.519,-0.128,0.356,0.259,0.04,0.622,0.295,-0.176,-0.133,0.258,-0.083,0.439,-0.017,-0.301,0.311,0.519,-0.046,-0.178,-0.122,0.293,-0.047,0.51,-0.11,-0.039,0.003,-0.162,0.227,0.135,-0.043,0.236,0.049,0.358,-0.368,0.295,-0.333,0.113,-0.041,0.632,0.218,0.607,0.109,-0.359,0.631,0.037,0.232,0.01,-0.022,-0.277,-0.05,-0.253,0.028,-0.214,0.12,0.32,0.099,-0.185,0.496,-0.151,0.386,0.005,0.035,0.007,0.435,0.059,-0.149,-0.014,0.024,0.324,-0.218,0.247,-0.239,0.012,0.051,-0.208,0.159,0.44,0.268,-0.006,0.444,-0.175,0.25,-0.298,0.075,-0.276,0.193,0.291,-0.276,0.307,-0.382,-0.012,-0.221
APLT,0.553,0.753,0.369,-0.081,0.572,0.491,0.845,-0.151,0.62,0.693,0.422,0.741,0.185,0.0,-0.482,-0.655,-0.582,0.802,-0.571,0.381,0.71,-0.419,0.514,0.448,-0.038,0.054,0.863,0.303,0.841,0.583,-0.012,0.683,0.387,0.054,0.7,0.718,0.694,0.812,-0.41,0.5,0.299,0.718,0.003,-0.414,0.708,0.904,0.676,0.486,0.724,-0.516,-0.411,0.627,0.559,-0.654,0.261,0.807,-0.771,0.427,0.786,0.833,0.639,0.105,-0.091,-0.434,0.06,-0.521,-0.195,-0.287,-0.341,0.001,0.633,0.367,0.791,0.136,0.684,0.396,-0.872,0.723,0.714,-0.296,0.612,0.689,0.477,0.122,0.12,-0.46,0.305,0.871,-0.394,0.273,0.704,-0.144,-0.687,0.832,0.786,-0.69,-0.22,-0.389,0.772,0.184,-0.301,0.693,-0.054,0.455,0.639,0.874,0.164,-0.342,0.811,0.49,0.849,0.385,-0.721,0.912,0.078,0.553,0.763,0.771,0.502,0.855,-0.176,-0.133,0.655,0.763,0.204,0.697,-0.091,-0.624,0.747,0.777,-0.419,0.623,-0.632,0.385,0.164,-0.24,-0.049,0.75,-0.727,0.824,-0.566,0.359,-0.471,0.072,0.541,0.901,0.43,0.017,0.042,-0.38,0.241,0.486,0.551,0.075,0.738,0.41,0.791,0.354,-0.018,-0.215,0.708,-0.179,-0.081,0.9,0.62,0.573,0.635,-0.626,0.157,-0.538,0.516,0.522,0.781,-0.206,0.845,-0.323,-0.469,0.788,-0.387,0.78,-0.249,0.795,0.052,0.867,-0.371,-0.181,0.321,-0.097,0.628,-0.768,0.786,0.801,0.741,0.731,0.212,0.762,-0.708,-0.239,0.104,0.646
APVO,-0.074,-0.456,-0.378,-0.07,-0.328,-0.276,-0.453,-0.364,-0.707,-0.223,-0.383,-0.136,0.287,-0.482,0.0,0.3,0.041,-0.447,0.625,-0.025,-0.013,0.64,-0.138,-0.39,0.466,0.177,-0.533,-0.142,-0.613,-0.205,0.239,-0.162,0.3,0.187,0.045,-0.561,-0.519,-0.538,0.314,-0.35,-0.133,-0.608,-0.423,0.401,-0.371,-0.529,-0.154,0.17,-0.718,0.074,0.262,0.003,-0.452,0.27,-0.383,-0.134,0.749,-0.067,-0.25,-0.234,-0.296,0.561,0.582,-0.02,0.199,0.352,0.252,0.493,0.306,0.227,0.168,-0.557,-0.218,0.251,-0.589,0.26,0.407,-0.628,-0.287,0.648,0.066,-0.448,-0.177,-0.297,-0.145,0.247,0.239,-0.392,0.296,-0.22,-0.562,0.42,0.37,-0.55,-0.509,0.197,0.538,0.297,-0.449,-0.254,-0.286,-0.491,0.208,0.121,-0.394,-0.397,-0.077,-0.011,-0.641,0.265,-0.428,0.281,0.566,-0.352,0.074,0.183,-0.425,-0.596,0.086,-0.551,0.691,0.178,-0.438,-0.034,-0.048,-0.6,-0.133,-0.032,-0.215,-0.448,0.216,-0.516,0.034,-0.494,-0.233,0.285,-0.351,-0.514,0.233,-0.321,0.521,-0.322,0.463,-0.388,-0.17,-0.549,0.003,0.429,0.475,0.6,-0.064,0.174,-0.087,-0.113,-0.361,-0.082,-0.619,-0.561,-0.34,-0.121,-0.522,-0.052,-0.018,-0.54,-0.605,-0.016,-0.297,0.332,-0.099,0.254,-0.41,-0.198,-0.193,-0.142,-0.419,0.303,0.583,-0.589,0.134,-0.459,0.386,-0.34,-0.58,-0.419,0.428,0.0,-0.378,-0.079,-0.606,0.549,-0.47,-0.553,-0.404,-0.166,-0.296,-0.6,0.575,0.019,-0.231,-0.142
ARGX,-0.77,-0.505,-0.402,-0.412,-0.149,-0.44,-0.575,0.488,-0.326,-0.337,-0.074,-0.352,0.025,-0.655,0.3,0.0,0.734,-0.695,0.479,-0.038,-0.721,0.307,-0.836,0.232,0.113,-0.244,-0.582,0.374,-0.474,-0.847,0.314,-0.806,-0.186,-0.117,-0.54,-0.466,-0.292,-0.576,0.408,-0.182,-0.325,-0.222,0.391,0.448,-0.63,-0.599,-0.135,-0.399,-0.331,0.651,0.779,-0.756,-0.153,0.802,0.198,-0.573,0.529,-0.571,-0.793,-0.493,-0.555,-0.191,-0.139,0.454,0.455,0.602,-0.12,-0.157,0.742,-0.173,-0.388,0.053,-0.518,0.217,-0.337,-0.341,0.736,-0.153,-0.427,0.148,-0.655,-0.095,-0.013,0.455,0.049,0.79,-0.636,-0.603,0.055,-0.337,-0.648,-0.225,0.786,-0.342,-0.357,0.664,0.361,0.64,-0.309,0.437,0.664,-0.406,0.028,-0.509,0.046,-0.779,0.274,0.619,-0.364,-0.177,-0.848,-0.05,0.451,-0.729,0.32,-0.539,-0.518,-0.364,-0.011,-0.478,0.026,-0.373,-0.328,-0.508,-0.38,-0.077,0.624,0.824,-0.543,-0.4,0.311,-0.322,0.884,0.144,0.16,0.527,0.388,-0.384,0.712,-0.787,0.444,-0.363,0.75,0.461,-0.039,-0.709,-0.2,-0.207,0.191,-0.133,-0.496,-0.519,-0.817,0.578,-0.36,0.107,-0.567,0.238,0.511,0.578,-0.535,0.152,0.491,-0.438,-0.06,-0.032,-0.579,0.791,-0.225,0.878,-0.026,-0.146,-0.818,0.724,-0.84,0.738,0.763,-0.549,0.58,-0.643,-0.264,-0.864,0.41,-0.768,0.126,0.61,-0.554,0.55,-0.075,0.567,-0.656,-0.314,-0.647,-0.272,0.28,-0.541,0.508,-0.241,0.307,-0.722
ARLP,-0.92,-0.686,-0.503,-0.229,-0.202,-0.645,-0.708,0.348,-0.42,-0.542,0.153,-0.553,0.222,-0.582,0.041,0.734,0.0,-0.748,0.504,0.196,-0.681,0.16,-0.629,0.212,-0.038,0.154,-0.654,0.259,-0.507,-0.605,0.153,-0.785,-0.289,0.226,-0.604,-0.64,-0.523,-0.681,0.669,-0.184,-0.489,-0.325,0.176,0.689,-0.772,-0.65,-0.239,-0.563,-0.35,0.754,0.771,-0.766,-0.451,0.91,0.209,-0.566,0.472,-0.771,-0.851,-0.557,-0.809,-0.463,-0.324,0.521,0.2,0.64,0.05,0.04,0.661,0.071,-0.602,0.136,-0.469,0.272,-0.329,-0.461,0.777,-0.1,-0.387,0.065,-0.487,-0.294,-0.001,0.262,0.313,0.61,-0.785,-0.589,0.447,-0.38,-0.659,-0.072,0.789,-0.41,-0.562,0.62,0.2,0.378,-0.284,0.288,0.583,-0.314,0.207,-0.785,-0.083,-0.676,0.351,0.621,-0.334,-0.371,-0.807,-0.315,0.563,-0.793,0.425,-0.634,-0.571,-0.417,-0.292,-0.54,-0.032,-0.173,-0.553,-0.589,-0.039,-0.173,0.291,0.822,-0.451,-0.521,0.64,-0.316,0.851,0.124,0.005,0.364,0.607,-0.422,0.902,-0.674,0.565,-0.308,0.551,0.246,-0.246,-0.59,-0.052,-0.257,0.104,-0.136,-0.62,-0.332,-0.693,0.432,-0.47,-0.28,-0.599,0.23,0.365,0.578,-0.564,0.396,0.619,-0.404,-0.153,-0.143,-0.618,0.846,-0.154,0.674,-0.029,0.009,-0.786,0.501,-0.732,0.355,0.503,-0.582,0.644,-0.677,-0.241,-0.684,0.494,-0.601,0.338,0.625,-0.288,0.733,-0.195,0.639,-0.793,-0.275,-0.781,-0.389,0.378,-0.552,0.581,-0.175,0.244,-0.842
ATEX,0.767,0.787,0.685,0.26,0.573,0.735,0.881,-0.017,0.663,0.781,0.355,0.629,-0.184,0.802,-0.447,-0.695,-0.748,0.0,-0.575,0.158,0.656,-0.309,0.57,0.171,0.031,-0.098,0.894,0.129,0.814,0.665,0.047,0.802,0.288,-0.112,0.709,0.765,0.742,0.888,-0.489,0.585,0.539,0.671,0.025,-0.564,0.837,0.917,0.469,0.624,0.733,-0.654,-0.591,0.736,0.635,-0.76,0.112,0.744,-0.669,0.599,0.873,0.767,0.768,0.191,-0.135,-0.318,0.037,-0.582,-0.012,-0.23,-0.474,0.039,0.588,0.383,0.712,-0.095,0.734,0.502,-0.805,0.545,0.71,-0.189,0.571,0.543,0.354,0.132,0.106,-0.527,0.429,0.816,-0.461,0.464,0.814,0.019,-0.772,0.771,0.788,-0.599,-0.213,-0.225,0.669,0.141,-0.27,0.644,-0.075,0.605,0.479,0.887,0.058,-0.377,0.73,0.364,0.884,0.382,-0.655,0.896,-0.089,0.583,0.87,0.76,0.384,0.878,-0.138,-0.007,0.793,0.698,0.077,0.51,-0.162,-0.676,0.705,0.786,-0.518,0.662,-0.648,0.37,0.295,-0.167,-0.17,0.766,-0.806,0.783,-0.596,0.439,-0.522,0.077,0.517,0.86,0.254,0.239,-0.049,-0.115,0.597,0.363,0.717,-0.051,0.736,0.45,0.858,0.227,-0.082,-0.192,0.847,-0.193,-0.209,0.674,0.557,0.439,0.832,-0.753,0.433,-0.517,0.445,0.401,0.76,-0.266,0.882,-0.266,-0.522,0.853,-0.514,0.877,0.029,0.84,-0.075,0.714,-0.32,-0.304,0.362,-0.295,0.609,-0.688,0.875,0.65,0.823,0.649,0.049,0.837,-0.732,0.162,0.154,0.765
ATRA,-0.535,-0.743,-0.599,-0.197,-0.217,-0.58,-0.639,-0.189,-0.853,-0.335,-0.123,-0.395,0.448,-0.571,0.625,0.479,0.504,-0.575,0.0,0.376,-0.164,0.779,-0.312,-0.209,0.581,0.511,-0.722,0.09,-0.752,-0.333,0.25,-0.407,0.355,0.595,-0.099,-0.848,-0.722,-0.785,0.738,-0.331,-0.451,-0.657,-0.426,0.79,-0.712,-0.669,-0.082,0.046,-0.781,0.376,0.682,-0.19,-0.707,0.712,-0.281,-0.133,0.863,-0.514,-0.53,-0.238,-0.673,0.172,0.139,0.219,0.368,0.768,0.278,0.47,0.647,0.453,-0.089,-0.38,-0.131,0.567,-0.573,0.247,0.654,-0.528,-0.241,0.756,0.061,-0.472,0.058,0.093,0.168,0.509,-0.244,-0.565,0.579,-0.492,-0.828,0.468,0.689,-0.578,-0.685,0.255,0.545,0.554,-0.458,0.038,-0.04,-0.532,0.542,-0.239,-0.251,-0.533,0.261,0.286,-0.583,0.155,-0.701,0.176,0.781,-0.575,0.491,0.059,-0.578,-0.674,0.009,-0.638,0.709,-0.031,-0.627,-0.194,0.175,-0.613,-0.169,0.277,-0.21,-0.573,0.652,-0.573,0.38,-0.245,-0.245,0.384,0.075,-0.582,0.644,-0.558,0.754,-0.522,0.701,-0.347,-0.24,-0.67,0.202,0.36,0.649,0.541,-0.331,0.185,-0.201,0.15,-0.455,-0.142,-0.81,-0.382,-0.287,0.179,-0.648,0.182,0.365,-0.649,-0.624,0.114,-0.498,0.719,0.138,0.48,-0.342,0.03,-0.498,0.007,-0.565,0.274,0.72,-0.751,0.343,-0.713,0.346,-0.477,-0.339,-0.538,0.662,0.403,-0.354,0.446,-0.591,0.831,-0.793,-0.55,-0.76,-0.177,0.012,-0.771,0.823,-0.03,-0.074,-0.55
AUTL,-0.217,-0.091,-0.203,-0.275,0.548,-0.123,0.109,-0.15,-0.234,0.305,0.585,0.249,0.726,0.381,-0.025,-0.038,0.196,0.158,0.376,0.0,0.448,0.246,0.064,0.397,0.356,0.574,0.109,0.602,0.092,0.192,0.379,0.13,0.644,0.535,0.511,-0.205,-0.076,-0.027,0.553,0.325,-0.177,0.169,-0.326,0.585,-0.111,0.203,0.67,0.431,0.056,0.099,0.477,0.305,-0.137,0.277,0.277,0.629,0.089,-0.39,0.077,0.444,-0.18,0.037,-0.173,0.006,0.567,0.273,0.169,0.161,0.545,0.565,0.386,0.221,0.572,0.713,0.25,0.455,-0.099,0.368,0.53,0.327,0.562,0.231,0.654,0.246,0.509,0.145,-0.185,0.305,0.292,-0.191,-0.199,0.29,0.087,0.34,0.122,-0.205,0.331,0.12,0.429,0.328,-0.113,0.27,0.525,-0.088,0.522,0.333,0.678,0.168,0.315,0.593,0.03,0.499,0.166,0.224,0.75,0.418,0.196,0.159,0.431,0.236,0.401,-0.166,0.015,0.519,0.392,0.186,-0.064,-0.127,0.545,0.178,0.406,0.184,-0.003,0.355,0.134,0.307,0.323,0.262,0.144,0.169,0.274,-0.107,0.306,-0.087,0.42,0.221,0.746,0.315,0.7,0.031,-0.205,0.638,0.237,0.442,0.308,0.22,0.003,0.237,-0.1,0.267,0.09,0.183,0.535,0.271,0.141,0.774,0.146,0.303,0.277,0.124,0.31,0.688,0.106,-0.015,0.207,0.09,0.293,0.057,0.266,0.022,0.006,0.24,-0.019,0.241,0.411,0.416,-0.001,0.605,0.163,0.16,-0.119,0.368,-0.142,0.531,0.494,-0.006,0.144,-0.281,0.281,-0.119
AVDL,0.655,0.418,0.287,0.172,0.452,0.432,0.589,-0.455,0.118,0.557,0.273,0.577,0.342,0.71,-0.013,-0.721,-0.681,0.656,-0.164,0.448,0.0,-0.007,0.666,-0.032,0.225,0.406,0.582,0.086,0.452,0.739,0.145,0.808,0.688,0.208,0.838,0.317,0.214,0.512,-0.103,0.373,0.307,0.319,-0.486,-0.127,0.576,0.623,0.553,0.744,0.263,-0.487,-0.378,0.867,0.175,-0.578,0.001,0.837,-0.3,0.332,0.753,0.681,0.526,0.437,0.26,-0.288,0.061,-0.406,0.207,0.27,-0.286,0.422,0.738,0.005,0.693,0.205,0.444,0.647,-0.67,0.294,0.691,0.131,0.809,0.226,0.404,-0.161,0.159,-0.54,0.627,0.675,-0.027,0.277,0.415,0.365,-0.581,0.487,0.437,-0.57,0.072,-0.351,0.451,-0.215,-0.632,0.505,0.08,0.475,0.253,0.814,0.09,-0.367,0.435,0.652,0.713,0.566,-0.246,0.791,0.125,0.775,0.568,0.428,0.376,0.537,0.336,0.251,0.417,0.862,0.411,0.185,-0.374,-0.763,0.763,0.498,-0.149,0.426,-0.8,0.089,-0.002,-0.284,-0.241,0.528,-0.592,0.732,-0.181,0.234,-0.354,-0.356,0.448,0.647,0.535,0.486,0.355,0.217,0.408,0.814,0.769,-0.169,0.55,0.174,0.47,-0.073,-0.412,-0.319,0.553,-0.321,-0.167,0.492,0.14,0.554,0.646,-0.455,0.29,-0.613,0.138,0.44,0.759,-0.474,0.745,-0.331,-0.273,0.518,-0.27,0.576,0.284,0.795,-0.484,0.74,0.143,-0.324,0.375,-0.252,0.128,-0.345,0.524,0.466,0.563,0.55,0.052,0.413,-0.39,0.062,-0.01,0.627
BCRX,-0.221,-0.505,-0.361,-0.102,-0.241,-0.344,-0.342,-0.264,-0.663,-0.214,-0.258,-0.23,0.305,-0.419,0.64,0.307,0.16,-0.309,0.779,0.246,-0.007,0.0,-0.098,-0.384,0.767,0.302,-0.539,-0.036,-0.61,-0.226,0.088,-0.218,0.507,0.46,0.071,-0.609,-0.484,-0.548,0.406,-0.275,-0.383,-0.56,-0.429,0.528,-0.463,-0.447,0.002,0.218,-0.628,0.058,0.406,0.051,-0.481,0.392,-0.479,0.039,0.7,-0.209,-0.318,-0.017,-0.366,0.259,0.194,-0.02,0.334,0.641,0.121,0.382,0.427,0.36,0.054,-0.468,0.066,0.443,-0.528,0.362,0.403,-0.544,-0.235,0.823,0.121,-0.356,-0.068,0.026,0.005,0.292,-0.005,-0.451,0.323,-0.372,-0.552,0.38,0.43,-0.46,-0.46,0.013,0.346,0.465,-0.458,-0.012,-0.145,-0.567,0.605,0.04,-0.247,-0.309,0.021,-0.036,-0.489,0.254,-0.471,0.231,0.55,-0.282,0.271,0.351,-0.344,-0.593,0.083,-0.454,0.597,-0.02,-0.41,-0.05,0.053,-0.594,-0.25,-0.054,-0.221,-0.403,0.392,-0.554,0.147,-0.372,-0.24,0.364,-0.258,-0.472,0.311,-0.404,0.512,-0.564,0.44,-0.412,-0.194,-0.562,0.215,0.361,0.592,0.555,-0.202,0.273,0.003,-0.049,-0.387,0.004,-0.599,-0.533,-0.455,-0.125,-0.517,0.135,0.133,-0.54,-0.608,0.125,-0.323,0.409,0.277,0.313,-0.434,-0.03,-0.232,-0.207,-0.401,0.257,0.511,-0.587,0.025,-0.544,0.359,-0.311,-0.514,-0.394,0.455,0.111,-0.353,0.141,-0.538,0.59,-0.494,-0.573,-0.511,-0.125,-0.227,-0.605,0.656,0.007,-0.244,-0.348
BHAT,0.68,0.346,0.346,0.441,0.096,0.361,0.426,-0.467,0.163,0.268,0.084,0.26,0.088,0.514,-0.138,-0.836,-0.629,0.57,-0.312,0.064,0.666,-0.098,0.0,-0.322,0.009,0.397,0.438,-0.316,0.331,0.785,-0.184,0.769,0.288,0.155,0.548,0.296,0.145,0.438,-0.257,0.165,0.247,0.095,-0.484,-0.322,0.511,0.475,0.112,0.441,0.201,-0.513,-0.636,0.714,0.053,-0.654,-0.238,0.517,-0.361,0.484,0.663,0.442,0.428,0.271,0.124,-0.279,-0.36,-0.411,0.165,0.265,-0.62,0.274,0.371,-0.077,0.466,-0.16,0.249,0.382,-0.575,0.074,0.381,0.03,0.627,-0.02,0.061,-0.415,0.023,-0.781,0.591,0.495,0.037,0.305,0.497,0.321,-0.65,0.202,0.23,-0.558,-0.282,-0.461,0.159,-0.455,-0.65,0.304,0.048,0.403,-0.131,0.678,-0.246,-0.539,0.271,0.262,0.696,0.08,-0.268,0.615,-0.192,0.56,0.413,0.239,0.003,0.377,0.078,0.423,0.265,0.455,0.475,-0.059,-0.585,-0.768,0.473,0.314,-0.11,0.246,-0.783,-0.153,-0.127,-0.355,-0.351,0.305,-0.575,0.663,-0.292,0.201,-0.645,-0.496,0.017,0.555,0.173,0.327,-0.042,0.246,0.468,0.603,0.758,-0.54,0.266,-0.146,0.436,-0.286,-0.53,-0.535,0.42,-0.111,-0.418,0.308,-0.046,0.051,0.527,-0.611,0.291,-0.749,-0.021,0.146,0.712,-0.683,0.68,-0.571,-0.617,0.428,-0.498,0.509,0.303,0.769,-0.48,0.644,0.089,-0.485,0.551,-0.468,-0.005,-0.368,0.491,0.189,0.528,0.16,-0.238,0.401,-0.363,0.246,-0.282,0.589
BLBD,-0.239,0.372,-0.007,-0.563,0.575,0.09,0.318,0.345,0.407,0.454,0.53,0.512,0.2,0.448,-0.39,0.232,0.212,0.171,-0.209,0.397,-0.032,-0.384,-0.322,0.0,-0.134,-0.128,0.432,0.78,0.522,-0.205,0.355,-0.092,0.05,-0.018,0.182,0.345,0.525,0.366,0.034,0.454,0.042,0.699,0.527,0.018,0.118,0.41,0.588,0.034,0.563,0.156,0.39,-0.135,0.498,0.164,0.721,0.263,-0.388,-0.195,0.053,0.369,0.056,-0.152,-0.326,0.079,0.538,-0.018,-0.335,-0.528,0.424,-0.16,0.209,0.645,0.331,0.328,0.541,0.019,-0.211,0.786,0.46,-0.343,0.046,0.727,0.588,0.631,0.301,0.345,-0.402,0.416,-0.306,-0.115,0.137,-0.468,0.044,0.66,0.53,-0.007,0.176,0.198,0.697,0.768,0.456,0.513,-0.118,-0.092,0.858,0.186,0.638,0.326,0.623,0.188,0.085,0.369,-0.359,0.224,0.452,-0.113,0.362,0.585,0.533,0.517,-0.206,-0.556,0.383,0.305,-0.051,0.826,0.557,0.259,0.34,0.505,-0.092,0.499,0.298,0.709,0.434,0.319,0.523,0.536,-0.017,0.181,-0.188,0.12,0.282,0.676,0.591,0.37,0.331,-0.228,0.144,-0.657,-0.232,-0.065,-0.286,0.8,0.559,0.569,0.351,0.807,0.657,0.48,0.327,-0.019,0.494,0.618,0.756,0.583,0.142,0.141,-0.173,0.35,0.707,0.5,-0.037,0.58,0.117,0.369,0.239,0.392,0.289,0.277,-0.638,0.017,0.686,0.24,-0.302,0.594,-0.095,0.609,0.737,-0.294,0.221,0.722,0.156,0.608,0.692,0.348,-0.281,-0.559,0.583,-0.024
BMRN,-0.023,-0.158,-0.221,-0.186,-0.074,-0.15,0.015,-0.247,-0.356,0.06,-0.087,0.065,0.332,-0.038,0.466,0.113,-0.038,0.031,0.581,0.356,0.225,0.767,0.009,-0.134,0.0,0.28,-0.197,0.105,-0.236,-0.12,0.084,0.031,0.69,0.607,0.37,-0.282,-0.135,-0.187,0.214,-0.044,-0.261,-0.278,-0.301,0.341,-0.234,-0.058,0.277,0.432,-0.305,-0.175,0.252,0.248,-0.23,0.152,-0.454,0.331,0.409,0.046,-0.006,0.402,-0.115,0.302,0.12,-0.202,0.402,0.526,-0.027,0.222,0.321,0.296,0.295,-0.258,0.452,0.563,-0.251,0.656,0.071,-0.238,0.048,0.773,0.364,-0.019,0.063,0.242,0.114,0.156,0.033,-0.124,0.149,-0.277,-0.225,0.287,0.157,-0.119,-0.162,-0.31,0.251,0.513,-0.103,0.269,-0.148,-0.344,0.624,0.191,0.066,0.02,0.1,-0.192,-0.085,0.445,-0.171,0.378,0.211,0.076,0.354,0.574,-0.018,-0.235,0.328,-0.056,0.482,-0.24,-0.135,0.182,0.064,-0.281,-0.316,-0.26,0.061,-0.032,0.206,-0.347,-0.065,-0.184,-0.214,0.285,-0.251,-0.193,0.039,-0.057,0.324,-0.456,0.297,-0.309,-0.034,-0.196,0.375,0.344,0.601,0.366,-0.144,0.422,0.139,0.058,-0.108,0.278,-0.297,-0.371,-0.436,-0.182,-0.252,-0.026,0.208,-0.162,-0.333,0.368,-0.084,0.158,0.392,0.154,-0.192,0.308,0.073,-0.248,-0.095,0.124,0.347,-0.299,-0.26,-0.229,0.188,-0.001,-0.424,-0.051,0.312,0.15,-0.303,0.117,-0.23,0.272,-0.155,-0.245,-0.243,0.258,-0.186,-0.281,0.346,-0.11,-0.202,-0.11
BNGO,-0.124,-0.415,-0.304,0.097,0.018,-0.317,-0.234,-0.477,-0.548,-0.128,0.251,-0.101,0.646,0.054,0.177,-0.244,0.154,-0.098,0.511,0.574,0.406,0.302,0.397,-0.128,0.28,0.0,-0.197,0.04,-0.247,0.316,0.148,0.23,0.48,0.701,0.337,-0.521,-0.54,-0.285,0.65,0.006,-0.244,-0.294,-0.695,0.574,-0.272,-0.137,0.144,0.248,-0.362,0.149,0.227,0.306,-0.598,0.251,-0.106,0.305,0.329,-0.337,-0.021,0.133,-0.382,0.14,0.006,0.182,0.042,0.294,0.364,0.613,0.165,0.749,0.087,-0.112,0.275,0.505,-0.08,0.394,0.109,-0.074,0.26,0.416,0.58,-0.359,0.254,-0.168,0.449,-0.154,0.004,-0.01,0.751,-0.226,-0.338,0.553,0.091,-0.185,-0.393,-0.113,0.195,-0.009,-0.056,-0.21,-0.383,0.038,0.447,-0.22,-0.166,0.169,0.246,-0.024,-0.079,0.218,-0.066,0.187,0.477,-0.009,0.529,0.313,-0.133,-0.211,-0.077,-0.148,0.532,0.297,-0.354,0.241,0.775,-0.337,-0.545,-0.205,0.301,-0.176,0.739,-0.08,-0.179,-0.079,-0.272,0.034,0.15,-0.068,0.278,0.166,0.509,-0.22,0.071,-0.546,-0.085,-0.003,0.541,0.445,0.47,0.411,-0.088,0.699,0.311,-0.069,-0.1,-0.375,-0.281,-0.234,-0.473,-0.033,-0.121,0.047,0.265,-0.103,-0.368,0.227,0.003,0.303,0.199,-0.158,-0.129,0.416,0.048,-0.375,0.074,-0.251,0.105,-0.202,0.15,-0.177,0.316,0.256,-0.379,0.228,0.724,0.18,0.293,0.315,-0.383,0.429,-0.339,-0.052,-0.284,0.044,0.192,-0.296,0.333,0.059,-0.059,-0.18
BUSE,0.689,0.876,0.673,0.126,0.657,0.755,0.872,0.111,0.796,0.83,0.433,0.744,-0.155,0.863,-0.533,-0.582,-0.654,0.894,-0.722,0.109,0.582,-0.539,0.438,0.432,-0.197,-0.197,0.0,0.286,0.946,0.572,0.15,0.732,0.149,-0.257,0.627,0.876,0.832,0.964,-0.511,0.673,0.606,0.872,0.23,-0.618,0.889,0.96,0.52,0.521,0.873,-0.485,-0.521,0.589,0.791,-0.712,0.4,0.653,-0.799,0.507,0.837,0.702,0.776,0.15,-0.102,-0.208,0.073,-0.693,-0.09,-0.363,-0.413,-0.09,0.585,0.543,0.605,-0.138,0.877,0.298,-0.825,0.759,0.772,-0.464,0.447,0.684,0.43,0.235,0.136,-0.431,0.353,0.897,-0.555,0.498,0.841,-0.169,-0.72,0.899,0.901,-0.479,-0.166,-0.27,0.811,0.23,-0.115,0.825,-0.332,0.489,0.632,0.853,0.174,-0.189,0.846,0.319,0.886,0.411,-0.749,0.876,-0.066,0.372,0.893,0.929,0.427,0.949,-0.258,-0.053,0.886,0.716,0.046,0.768,0.119,-0.491,0.725,0.883,-0.569,0.839,-0.542,0.567,0.41,-0.171,0.011,0.906,-0.766,0.802,-0.644,0.537,-0.473,0.327,0.68,0.932,0.206,0.1,-0.153,-0.356,0.523,0.252,0.515,0.155,0.847,0.494,0.945,0.501,0.224,-0.052,0.928,-0.255,-0.132,0.844,0.777,0.474,0.837,-0.675,0.216,-0.455,0.609,0.398,0.711,-0.007,0.853,-0.14,-0.464,0.969,-0.328,0.947,-0.213,0.777,0.181,0.741,-0.438,-0.215,0.365,-0.182,0.793,-0.775,0.909,0.859,0.895,0.677,0.28,0.929,-0.866,0.013,0.349,0.76
CAKE,-0.316,0.112,-0.035,-0.472,0.67,0.083,0.22,0.357,0.172,0.472,0.54,0.361,0.325,0.303,-0.142,0.374,0.259,0.129,0.09,0.602,0.086,-0.036,-0.316,0.78,0.105,0.04,0.286,0.0,0.354,-0.179,0.594,-0.085,0.35,0.001,0.288,0.115,0.287,0.18,0.299,0.458,0.027,0.556,0.344,0.271,0.033,0.293,0.687,0.236,0.362,0.294,0.597,-0.08,0.374,0.318,0.672,0.341,-0.099,-0.365,-0.037,0.363,-0.029,-0.045,-0.311,0.251,0.749,0.233,-0.11,-0.294,0.632,0.102,0.329,0.53,0.324,0.556,0.503,0.17,-0.001,0.642,0.485,-0.049,0.108,0.552,0.691,0.71,0.394,0.418,-0.388,0.359,-0.179,-0.104,-0.085,-0.186,0.187,0.555,0.407,0.124,0.421,0.428,0.564,0.728,0.4,0.412,0.035,-0.126,0.801,0.132,0.705,0.462,0.445,0.439,-0.066,0.545,-0.044,0.158,0.693,0.032,0.291,0.431,0.539,0.414,0.082,-0.421,0.353,0.415,0.013,0.612,0.6,0.265,0.36,0.376,0.127,0.451,0.357,0.703,0.506,0.428,0.555,0.494,0.123,0.017,0.042,0.053,0.511,0.599,0.715,0.201,0.435,0.025,0.47,-0.417,-0.192,0.123,-0.219,0.861,0.517,0.584,0.169,0.72,0.538,0.591,0.278,-0.089,0.623,0.413,0.612,0.767,0.182,0.371,-0.01,0.522,0.666,0.579,-0.122,0.608,-0.01,0.601,0.531,0.256,0.462,0.137,-0.394,-0.068,0.455,0.107,0.011,0.623,-0.258,0.698,0.598,0.015,0.013,0.578,-0.009,0.571,0.744,0.173,-0.079,-0.439,0.684,-0.125
CASY,0.559,0.841,0.659,0.093,0.605,0.682,0.834,0.255,0.866,0.742,0.447,0.678,-0.199,0.841,-0.613,-0.474,-0.507,0.814,-0.752,0.092,0.452,-0.61,0.331,0.522,-0.236,-0.247,0.946,0.354,0.0,0.454,0.104,0.598,0.069,-0.267,0.498,0.884,0.843,0.942,-0.502,0.65,0.551,0.883,0.361,-0.6,0.827,0.935,0.463,0.367,0.922,-0.365,-0.45,0.419,0.786,-0.637,0.45,0.535,-0.84,0.446,0.733,0.638,0.713,-0.013,-0.197,-0.155,0.024,-0.625,-0.125,-0.427,-0.385,-0.183,0.478,0.598,0.534,-0.125,0.865,0.169,-0.738,0.823,0.69,-0.563,0.334,0.706,0.401,0.34,0.171,-0.414,0.193,0.852,-0.559,0.497,0.835,-0.273,-0.662,0.907,0.869,-0.387,-0.236,-0.246,0.83,0.316,0.028,0.806,-0.365,0.356,0.656,0.786,0.16,-0.097,0.875,0.193,0.806,0.296,-0.758,0.799,-0.052,0.234,0.863,0.94,0.376,0.93,-0.401,-0.117,0.847,0.61,-0.047,0.839,0.187,-0.351,0.661,0.839,-0.537,0.825,-0.424,0.611,0.389,-0.193,0.12,0.88,-0.671,0.746,-0.625,0.581,-0.464,0.435,0.644,0.904,0.147,-0.062,-0.227,-0.502,0.39,0.123,0.388,0.212,0.788,0.448,0.929,0.604,0.34,0.012,0.872,-0.262,-0.012,0.877,0.844,0.429,0.754,-0.615,0.138,-0.387,0.664,0.431,0.613,0.108,0.761,-0.136,-0.47,0.93,-0.288,0.905,-0.347,0.692,0.356,0.699,-0.485,-0.121,0.29,-0.094,0.843,-0.777,0.857,0.886,0.835,0.657,0.327,0.928,-0.875,-0.052,0.375,0.647
CCOI,0.723,0.391,0.464,0.548,0.341,0.487,0.463,-0.371,0.231,0.458,0.246,0.375,0.069,0.583,-0.205,-0.847,-0.605,0.665,-0.333,0.192,0.739,-0.226,0.785,-0.205,-0.12,0.316,0.572,-0.179,0.454,0.0,0.006,0.838,0.229,0.095,0.595,0.38,0.17,0.505,-0.167,0.33,0.472,0.249,-0.412,-0.257,0.667,0.555,0.149,0.555,0.297,-0.446,-0.628,0.794,0.132,-0.642,-0.01,0.587,-0.365,0.435,0.783,0.404,0.497,0.301,0.206,-0.187,-0.284,-0.545,0.402,0.31,-0.562,0.331,0.437,0.063,0.462,-0.086,0.459,0.387,-0.576,0.183,0.569,-0.087,0.713,0.0,0.199,-0.364,0.131,-0.709,0.64,0.64,-0.002,0.493,0.526,0.433,-0.637,0.349,0.323,-0.456,-0.101,-0.476,0.372,-0.421,-0.618,0.535,-0.072,0.433,0.012,0.748,-0.061,-0.326,0.351,0.288,0.794,0.214,-0.221,0.636,-0.149,0.506,0.534,0.394,0.047,0.464,0.197,0.488,0.411,0.619,0.347,0.05,-0.484,-0.682,0.697,0.365,-0.201,0.47,-0.771,0.047,0.034,-0.333,-0.136,0.463,-0.556,0.727,-0.27,0.48,-0.546,-0.383,0.248,0.685,0.244,0.435,-0.041,0.261,0.636,0.612,0.892,-0.403,0.458,-0.078,0.546,-0.122,-0.37,-0.315,0.623,-0.062,-0.324,0.364,0.097,0.183,0.695,-0.591,0.407,-0.731,0.136,0.186,0.732,-0.536,0.822,-0.507,-0.533,0.571,-0.342,0.67,0.45,0.854,-0.375,0.67,0.063,-0.521,0.577,-0.376,0.145,-0.331,0.545,0.367,0.617,0.289,-0.057,0.541,-0.466,0.408,-0.042,0.724
CEVA,-0.04,-0.041,0.217,0.077,0.526,0.171,-0.073,0.244,-0.169,0.448,0.584,0.289,0.199,-0.012,0.239,0.314,0.153,0.047,0.25,0.379,0.145,0.088,-0.184,0.355,0.084,0.148,0.15,0.594,0.104,0.006,0.0,0.152,0.239,-0.107,0.387,-0.119,-0.025,0.066,0.507,0.579,0.386,0.3,-0.046,0.357,0.065,0.093,0.282,0.466,0.107,0.322,0.393,0.112,0.135,0.328,0.549,0.16,0.335,-0.248,-0.009,0.055,-0.079,0.43,0.044,0.605,0.65,-0.012,0.45,0.261,0.52,0.458,0.328,0.488,0.024,0.255,0.427,0.233,0.194,0.334,0.542,0.134,0.167,0.045,0.602,0.377,0.604,0.243,-0.033,0.228,0.107,0.241,-0.153,0.329,0.317,0.232,0.119,0.423,0.705,0.446,0.386,0.344,0.243,0.474,-0.095,-0.141,0.346,0.068,0.676,0.612,0.171,0.369,-0.114,0.684,0.374,-0.045,0.539,0.046,0.25,0.316,0.268,0.207,0.444,0.04,0.304,0.414,-0.01,0.225,0.411,0.262,0.406,0.308,0.231,0.495,0.247,0.597,0.567,0.617,0.485,0.432,0.259,0.078,0.467,0.166,0.471,0.391,0.678,0.045,0.253,0.634,0.527,0.232,0.269,0.239,-0.025,0.689,0.377,0.268,0.071,0.487,0.445,0.649,0.313,-0.076,0.565,0.103,0.345,0.591,0.399,0.446,0.202,0.415,0.438,0.415,-0.215,0.525,-0.032,0.676,0.613,0.203,0.604,0.196,0.076,0.052,0.159,-0.14,0.459,0.452,0.026,0.486,0.294,0.373,-0.115,0.378,0.031,0.352,0.696,0.093,0.007,0.179,0.813,-0.006
