Date,Stock,Open,High,Low,Close,Volume,Turnover
2020-03-12,BHF,22.82999992370605,22.82999992370605,19.209999084472656,19.940000534057617,2357900,0.0406110867112753
2020-03-13,BHF,22.100000381469727,23.790000915527344,20.350000381469727,23.26000022888184,2010100,0.0346207834930804
2020-03-16,BHF,21.01000022888184,21.89299964904785,18.040000915527344,18.11000061035156,2550600,0.0439300384943291
2020-03-17,BHF,18.600000381469727,19.96999931335449,17.075000762939453,19.440000534057617,2918200,0.0502613652999888
2020-03-18,BHF,17.43000030517578,18.8700008392334,12.050000190734863,16.700000762939453,2780500,0.0478897012598927
2020-03-19,BHF,16.239999771118164,18.57999992370605,15.239999771118164,17.25,2451600,0.0422249205570051
2020-03-20,BHF,17.489999771118164,18.040000915527344,15.949999809265137,16.149999618530273,2441000,0.0420423523738169
2020-03-23,BHF,15.9399995803833,17.440000534057617,15.09000015258789,16.690000534057617,2150300,0.0370355060669474
2020-03-24,BHF,16.260000228881836,21.979999542236328,15.859999656677246,21.57999992370605,2409700,0.0415032595310064
2020-03-25,BHF,22.059999465942383,26.77499961853028,22.040000915527344,24.43000030517578,2470100,0.0425435537069091
2020-03-26,BHF,25.020000457763672,27.1299991607666,24.020000457763672,26.540000915527344,1778900,0.0306387302899561
2020-03-27,BHF,24.670000076293945,26.84000015258789,24.64999961853028,25.280000686645508,1309800,0.0225592270132017
2020-03-30,BHF,24.809999465942383,25.700000762939453,23.479999542236328,25.520000457763672,1538000,0.0264896099758011
2020-03-31,BHF,25.36000061035156,26.1299991607666,23.56999969482422,24.170000076293945,2067300,0.0356059627457565
2020-04-01,BHF,22.3700008392334,22.979999542236328,20.895000457763672,21.200000762939453,1392800,0.0239887703343925
2020-04-02,BHF,20.920000076293945,22.645000457763672,19.790000915527344,20.38999938964844,2116500,0.036453354690366
2020-04-03,BHF,20.674999237060547,20.86000061035156,18.850000381469727,19.700000762939453,1994300,0.0343486535596489
2020-04-06,BHF,21.670000076293945,23.36000061035156,21.030000686645508,22.670000076293945,2018300,0.0347620154838487
2020-04-07,BHF,24.559999465942383,26.030000686645508,22.71999931335449,22.89999961853028,1830000,0.0315188467202314
2020-04-08,BHF,23.61000061035156,25.8700008392334,22.76000022888184,25.489999771118164,1266700,0.021816897890993
2020-04-09,BHF,26.81999969482422,28.670000076293945,26.26499938964844,27.520000457763672,1614200,0.0278020340851353
2020-04-13,BHF,27.3700008392334,28.26000022888184,25.46999931335449,25.6200008392334,1172400,0.0201927299971581
2020-04-14,BHF,26.38999938964844,26.96999931335449,24.809999465942383,25.38999938964844,1237800,0.0213191412406024
2020-04-15,BHF,23.65999984741211,23.915000915527344,21.78499984741211,21.809999465942383,1762900,0.0303631556738229
2020-04-16,BHF,21.850000381469727,22.13800048828125,20.6299991607666,21.040000915527344,1774400,0.0305612249291687
2020-04-17,BHF,22.26000022888184,23.5,22.26000022888184,22.600000381469727,1735200,0.0298860671196424
2020-04-20,BHF,21.51000022888184,22.729999542236328,21.350000381469727,21.489999771118164,1903300,0.0327813229303915
2020-04-21,BHF,20.280000686645508,21.0,19.84000015258789,19.93000030517578,1531000,0.0263690460812428
2020-04-22,BHF,20.739999771118164,21.09000015258789,20.229999542236328,20.549999237060547,1432400,0.0246708175093221
2020-04-23,BHF,20.850000381469727,21.520000457763672,20.32999992370605,20.540000915527344,1474300,0.0253924785353209
2020-04-24,BHF,20.82999992370605,22.51000022888184,20.61000061035156,22.3799991607666,1096900,0.0188923622772797
2020-04-27,BHF,22.56999969482422,23.940000534057617,22.549999237060547,23.64999961853028,1368700,0.0235736860688419
2020-04-28,BHF,24.799999237060547,25.920000076293945,24.43000030517578,25.32999992370605,1169300,0.0201393374152823
2020-04-29,BHF,26.81999969482422,27.60300064086914,26.302000045776367,27.229999542236328,1062000,0.0182912651458392
2020-04-30,BHF,26.100000381469727,26.90999984741211,25.16900062561035,25.709999084472656,1074400,0.0185048354733424
2020-05-01,BHF,24.56999969482422,25.030000686645508,23.96999931335449,24.709999084472656,1017900,0.0175317126101222
2020-05-04,BHF,24.0,25.459999084472656,23.559999465942383,25.21999931335449,1197600,0.0206267600175678
2020-05-05,BHF,25.739999771118164,26.670000076293945,25.295000076293945,25.3700008392334,1034400,0.0178158989330095
2020-05-06,BHF,25.780000686645508,26.18000030517578,24.020000457763672,24.100000381469727,959200,0.0165206982371836
2020-05-07,BHF,24.61000061035156,27.32999992370605,24.61000061035156,26.96999931335449,1700600,0.0292901370122544
2020-05-08,BHF,27.809999465942383,28.790000915527344,27.020000457763672,28.729999542236328,1370200,0.0235995211891044
2020-05-11,BHF,28.11000061035156,28.76499938964844,27.540000915527344,28.09000015258789,2432300,0.0418925086762945
2020-05-12,BHF,32.5,32.650001525878906,26.940000534057617,26.959999084472656,2314300,0.0398601458823124
2020-05-13,BHF,26.479999542236328,26.96999931335449,24.63999938964844,24.93000030517578,1625100,0.027989769292376
2020-05-14,BHF,24.100000381469727,26.3799991607666,23.395000457763672,26.31999969482422,1019100,0.0175523807063321
2020-05-15,BHF,25.84000015258789,27.065000534057617,25.3759994506836,26.68000030517578,906600,0.0156147466866458
2020-05-18,BHF,28.75,29.90999984741211,28.420000076293945,29.64999961853028,1162700,0.0200256628861274
2020-05-19,BHF,29.540000915527344,30.100000381469727,28.450000762939453,28.489999771118164,1091800,0.0188045228683872
2020-05-20,BHF,29.3700008392334,30.0,29.040000915527344,29.280000686645508,895500,0.0154235667967034
2020-05-21,BHF,29.040000915527344,30.0,28.020000457763672,29.780000686645508,902700,0.0155475753739633
2020-05-22,BHF,30.049999237060547,30.049999237060547,28.600000381469727,28.850000381469727,1138700,0.0196123009619276
2020-05-26,BHF,30.540000915527344,32.16999816894531,30.225000381469727,31.57999992370605,1558700,0.0268461346354233
2020-05-27,BHF,33.380001068115234,34.08000183105469,31.200000762939453,31.71999931335449,1710000,0.0294520370992326
2020-05-28,BHF,32.2599983215332,32.2599983215332,30.64999961853028,30.81999969482422,1063600,0.0183188226074525
2020-05-29,BHF,30.290000915527344,30.6200008392334,29.38999938964844,29.709999084472656,1218000,0.0209781176531376
2020-06-01,BHF,29.850000381469727,31.190000534057617,29.290000915527344,30.690000534057617,932800,0.0160660001205638
2020-06-02,BHF,31.280000686645508,31.3700008392334,30.309999465942383,30.59000015258789,904000,0.0155699658115241
2020-06-03,BHF,31.420000076293945,32.90999984741211,31.420000076293945,32.349998474121094,631300,0.0108731409478044
2020-06-04,BHF,32.06999969482422,33.869998931884766,31.559999465942383,33.7400016784668,1135200,0.0195520190146485
2020-06-05,BHF,37.02999877929688,38.84000015258789,35.33000183105469,35.58000183105469,867600,0.0149430335598212
2020-06-08,BHF,36.84000015258789,38.58000183105469,36.75,38.560001373291016,997900,0.0171872443399557
2020-06-09,BHF,36.310001373291016,37.59000015258789,36.040000915527344,37.04999923706055,1180100,0.0203253502811722
2020-06-10,BHF,36.83000183105469,36.84000015258789,34.59000015258789,34.7400016784668,1450200,0.0249773942697703
2020-06-11,BHF,31.459999084472656,32.90999984741211,29.51000022888184,29.700000762939453,1827700,0.0314792328691623
2020-06-12,BHF,32.209999084472656,32.209999084472656,30.18000030517578,32.06999969482422,1263200,0.0217566159437138
2020-06-15,BHF,29.799999237060547,33.27000045776367,29.65999984741211,33.060001373291016,1590800,0.0273990062090405
2020-06-16,BHF,35.29999923706055,35.29999923706055,32.2400016784668,32.9900016784668,1480500,0.0254992636990725
2020-06-17,BHF,33.5,33.5,31.75,31.89999961853028,1039200,0.0178985713178494
2020-06-18,BHF,30.38999938964844,32.154998779296875,30.25,31.63999938964844,1390000,0.0239405447765692
2020-06-19,BHF,32.369998931884766,32.43000030517578,30.559999465942383,31.309999465942383,4692600,0.0808225902291575
2020-06-22,BHF,30.979999542236328,31.489999771118164,30.170000076293945,31.21999931335449,958200,0.0165034748236753
2020-06-23,BHF,32.34000015258789,32.69599914550781,30.600000381469727,30.64999961853028,1002800,0.0172716390661465
2020-06-24,BHF,30.11000061035156,30.295000076293945,28.21999931335449,28.270000457763672,1232600,0.0212295794903591
2020-06-25,BHF,28.07999992370605,29.100000381469727,27.56999969482422,28.459999084472656,1230100,0.0211865209565883
2020-06-26,BHF,27.739999771118164,27.989999771118164,26.01000022888184,26.229999542236328,1863600,0.0320975534141111
2020-06-29,BHF,26.90999984741211,27.625,26.32999992370605,26.96999931335449,1189300,0.0204838056854488
2020-06-30,BHF,26.65999984741211,27.959999084472656,26.65999984741211,27.81999969482422,1081500,0.0186271217092515
2020-07-01,BHF,27.729999542236328,28.049999237060547,26.13999938964844,26.209999084472656,792800,0.0136547222293986
2020-07-02,BHF,27.15999984741211,27.940000534057617,26.600000381469727,26.75,1022300,0.0176074956295588
2020-07-06,BHF,27.690000534057617,28.46500015258789,27.0,27.540000915527344,1537300,0.0264775535863452
2020-07-07,BHF,26.90999984741211,27.26499938964844,25.780000686645508,25.8799991607666,1029100,0.0177246148414154
2020-07-08,BHF,25.65999984741211,27.18000030517578,25.65999984741211,26.790000915527344,1004200,0.0172957518450581
2020-07-09,BHF,26.6200008392334,26.90999984741211,25.1299991607666,25.32999992370605,954500,0.0164397481936945
2020-07-10,BHF,25.270000457763672,26.93000030517578,25.21999931335449,26.8799991607666,1027400,0.0176953350384512
2020-07-13,BHF,27.3700008392334,27.979999542236328,26.725000381469727,27.14999961853028,1301100,0.0224093833156793
2020-07-14,BHF,26.950000762939453,27.84000015258789,26.780000686645508,27.770000457763672,657200,0.01131922735767
2020-07-15,BHF,28.959999084472656,29.3799991607666,28.170000076293945,29.21999931335449,686000,0.0118152616667097
2020-07-16,BHF,28.8700008392334,30.0,28.350000381469727,29.3700008392334,655200,0.0112847805306533
2020-07-17,BHF,29.309999465942383,29.479999542236328,28.81999969482422,29.190000534057617,949600,0.0163553534675037
2020-07-20,BHF,28.770000457763672,29.15999984741211,28.32999992370605,28.46999931335449,927800,0.0159798830530222
2020-07-21,BHF,28.600000381469727,29.424999237060547,28.5,29.25,687200,0.0118359297629197
2020-07-22,BHF,29.0,29.709999084472656,28.86000061035156,29.395000457763672,601900,0.0103667725906597
2020-07-23,BHF,29.15999984741211,29.959999084472656,28.84000015258789,29.51499938964844,588000,0.010127367142894
2020-07-24,BHF,29.309999465942383,29.604999542236328,28.950000762939453,29.14999961853028,457000,0.0078710999733037
2020-07-27,BHF,29.09000015258789,29.09000015258789,28.36000061035156,28.850000381469727,395000,0.0068032483357876
2020-07-28,BHF,28.64999961853028,29.1299991607666,27.950000762939453,28.059999465942383,582400,0.0100309160272474
2020-07-29,BHF,28.13999938964844,29.15999984741211,27.920000076293945,29.1200008392334,698100,0.0120236649701604
2020-07-30,BHF,28.18000030517578,28.440000534057617,27.334999084472656,28.309999465942383,471100,0.008113950103771
2020-07-31,BHF,28.18000030517578,28.40999984741211,27.799999237060547,28.34000015258789,448800,0.0077298679825354
2020-08-03,BHF,28.65999984741211,29.229999542236328,28.190000534057617,28.709999084472656,481800,0.0082982406283101
2020-08-04,BHF,28.43000030517578,28.93000030517578,28.059999465942383,28.170000076293945,604600,0.0104132758071322
2020-08-05,BHF,28.81999969482422,30.1200008392334,28.81999969482422,29.68000030517578,931800,0.0160487767070555
2020-08-06,BHF,29.34000015258789,29.479999542236328,28.3700008392334,28.68000030517578,1043100,0.0179657426305319
2020-08-07,BHF,26.520000457763672,30.729999542236328,26.51000022888184,30.729999542236328,1846000,0.0317944213363646
2020-08-10,BHF,30.959999084472656,32.02000045776367,30.959999084472656,31.729999542236328,746400,0.0128555558426124
2020-08-11,BHF,32.630001068115234,33.38999938964844,32.01599884033203,32.16999816894531,931100,0.0160367203175997
2020-08-12,BHF,33.0,33.1150016784668,31.440000534057617,31.780000686645508,577600,0.0099482436424074
2020-08-13,BHF,31.540000915527344,31.88999938964844,30.989999771118164,31.63999938964844,560100,0.0096468339060118
2020-08-14,BHF,31.34000015258789,32.5099983215332,31.229999542236328,32.18000030517578,465000,0.0080088872813702
2020-08-17,BHF,32.060001373291016,32.369998931884766,30.940000534057617,31.0,487900,0.0084033034507108
2020-08-18,BHF,31.299999237060547,31.32999992370605,29.96999931335449,30.049999237060547,538400,0.0092730858328812
2020-08-19,BHF,30.0,30.600000381469727,29.75,29.850000381469727,609500,0.010497670533323
2020-08-20,BHF,29.989999771118164,29.989999771118164,29.309999465942383,29.3700008392334,343900,0.0059231319055123
2020-08-21,BHF,29.1299991607666,29.5,28.270000457763672,28.459999084472656,604600,0.0104132758071322
2020-08-24,BHF,29.059999465942383,31.049999237060547,28.75,31.030000686645508,774200,0.0133343667381438
2020-08-25,BHF,31.299999237060547,31.80500030517578,30.780000686645508,31.40999984741211,552000,0.0095073242565944
2020-08-26,BHF,31.26000022888184,31.440000534057617,30.88999938964844,31.1200008392334,366200,0.0063072140267479
2020-08-27,BHF,31.1200008392334,32.41999816894531,31.11000061035156,31.88999938964844,728200,0.0125420897167609
2020-08-28,BHF,32.2400016784668,32.47999954223633,31.6200008392334,31.799999237060547,462100,0.0079589393821961
2020-08-31,BHF,31.799999237060547,31.88999938964844,30.36000061035156,30.36000061035156,932500,0.0160608330965113
2020-09-01,BHF,30.309999465942383,31.07999992370605,30.049999237060547,30.479999542236328,644800,0.0111056570301668
2020-09-02,BHF,30.36000061035156,30.920000076293945,29.71999931335449,30.799999237060547,469200,0.0080812256181052
2020-09-03,BHF,30.989999771118164,32.290000915527344,30.40999984741211,30.549999237060547,659300,0.0113553965260374
2020-09-04,BHF,31.43000030517578,32.525001525878906,30.674999237060547,32.43000030517578,775000,0.0133481454689504
2020-09-08,BHF,31.709999084472656,32.189998626708984,30.549999237060547,30.59000015258789,854700,0.0147208515255638
2020-09-09,BHF,31.030000686645508,31.104999542236328,30.065000534057617,30.415000915527344,566400,0.0097553414111142
2020-09-10,BHF,30.959999084472656,31.3799991607666,29.479999542236328,29.559999465942383,612400,0.0105476184324971
2020-09-11,BHF,29.520000457763672,29.88999938964844,29.040000915527344,29.51000022888184,477300,0.0082207352675226
2020-09-14,BHF,29.89999961853028,30.1299991607666,29.56999969482422,29.700000762939453,711100,0.0122475693457686
2020-09-15,BHF,29.799999237060547,29.799999237060547,28.549999237060547,28.600000381469727,687100,0.0118342074215688
2020-09-16,BHF,28.76000022888184,30.01000022888184,28.350000381469727,29.32999992370605,833400,0.0143539928178365
2020-09-17,BHF,28.700000762939453,29.26000022888184,28.239999771118164,28.790000915527344,665400,0.0114604593484382
2020-09-18,BHF,28.61000061035156,29.100000381469727,28.15999984741211,28.290000915527344,2148100,0.036997614557229
2020-09-21,BHF,27.190000534057617,27.450000762939453,26.07999992370605,26.51000022888184,1152900,0.0198568734337458
2020-09-22,BHF,26.709999084472656,27.209999084472656,26.270000457763672,26.57999992370605,1007600,0.0173543114509864
2020-09-23,BHF,26.6299991607666,27.3700008392334,26.020000457763672,26.049999237060547,653600,0.01125722306904
2020-09-24,BHF,25.96999931335449,26.200000762939453,25.201000213623047,25.64999961853028,1355600,0.0233480593518829
2020-09-25,BHF,25.229999542236328,26.07999992370605,25.229999542236328,25.809999465942383,722500,0.0124439162597635
2020-09-28,BHF,26.600000381469727,27.625,26.600000381469727,27.280000686645508,583200,0.010044694758054
2020-09-29,BHF,27.09000015258789,27.32999992370605,26.26000022888184,26.51000022888184,520700,0.0089682314137838
2020-09-30,BHF,26.799999237060547,27.459999084472656,26.700000762939453,26.90999984741211,800900,0.013794231878816
2020-10-01,BHF,27.549999237060547,28.350000381469727,27.31999969482422,27.76000022888184,870200,0.0149878144349428
2020-10-02,BHF,27.020000457763672,28.799999237060547,27.020000457763672,28.690000534057617,586000,0.0100929203158774
2020-10-05,BHF,29.309999465942383,30.600000381469727,29.21999931335449,29.71999931335449,778000,0.0133998157094754
2020-10-06,BHF,30.32999992370605,30.940000534057617,29.48500061035156,29.790000915527344,850900,0.0146554025542322
2020-10-07,BHF,30.39999961853028,31.424999237060547,30.25,30.809999465942383,751200,0.0129382282274523
2020-10-08,BHF,31.14999961853028,31.559999465942383,30.780000686645508,31.0,739500,0.012736714289405
2020-10-09,BHF,31.46999931335449,31.709999084472656,30.559999465942383,30.61000061035156,502500,0.0086547652879324
2020-10-12,BHF,30.61000061035156,31.5,30.46999931335449,31.3700008392334,484400,0.0083430215034317
2020-10-13,BHF,31.309999465942383,31.309999465942383,30.25,30.420000076293945,556400,0.009583107276031
2020-10-14,BHF,30.440000534057617,31.30500030517578,30.440000534057617,30.76000022888184,658700,0.0113450624779325
2020-10-15,BHF,29.81999969482422,32.400001525878906,29.81999969482422,32.290000915527344,887400,0.015284057147286
2020-10-16,BHF,32.560001373291016,32.70500183105469,31.530000686645508,31.739999771118164,889800,0.0153253933397059
2020-10-19,BHF,31.8799991607666,32.75,31.61000061035156,32.0,1051000,0.0181018075972477
2020-10-20,BHF,32.56999969482422,33.0,32.07500076293945,32.279998779296875,677300,0.0116654179691873
2020-10-21,BHF,32.11000061035156,32.400001525878906,31.229999542236328,31.34000015258789,990800,0.0170649581040466
2020-10-22,BHF,31.299999237060547,32.470001220703125,30.780000686645508,32.40999984741211,834600,0.0143746609140465
2020-10-23,BHF,32.72999954223633,33.13999938964844,32.39500045776367,32.970001220703125,543600,0.0093626475831245
2020-10-26,BHF,32.27000045776367,32.4900016784668,30.96999931335449,31.51000022888184,715600,0.012325074706556
2020-10-27,BHF,31.38999938964844,31.41699981689453,29.440000534057617,29.6299991607666,913200,0.0157284212158007
2020-10-28,BHF,28.75,30.53499984741211,28.739999771118164,30.100000381469727,1105400,0.0190387612921004
2020-10-29,BHF,29.93000030517578,32.025001525878906,29.440000534057617,31.809999465942383,812700,0.0139974681582142
2020-10-30,BHF,31.540000915527344,33.310001373291016,31.540000915527344,33.099998474121094,1329900,0.022905417624719
2020-11-02,BHF,33.90999984741211,33.9900016784668,32.400001525878906,32.58000183105469,973900,0.0167738824157559
2020-11-03,BHF,33.41999816894531,33.904998779296875,32.66999816894531,32.90999984741211,724200,0.0124731960627276
2020-11-04,BHF,31.979999542236328,32.29999923706055,31.030000686645508,31.31999969482422,1009900,0.0173939253020556
2020-11-05,BHF,31.57999992370605,33.66999816894531,31.57999992370605,33.209999084472656,790400,0.0136133860369786
2020-11-06,BHF,31.86000061035156,33.650001525878906,30.89999961853028,31.520000457763672,1137300,0.0195881881830159
2020-11-09,BHF,34.41999816894531,37.310001373291016,34.345001220703125,36.709999084472656,1527500,0.0263087641339637
2020-11-10,BHF,36.81999969482422,37.5099983215332,36.0099983215332,37.27999877929688,1727600,0.0297551691769791
2020-11-11,BHF,37.20000076293945,37.2400016784668,34.83000183105469,35.04999923706055,846000,0.0145710078280414
2020-11-12,BHF,34.34000015258789,34.83000183105469,33.3650016784668,33.65999984741211,658000,0.0113330060884766
2020-11-13,BHF,34.36000061035156,34.494998931884766,33.632999420166016,33.900001525878906,882900,0.0152065517864985
2020-11-16,BHF,35.560001373291016,36.5099983215332,34.5,34.70000076293945,948700,0.0163398523953462
2020-11-17,BHF,33.72999954223633,35.119998931884766,33.72999954223633,34.4900016784668,1207500,0.0207972718113002
2020-11-18,BHF,35.04999923706055,36.165000915527344,33.84000015258789,33.959999084472656,969700,0.016701544079021
2020-11-19,BHF,33.63999938964844,34.22999954223633,33.060001373291016,34.11000061035156,819000,0.0141059756633167
2020-11-20,BHF,33.70000076293945,34.220001220703125,33.380001068115234,34.0099983215332,528900,0.0091094634045521
2020-11-23,BHF,34.689998626708984,37.209999084472656,34.678001403808594,36.93000030517578,1255800,0.0216291626837522
2020-11-24,BHF,37.7599983215332,39.310001373291016,37.494998931884766,38.310001373291016,1179200,0.0203098492090147
2020-11-25,BHF,37.880001068115234,37.9900016784668,36.310001373291016,37.61000061035156,409600,0.0070547101730091
2020-11-27,BHF,37.41999816894531,37.86000061035156,36.93999862670898,37.15999984741211,217100,0.0037392030726569
2020-11-30,BHF,36.560001373291016,37.29999923706055,35.0099983215332,35.099998474121094,1111100,0.0191369347490979
2020-12-01,BHF,36.290000915527344,36.72999954223633,35.83000183105469,36.38999938964844,846100,0.0145727301693922
2020-12-02,BHF,36.380001068115234,37.04999923706055,36.0,36.59000015258789,569800,0.0098139010170425
2020-12-03,BHF,36.59000015258789,36.84999847412109,35.88999938964844,36.040000915527344,460400,0.007929659579232
2020-12-04,BHF,36.70000076293945,37.630001068115234,36.4900016784668,37.47999954223633,881300,0.0151789943248852
2020-12-07,BHF,36.93000030517578,37.02999877929688,35.72999954223633,35.779998779296875,744300,0.0128193866742449
2020-12-08,BHF,35.150001525878906,35.970001220703125,34.939998626708984,35.09000015258789,914100,0.0157439222879582
2020-12-09,BHF,35.63999938964844,35.790000915527344,34.61000061035156,34.70000076293945,623400,0.0107370759810886
2020-12-10,BHF,34.18000030517578,34.650001525878906,33.959999084472656,34.540000915527344,646700,0.0111383815158326
2020-12-11,BHF,34.0099983215332,34.380001068115234,33.15999984741211,33.68000030517578,583600,0.0100515841234574
2020-12-14,BHF,34.33000183105469,34.939998626708984,33.15999984741211,33.34000015258789,1004500,0.0173009188691106
2020-12-15,BHF,33.720001220703125,34.939998626708984,33.154998779296875,34.790000915527344,1000700,0.017235469897779
2020-12-16,BHF,34.70000076293945,34.98899841308594,34.2599983215332,34.599998474121094,799400,0.0137683967585535
2020-12-17,BHF,34.77000045776367,34.79499816894531,34.029998779296875,34.7400016784668,636800,0.0109678697221002
2020-12-18,BHF,34.880001068115234,35.2400016784668,33.689998626708984,34.04999923706055,2663600,0.0458762842207697
2020-12-21,BHF,33.8849983215332,34.369998931884766,32.88399887084961,33.61000061035156,892000,0.0153632848494243
2020-12-22,BHF,33.61000061035156,34.22999954223633,33.505001068115234,33.630001068115234,724800,0.0124835301108326
2020-12-23,BHF,34.09000015258789,35.59000015258789,34.09000015258789,35.43000030517578,508700,0.008761550451684
2020-12-24,BHF,35.58000183105469,35.59000015258789,35.08000183105469,35.439998626708984,151300,0.0026059024638093
2020-12-28,BHF,36.06999969482422,36.59000015258789,35.34000015258789,35.38999938964844,538200,0.0092696411501795
2020-12-29,BHF,35.779998779296875,35.82500076293945,35.069000244140625,35.15999984741211,442100,0.0076144711120296
2020-12-30,BHF,35.119998931884766,36.130001068115234,35.119998931884766,35.77000045776367,324100,0.0055821083180475
2020-12-31,BHF,35.79999923706055,36.52000045776367,35.5,36.20500183105469,440200,0.0075817466263638
2021-01-04,BHF,36.56999969482422,37.0,35.11000061035156,35.220001220703125,518100,0.0089234505386622
2021-01-05,BHF,35.18000030517578,36.25,34.86000061035156,35.939998626708984,731000,0.0125903152745842
2021-01-06,BHF,37.27999877929688,39.400001525878906,37.209999084472656,38.869998931884766,1252200,0.0215671583951223
2021-01-07,BHF,39.58000183105469,40.09999847412109,38.88999938964844,38.92499923706055,927300,0.0159712713462681
2021-01-08,BHF,38.88999938964844,39.33000183105469,37.59999847412109,38.59999847412109,577900,0.0099534106664599
2021-01-11,BHF,37.95000076293945,38.900001525878906,37.72999954223633,38.40499877929688,536200,0.0092351943231629
2021-01-12,BHF,39.0,40.93000030517578,38.70500183105469,40.20000076293945,913400,0.0157318658985024
2021-01-13,BHF,39.790000915527344,40.900001525878906,39.630001068115234,40.7400016784668,818400,0.0140956416152117
2021-01-14,BHF,41.02999877929688,42.45000076293945,40.959999084472656,42.290000915527344,779100,0.0134187614643346
2021-01-15,BHF,41.59000015258789,42.68000030517578,41.34999847412109,42.16999816894531,614700,0.0105872322835662
2021-01-19,BHF,42.54999923706055,43.27999877929688,41.58000183105469,42.650001525878906,829400,0.0142850991638032
2021-01-20,BHF,42.59999847412109,43.4900016784668,42.130001068115234,42.52000045776367,838000,0.0144332205199748
2021-01-21,BHF,42.02999877929688,42.810001373291016,41.31999969482422,41.38999938964844,610300,0.0105114492641296
2021-01-22,BHF,40.630001068115234,41.41999816894531,40.25,40.560001373291016,659900,0.0113657305741424
2021-01-25,BHF,40.04999923706055,40.4900016784668,38.91999816894531,39.54999923706055,484400,0.0083430215034317
2021-01-26,BHF,39.959999084472656,40.27000045776367,38.04999923706055,38.25,770400,0.0132689177668122
2021-01-27,BHF,37.845001220703125,37.880001068115234,35.90999984741211,36.02999877929688,1041700,0.0179416298516202
2021-01-28,BHF,36.59999847412109,37.86000061035156,36.43999862670898,37.060001373291016,899500,0.0154924604507367
2021-01-29,BHF,36.81999969482422,37.150001525878906,35.31999969482422,35.36000061035156,960700,0.0165465333574461
2021-02-01,BHF,35.880001068115234,36.290000915527344,35.439998626708984,36.08000183105469,787700,0.0135668828205061
2021-02-02,BHF,36.63999938964844,37.5099983215332,36.630001068115234,37.16999816894531,619300,0.0106664599857045
2021-02-03,BHF,37.06999969482422,37.619998931884766,36.88999938964844,37.15999984741211,612100,0.0105424514084446
2021-02-04,BHF,37.45000076293945,39.43000030517578,37.150001525878906,39.27000045776367,687400,0.0118393744456213
2021-02-05,BHF,39.68000030517578,40.06999969482422,38.810001373291016,40.040000915527344,694500,0.0119616606815304
2021-02-08,BHF,40.380001068115234,41.720001220703125,40.20000076293945,41.66999816894531,766600,0.0132034687954805
2021-02-09,BHF,41.59999847412109,42.540000915527344,41.36000061035156,41.970001220703125,725600,0.0124973088416393
2021-02-10,BHF,42.290000915527344,42.55500030517578,41.209999084472656,41.91999816894531,920900,0.0158610414998148
2021-02-11,BHF,40.7599983215332,41.53499984741211,39.16999816894531,40.52999877929688,1873800,0.032273232231896
2021-02-12,BHF,39.93999862670898,41.59000015258789,39.650001525878906,40.0,981100,0.0168978909930159
2021-02-16,BHF,40.54999923706055,42.119998931884766,40.209999084472656,41.45000076293945,1002200,0.0172613050180415
2021-02-17,BHF,41.130001068115234,42.70000076293945,40.97999954223633,41.459999084472656,1084600,0.0186805142911273
2021-02-18,BHF,40.709999084472656,41.20500183105469,38.93000030517578,39.7599983215332,1010500,0.0174042593501606
2021-02-19,BHF,40.16999816894531,40.86000061035156,40.060001373291016,40.459999084472656,1250000,0.021529266885404
2021-02-22,BHF,40.09999847412109,42.54499816894531,40.09999847412109,41.40999984741211,1311000,0.0225798951094117
2021-02-23,BHF,41.36000061035156,41.36000061035156,39.40999984741211,40.47999954223633,904100,0.015571688152875
2021-02-24,BHF,40.84000015258789,42.59000015258789,40.619998931884766,42.27999877929688,954000,0.0164311364869403
2021-02-25,BHF,43.09000015258789,43.40999984741211,40.08000183105469,40.27000045776367,727100,0.0125231439619018
2021-02-26,BHF,40.16999816894531,40.79499816894531,39.08000183105469,39.88999938964844,1016200,0.017502432807158
2021-03-01,BHF,41.09999847412109,41.85499954223633,40.85499954223633,41.2599983215332,543500,0.0093609252417736
2021-03-02,BHF,41.15999984741211,41.709999084472656,40.72999954223633,40.9900016784668,590300,0.0101669809939631
2021-03-03,BHF,41.18000030517578,43.0099983215332,40.90999984741211,41.52999877929688,1071800,0.0184600545982208
2021-03-04,BHF,41.630001068115234,42.470001220703125,39.52999877929688,40.72999954223633,888400,0.0153012805607943
2021-03-05,BHF,41.77999877929688,42.630001068115234,39.40999984741211,42.06499862670898,935500,0.0161125033370363
2021-03-08,BHF,42.63999938964844,44.459999084472656,42.2400016784668,43.54999923706055,992000,0.0170856262002566
2021-03-09,BHF,43.34999847412109,43.7400016784668,42.470001220703125,42.869998931884766,893700,0.0153925646523884
2021-03-10,BHF,43.040000915527344,44.38999938964844,42.7400016784668,43.959999084472656,1160600,0.0199894937177599
2021-03-11,BHF,43.9900016784668,44.83000183105469,43.59999847412109,44.33000183105469,826300,0.0142317065819274
2021-03-12,BHF,44.93999862670898,45.34000015258789,44.18999862670898,44.625,732300,0.012612705712145
2021-03-15,BHF,44.709999084472656,45.72999954223633,43.880001068115234,45.63999938964844,997600,0.0171820773159032
2021-03-16,BHF,43.64599990844727,45.91999816894531,43.41999816894531,43.66999816894531,756600,0.0130312346603973
2021-03-17,BHF,44.0099983215332,45.47999954223633,43.9900016784668,45.41999816894531,1001000,0.0172406369218315
2021-03-18,BHF,46.0099983215332,48.290000915527344,45.84999847412109,46.31999969482422,1330600,0.0229174740141748
2021-03-19,BHF,45.72999954223633,46.52000045776367,44.880001068115234,45.59000015258789,1678000,0.0289008878669663
2021-03-22,BHF,45.25,45.66999816894531,44.16999816894531,44.41999816894531,986100,0.0169840080605575
2021-03-23,BHF,43.93999862670898,44.59000015258789,42.18999862670898,42.5,1088400,0.0187459632624589
2021-03-24,BHF,43.16999816894531,43.95000076293945,41.36000061035156,41.470001220703125,882800,0.0152048294451477
2021-03-25,BHF,41.2599983215332,42.83000183105469,40.41999816894531,42.68000030517578,1177000,0.0202719576992964
2021-03-26,BHF,43.43999862670898,43.90999984741211,42.02000045776367,43.2400016784668,725700,0.0124990311829901
2021-03-29,BHF,42.63999938964844,43.54999923706055,41.76499938964844,42.77999877929688,913700,0.0157370329225549
2021-03-30,BHF,43.0,44.7400016784668,43.0,44.040000915527344,762300,0.0131294081173947
2021-03-31,BHF,44.15999984741211,45.31999969482422,43.84999847412109,44.25,821500,0.0141490341970875
2021-04-01,BHF,44.20000076293945,45.470001220703125,44.0,45.43999862670898,468900,0.0080760585940527
2021-04-05,BHF,45.959999084472656,46.56999969482422,45.720001220703125,46.060001373291016,522800,0.0090044005821513
2021-04-06,BHF,46.220001220703125,46.79999923706055,45.81999969482422,46.130001068115234,513300,0.0088407781538223
2021-04-07,BHF,46.22999954223633,46.90999984741211,46.150001525878906,46.77000045776367,438100,0.0075455774579964
2021-04-08,BHF,46.619998931884766,46.68000030517578,45.4900016784668,46.040000915527344,600700,0.0103461044944497
2021-04-09,BHF,46.52000045776367,46.970001220703125,45.790000915527344,46.09000015258789,585200,0.0100791415850707
2021-04-12,BHF,46.5099983215332,47.08000183105469,45.77000045776367,46.650001525878906,949400,0.016351908784802
2021-04-13,BHF,46.119998931884766,46.59999847412109,45.52000045776367,46.380001068115234,699900,0.0120546671144754
2021-04-14,BHF,46.34000015258789,47.84999847412109,45.79999923706055,46.959999084472656,456300,0.0078590435838478
2021-04-15,BHF,47.040000915527344,47.43000030517578,46.52199935913086,46.630001068115234,408600,0.0070374867595008
2021-04-16,BHF,47.0099983215332,47.7599983215332,46.959999084472656,47.400001525878906,394700,0.0067980813117351
2021-04-19,BHF,47.4900016784668,48.18999862670898,46.7400016784668,47.09000015258789,555300,0.0095641615211718
2021-04-20,BHF,46.560001373291016,46.66999816894531,44.65999984741211,44.88999938964844,493000,0.0084911428596033
2021-04-21,BHF,44.560001373291016,45.880001068115234,44.29999923706055,45.650001525878906,493400,0.0084980322250066
2021-04-22,BHF,45.59000015258789,45.72999954223633,44.58000183105469,44.630001068115234,476600,0.0082086788780668
2021-04-23,BHF,44.66999816894531,45.81999969482422,44.38999938964844,45.43999862670898,398300,0.0068600856003651
2021-04-26,BHF,46.18000030517578,46.72999954223633,45.47999954223633,45.68000030517578,572500,0.009860404233515
2021-04-27,BHF,45.119998931884766,46.470001220703125,45.119998931884766,46.34999847412109,472600,0.0081397852240335
2021-04-28,BHF,46.380001068115234,46.95000076293945,46.2599983215332,46.52000045776367,539000,0.0092834198809862
2021-04-29,BHF,47.20000076293945,47.52999877929688,46.380001068115234,47.09999847412109,391600,0.0067446887298593
2021-04-30,BHF,46.68999862670898,47.36000061035156,46.29999923706055,46.790000915527344,649700,0.0111900517563575
2021-05-03,BHF,47.59000015258789,48.04999923706055,47.08000183105469,47.27000045776367,494000,0.0085083662731116
2021-05-04,BHF,47.040000915527344,47.93000030517578,46.540000915527344,47.380001068115234,620500,0.0106871280819145
2021-05-05,BHF,47.38999938964844,48.54999923706055,47.09999847412109,47.93000030517578,593100,0.0102152065517865
2021-05-06,BHF,48.18999862670898,48.9900016784668,47.52000045776367,48.97999954223633,803100,0.0138321233885343
2021-05-07,BHF,47.93000030517578,49.040000915527344,47.77999877929688,48.93000030517578,444500,0.0076558073044496
2021-05-10,BHF,49.27999877929688,49.630001068115234,48.59999847412109,48.91999816894531,1010300,0.0174008146674589
2021-05-11,BHF,47.25,49.63999938964844,47.25,48.470001220703125,956100,0.0164673056553078
2021-05-12,BHF,49.27000045776367,49.90999984741211,47.93000030517578,48.27000045776367,1063800,0.0183222672901542
2021-05-13,BHF,46.209999084472656,49.41999816894531,46.209999084472656,48.88999938964844,1016200,0.017502432807158
2021-05-14,BHF,49.25,49.810001373291016,48.68999862670898,49.41999816894531,784500,0.0135117678972795
2021-05-17,BHF,49.11000061035156,49.619998931884766,48.40999984741211,49.310001373291016,382500,0.0065879556669336
2021-05-18,BHF,49.25,49.98500061035156,48.04800033569336,48.93000030517578,373100,0.0064260555799553
2021-05-19,BHF,48.25,49.380001068115234,47.38999938964844,49.31999969482422,457100,0.0078728223146545
2021-05-20,BHF,49.25,49.25,48.04999923706055,48.540000915527344,396100,0.0068221940906468
2021-05-21,BHF,48.47999954223633,49.400001525878906,43.83000183105469,48.68000030517578,580500,0.0099981915415816
2021-05-24,BHF,48.27000045776367,48.95000076293945,48.02000045776367,48.43999862670898,410100,0.0070633218797633
2021-05-25,BHF,48.59999847412109,49.13999938964844,46.630001068115234,46.75,880000,0.0151566038873244
2021-05-26,BHF,46.650001525878906,47.56999969482422,46.34999847412109,47.47999954223633,629800,0.0108473058275419
2021-05-27,BHF,47.72999954223633,48.790000915527344,47.72999954223633,48.52999877929688,689500,0.0118755436139888
2021-05-28,BHF,48.77999877929688,48.959999084472656,47.43999862670898,48.65999984741211,421300,0.0072562241110565
2021-06-01,BHF,48.880001068115234,49.630001068115234,48.65999984741211,49.36000061035156,490800,0.008453251349885
2021-06-02,BHF,49.47999954223633,49.68000030517578,48.54999923706055,48.630001068115234,566100,0.0097501743870617
2021-06-03,BHF,48.52000045776367,49.36000061035156,48.17499923706055,48.58000183105469,462400,0.0079641064062486
2021-06-04,BHF,48.59000015258789,48.790000915527344,47.720001220703125,48.66999816894531,441000,0.0075955253571705
2021-06-07,BHF,48.869998931884766,49.02000045776367,48.25,48.36000061035156,440600,0.0075886359917672
2021-06-08,BHF,48.0,48.65999984741211,47.2599983215332,48.45000076293945,567200,0.0097691201419209
2021-06-09,BHF,45.82500076293945,47.959999084472656,45.82500076293945,46.27000045776367,914500,0.0157508116533615
2021-06-10,BHF,46.810001373291016,47.17499923706055,45.560001373291016,45.63999938964844,1136700,0.0195778541349109
2021-06-11,BHF,45.88999938964844,46.720001220703125,45.4900016784668,46.650001525878906,561200,0.0096657796608709
2021-06-14,BHF,46.70000076293945,46.959999084472656,45.9900016784668,46.22999954223633,675600,0.0116361381662231
2021-06-15,BHF,46.22999954223633,47.869998931884766,46.02000045776367,47.40999984741211,887400,0.015284057147286
2021-06-16,BHF,46.790000915527344,47.79999923706055,46.58000183105469,47.33000183105469,950800,0.0163760215637137
2021-06-17,BHF,47.83000183105469,47.83000183105469,44.68999862670898,45.36000061035156,1432300,0.0246690951679713
2021-06-18,BHF,44.540000915527344,44.80099868774414,43.369998931884766,43.52000045776367,1790100,0.0308316325212493
2021-06-21,BHF,44.20000076293945,44.93000030517578,44.18999862670898,44.70000076293945,666600,0.0114811274446482
2021-06-22,BHF,44.58000183105469,44.79499816894531,43.68999862670898,44.04999923706055,761400,0.0131139070452372
2021-06-23,BHF,44.18999862670898,44.900001525878906,44.15499877929688,44.27000045776367,385100,0.0066327365420552
2021-06-24,BHF,44.400001525878906,44.88999938964844,43.90999984741211,44.72999954223633,517500,0.0089131164905572
2021-06-25,BHF,44.9900016784668,46.720001220703125,44.83000183105469,46.54999923706055,1008700,0.0173732572058456
2021-06-28,BHF,46.47999954223633,46.47999954223633,44.90999984741211,45.11000061035156,632900,0.0109006984094177
2021-06-29,BHF,45.56999969482422,46.040000915527344,44.72999954223633,44.810001373291016,447800,0.0077126445690271
2021-06-30,BHF,44.77000045776367,45.63999938964844,44.63999938964844,45.540000915527344,512100,0.0088201100576123
2021-07-01,BHF,45.88999938964844,46.4900016784668,45.650001525878906,45.95000076293945,604900,0.0104184428311847
2021-07-02,BHF,45.959999084472656,45.959999084472656,45.31999969482422,45.38999938964844,366300,0.0063089363680987
2021-07-06,BHF,45.09999847412109,45.31999969482422,43.290000915527344,43.66999816894531,733800,0.0126385408324075
2021-07-07,BHF,43.09999847412109,43.77999877929688,42.630001068115234,43.18000030517578,492200,0.0084773641287966
2021-07-08,BHF,42.18000030517578,42.400001525878906,41.0,41.63999938964844,738700,0.0127229355585983
2021-07-09,BHF,42.70000076293945,43.81999969482422,42.54999923706055,43.68000030517578,527500,0.0090853506256404
2021-07-12,BHF,43.150001525878906,44.540000915527344,42.68999862670898,44.16999816894531,409100,0.007046098466255
2021-07-13,BHF,43.93000030517578,44.09999847412109,43.22999954223633,43.40999984741211,343800,0.0059214095641615
2021-07-14,BHF,43.5,44.290000915527344,42.20000076293945,43.060001373291016,589000,0.0101445905564023
2021-07-15,BHF,42.630001068115234,43.75,42.59999847412109,43.34999847412109,395900,0.0068187494079451
2021-07-16,BHF,43.77000045776367,43.77000045776367,42.02999877929688,42.13999938964844,448700,0.0077281456411846
2021-07-19,BHF,40.630001068115234,40.88999938964844,40.02999877929688,40.52000045776367,627900,0.0108145813418761
2021-07-20,BHF,40.54999923706055,42.459999084472656,40.27000045776367,41.95000076293945,850000,0.0146399014820747
2021-07-21,BHF,42.5,43.935001373291016,42.5,43.060001373291016,567800,0.0097794541900259
2021-07-22,BHF,42.900001525878906,42.900001525878906,41.82500076293945,41.97999954223633,359100,0.0061849277908388
2021-07-23,BHF,42.58000183105469,42.77999877929688,41.56999969482422,41.720001220703125,360400,0.0062073182283996
2021-07-26,BHF,41.720001220703125,42.84000015258789,41.720001220703125,42.630001068115234,282400,0.0048638919747504
2021-07-27,BHF,42.060001373291016,42.77000045776367,41.70000076293945,42.220001220703125,265300,0.0045693716037581
2021-07-28,BHF,42.5,43.29999923706055,41.470001220703125,42.790000915527344,284400,0.0048983388017671
2021-07-29,BHF,43.38999938964844,44.060001373291016,43.165000915527344,43.52999877929688,320800,0.00552527105347
2021-07-30,BHF,43.150001525878906,44.06999969482422,43.0,43.060001373291016,372600,0.0064174438732012
2021-08-02,BHF,43.29999923706055,44.720001220703125,42.52000045776367,42.59999847412109,390900,0.0067326323404035
2021-08-03,BHF,42.630001068115234,42.79999923706055,41.02000045776367,42.52999877929688,854800,0.0147225738669146
2021-08-04,BHF,41.79999923706055,42.415000915527344,41.16999816894531,41.470001220703125,696300,0.0119926628258454
2021-08-05,BHF,41.959999084472656,44.11000061035156,41.959999084472656,44.0099983215332,879900,0.0151548815459735
2021-08-06,BHF,44.5,47.220001220703125,44.310001373291016,47.11000061035156,1201800,0.0206990983543028
2021-08-09,BHF,46.72999954223633,47.43999862670898,45.81499862670898,46.66999816894531,830600,0.0143057672600132
2021-08-10,BHF,46.5,47.5,46.24300003051758,46.56999969482422,588500,0.0101359788496482
2021-08-11,BHF,46.720001220703125,48.27999877929688,46.15999984741211,47.869998931884766,700500,0.0120650011625804
2021-08-12,BHF,48.16999816894531,48.209999084472656,47.16999816894531,48.060001373291016,428700,0.0073836773710181
2021-08-13,BHF,48.16999816894531,48.66999816894531,47.52000045776367,48.2599983215332,504100,0.0086823227495457
2021-08-16,BHF,47.59000015258789,47.95000076293945,46.790000915527344,46.97999954223633,505700,0.008709880211159
2021-08-17,BHF,46.400001525878906,47.52000045776367,46.2599983215332,47.16999816894531,476200,0.0082017895126635
2021-08-18,BHF,46.86000061035156,48.0,46.459999084472656,46.630001068115234,529700,0.0091232421353588
2021-08-19,BHF,46.08000183105469,46.68000030517578,45.52999877929688,45.790000915527344,525300,0.0090474591159221
2021-08-20,BHF,45.630001068115234,46.41999816894531,45.369998931884766,46.31999969482422,496400,0.0085497024655316
2021-08-23,BHF,46.63999938964844,47.20000076293945,46.63999938964844,46.720001220703125,383300,0.0066017343977402
2021-08-24,BHF,46.72999954223633,47.869998931884766,46.5,47.72999954223633,521600,0.0089837324859413
2021-08-25,BHF,48.0099983215332,49.29999923706055,47.77999877929688,48.75,379500,0.0065362854264086
2021-08-26,BHF,48.79999923706055,49.06999969482422,47.91999816894531,48.02999877929688,348100,0.0059954702422473
2021-08-27,BHF,47.93999862670898,49.54999923706055,47.81999969482422,49.04999923706055,694700,0.0119651053642321
2021-08-30,BHF,49.04999923706055,49.04999923706055,48.02000045776367,48.2599983215332,382700,0.0065914003496352
2021-08-31,BHF,48.369998931884766,49.209999084472656,48.27000045776367,48.959999084472656,533700,0.0091921357893921
2021-09-01,BHF,48.56999969482422,49.540000915527344,48.33000183105469,49.060001373291016,479700,0.0082620714599426
2021-09-02,BHF,48.66999816894531,49.33000183105469,48.41999816894531,48.7400016784668,435800,0.0075059636069272
2021-09-03,BHF,48.880001068115234,49.18999862670898,48.380001068115234,48.650001525878906,397400,0.0068445845282076
2021-09-07,BHF,48.88999938964844,49.38999938964844,48.52000045776367,48.61000061035156,676800,0.0116568062624331
2021-09-08,BHF,48.2599983215332,48.7599983215332,47.83000183105469,47.93999862670898,450600,0.0077608701268504
2021-09-09,BHF,47.75,48.38999938964844,46.90999984741211,47.22999954223633,714500,0.0123061289516969
2021-09-10,BHF,47.61000061035156,47.959999084472656,45.709999084472656,45.7599983215332,524900,0.0090405697505188
2021-09-13,BHF,46.41999816894531,46.68999862670898,45.810001373291016,46.459999084472656,770100,0.0132637507427597
2021-09-14,BHF,46.5,47.02000045776367,44.27999877929688,44.70000076293945,715800,0.0123285193892577
2021-09-15,BHF,44.68000030517578,45.29499816894531,44.27999877929688,44.93000030517578,736600,0.0126867663902308
2021-09-16,BHF,45.27000045776367,45.41999816894531,44.29999923706055,44.61000061035156,499700,0.0086065397301091
2021-09-17,BHF,44.619998931884766,45.43000030517578,43.86000061035156,44.2400016784668,1863200,0.0320906640487078
2021-09-20,BHF,42.880001068115234,43.02000045776367,40.90999984741211,41.61000061035156,913400,0.0157318658985024
2021-09-21,BHF,41.93000030517578,41.959999084472656,40.52000045776367,41.04999923706055,932800,0.0160660001205638
2021-09-22,BHF,41.75,42.290000915527344,41.34000015258789,41.5,590800,0.0101755927007173
2021-09-23,BHF,42.0,43.77999877929688,41.77999877929688,43.310001373291016,881800,0.0151876060316394
2021-09-24,BHF,43.27999877929688,44.86000061035156,43.27999877929688,44.290000915527344,767800,0.0132241368916905
2021-09-27,BHF,45.0,46.90999984741211,44.810001373291016,46.290000915527344,876800,0.0151014889640977
2021-09-28,BHF,46.810001373291016,47.459999084472656,45.95000076293945,46.04999923706055,665300,0.0114587370070874
2021-09-29,BHF,45.9900016784668,46.47999954223633,45.630001068115234,46.0,444600,0.0076575296458005
2021-09-30,BHF,46.130001068115234,46.380001068115234,45.130001068115234,45.22999954223633,593400,0.0102203735758389
2021-10-01,BHF,45.33000183105469,46.494998931884766,45.20000076293945,46.22999954223633,666700,0.011482849785999
2021-10-04,BHF,46.31999969482422,47.27999877929688,46.02999877929688,46.16999816894531,491600,0.0084670300806916
2021-10-05,BHF,44.244998931884766,47.70000076293945,44.244998931884766,47.34999847412109,614100,0.0105768982354612
2021-10-06,BHF,46.83000183105469,47.459999084472656,46.220001220703125,47.27999877929688,767000,0.0132103581608839
2021-10-07,BHF,45.68999862670898,48.95000076293945,45.68999862670898,48.560001373291016,575900,0.0099189638394433
2021-10-08,BHF,48.72999954223633,49.75,48.40999984741211,49.34999847412109,496700,0.0085548694895841
2021-10-11,BHF,49.75,50.959999084472656,49.63999938964844,50.09000015258789,488900,0.0084205268642192
2021-10-12,BHF,50.150001525878906,50.7400016784668,49.33000183105469,49.84999847412109,530300,0.0091335761834638
2021-10-13,BHF,49.650001525878906,49.869998931884766,48.38999938964844,49.09000015258789,440200,0.0075817466263638
2021-10-14,BHF,49.47999954223633,50.08000183105469,49.27000045776367,49.84000015258789,328700,0.0056613360201858
2021-10-15,BHF,50.09000015258789,50.89699935913086,49.310001373291016,49.34999847412109,376200,0.0064794481618311
2021-10-18,BHF,49.15999984741211,50.08000183105469,48.959999084472656,49.9900016784668,439000,0.0075610785301538
2021-10-19,BHF,50.56999969482422,50.709999084472656,49.9900016784668,50.65999984741211,325000,0.005597609390205
2021-10-20,BHF,50.59999847412109,52.630001068115234,50.52000045776367,51.84000015258789,866300,0.0149206431222604
2021-10-21,BHF,51.59000015258789,52.2869987487793,51.310001373291016,52.09999847412109,531400,0.0091525219383229
2021-10-22,BHF,52.20000076293945,52.68999862670898,51.70000076293945,52.43999862670898,424000,0.007302727327529
2021-10-25,BHF,52.540000915527344,52.93000030517578,52.27000045776367,52.400001525878906,369500,0.0063640512913254
2021-10-26,BHF,52.56999969482422,52.900001525878906,52.15999984741211,52.34000015258789,329000,0.0056665030442383
2021-10-27,BHF,51.93000030517578,52.5099983215332,50.84999847412109,50.900001525878906,516200,0.0088907260529964
2021-10-28,BHF,50.959999084472656,51.58000183105469,50.900001525878906,51.43999862670898,305800,0.0052669198508452
2021-10-29,BHF,51.02999877929688,51.77000045776367,49.5,50.22999954223633,599100,0.0103185470328364
2021-11-01,BHF,50.630001068115234,52.18999862670898,50.5,52.09999847412109,402700,0.0069358686198017
2021-11-02,BHF,52.150001525878906,52.150001525878906,51.34999847412109,51.720001220703125,391300,0.0067395217058068
2021-11-03,BHF,51.25,53.810001373291016,51.15999984741211,53.34000015258789,442600,0.0076230828187838
2021-11-04,BHF,53.34999847412109,53.560001373291016,51.900001525878906,52.619998931884766,656400,0.0113054486268633
2021-11-05,BHF,56.06999969482422,56.900001525878906,52.09999847412109,53.959999084472656,793600,0.0136685009602053
2021-11-08,BHF,54.02999877929688,54.6349983215332,53.20000076293945,53.47999954223633,448900,0.0077315903238862
2021-11-09,BHF,53.130001068115234,53.47499847412109,51.380001068115234,52.130001068115234,470900,0.0081105054210694
2021-11-10,BHF,52.18999862670898,54.0,52.18000030517578,53.20000076293945,500000,0.0086117067541616
2021-11-11,BHF,53.11000061035156,54.31999969482422,52.72999954223633,54.0099983215332,442700,0.0076248051601346
2021-11-12,BHF,53.79999923706055,54.70000076293945,53.060001373291016,54.560001373291016,588600,0.010137701190999
2021-11-15,BHF,55.13999938964844,55.85499954223633,54.66999816894531,55.369998931884766,978900,0.0168599994832975
2021-11-16,BHF,55.63999938964844,55.93000030517578,54.81999969482422,54.90999984741211,484700,0.0083481885274842
2021-11-17,BHF,54.540000915527344,54.720001220703125,53.45000076293945,53.7400016784668,473300,0.0081518416134893
2021-11-18,BHF,53.59000015258789,53.869998931884766,52.60699844360352,53.310001373291016,380500,0.0065535088399169
2021-11-19,BHF,52.58000183105469,52.63999938964844,51.810001373291016,52.380001068115234,516000,0.0088872813702947
2021-11-22,BHF,53.18000030517578,53.9900016784668,52.619998931884766,52.93999862670898,411000,0.0070788229519208
2021-11-23,BHF,53.20000076293945,53.72999954223633,52.75,53.58000183105469,374000,0.0064415566521128
2021-11-24,BHF,53.40999984741211,54.38999938964844,52.58000183105469,53.06999969482422,310900,0.0053547592597376
2021-11-26,BHF,50.369998931884766,51.209999084472656,48.810001373291016,50.63999938964844,663000,0.0114191231560182
2021-11-29,BHF,51.52999877929688,52.20000076293945,49.5099983215332,50.31999969482422,490000,0.0084394726190783
2021-11-30,BHF,49.560001373291016,49.810001373291016,47.869998931884766,48.61000061035156,775200,0.0133515901516521
2021-12-01,BHF,49.93000030517578,50.5,46.959999084472656,46.9900016784668,649900,0.0111934964390592
2021-12-02,BHF,47.43000030517578,49.619998931884766,47.08000183105469,49.27999877929688,646600,0.0111366591744817
2021-12-03,BHF,49.29999923706055,50.06999969482422,48.54999923706055,48.970001220703125,564500,0.0097226169254484
2021-12-06,BHF,49.65999984741211,51.290000915527344,49.459999084472656,50.81999969482422,783300,0.0134910998010695
2021-12-07,BHF,51.220001220703125,51.70000076293945,50.540000915527344,50.93000030517578,498700,0.0085893163166007
2021-12-08,BHF,51.130001068115234,51.63999938964844,50.72999954223633,50.79999923706055,367100,0.0063227150989054
2021-12-09,BHF,50.209999084472656,51.48500061035156,50.02000045776367,51.2599983215332,322000,0.00554593914968
2021-12-10,BHF,51.4900016784668,51.79999923706055,50.130001068115234,51.40999984741211,385500,0.0066396259074585
2021-12-13,BHF,51.0890007019043,51.0890007019043,49.459999084472656,49.54999923706055,475400,0.0081880107818568
2021-12-14,BHF,49.77999877929688,51.04999923706055,49.334999084472656,50.41999816894531,933600,0.0160797788513705
2021-12-15,BHF,50.43999862670898,50.755001068115234,49.06999969482422,50.68999862670898,620400,0.0106854057405637
2021-12-16,BHF,51.5099983215332,52.0099983215332,50.5,50.650001525878906,567000,0.0097656754592192
2021-12-17,BHF,50.58000183105469,50.95000076293945,48.8849983215332,50.540000915527344,2734600,0.0470991465798606
2021-12-20,BHF,49.68000030517578,49.68000030517578,46.82500076293945,47.63999938964844,1180200,0.020327072622523
2021-12-21,BHF,48.38999938964844,50.70000076293945,48.38999938964844,50.68999862670898,645700,0.0111211581023242
2021-12-22,BHF,50.68999862670898,51.775001525878906,50.32500076293945,51.66999816894531,483800,0.0083326874553267
2021-12-23,BHF,52.27000045776367,53.06900024414063,52.16999816894531,52.22999954223633,390100,0.0067188536095968
2021-12-27,BHF,52.150001525878906,52.869998931884766,51.25,52.84999847412109,407000,0.0070099292978875
2021-12-28,BHF,52.91999816894531,53.84999847412109,52.150001525878906,52.84000015258789,403500,0.0069496473506084
2021-12-29,BHF,52.84000015258789,53.165000915527344,52.47999954223633,52.93000030517578,445300,0.0076695860352563
2021-12-30,BHF,52.56999969482422,53.540000915527344,52.06999969482422,52.06999969482422,355600,0.0061246458435597
2021-12-31,BHF,52.0,52.470001220703125,51.720001220703125,51.79999923706055,401100,0.0069083111581884
2022-01-03,BHF,52.20000076293945,53.68999862670898,52.0,53.25,541000,0.0093178667080028
2022-01-04,BHF,54.56999969482422,57.18899917602539,54.56999969482422,56.70000076293945,1037800,0.0178744585389378
2022-01-05,BHF,56.08000183105469,56.40999984741211,53.56999969482422,53.70000076293945,782900,0.0134842104356662
2022-01-06,BHF,55.0099983215332,55.43999862670898,53.79999923706055,55.2599983215332,657300,0.0113209496990208
2022-01-07,BHF,55.9900016784668,56.93999862670898,55.52000045776367,56.16999816894531,525900,0.0090577931640271
2022-01-10,BHF,56.86000061035156,57.380001068115234,55.0099983215332,55.72999954223633,692900,0.0119341032199171
2022-01-11,BHF,56.34999847412109,57.150001525878906,55.11000061035156,57.150001525878906,464000,0.0079916638678619
2022-01-12,BHF,57.4900016784668,57.8650016784668,56.57500076293945,56.75,828900,0.0142764874570491
2022-01-13,BHF,57.09000015258789,58.22999954223633,57.04999923706055,57.22999954223633,568300,0.00978806589678
2022-01-14,BHF,56.47999954223633,58.27999877929688,55.70000076293945,58.18000030517578,662200,0.0114053444252116
2022-01-18,BHF,57.79999923706055,57.9109992980957,55.93000030517578,55.95000076293945,453100,0.0078039286606212
2022-01-19,BHF,56.88999938964844,56.88999938964844,55.63999938964844,55.68999862670898,660300,0.0113726199395458
2022-01-20,BHF,55.68999862670898,57.04999923706055,55.11000061035156,55.25,534900,0.009212803885602
2022-01-21,BHF,55.150001525878906,55.709999084472656,52.31999969482422,52.59000015258789,628400,0.0108231930486303
2022-01-24,BHF,51.310001373291016,52.83000183105469,49.15999984741211,52.61000061035156,878300,0.0151273240843602
2022-01-25,BHF,51.72999954223633,54.095001220703125,50.619998931884766,53.56999969482422,645800,0.0111228804436751
2022-01-26,BHF,54.15999984741211,55.48799896240234,53.02999877929688,53.75,833800,0.0143608821832398
2022-01-27,BHF,55.20500183105469,55.59000015258789,52.380001068115234,52.79999923706055,530000,0.0091284091594113
2022-01-28,BHF,52.310001373291016,52.619998931884766,50.959999084472656,52.470001220703125,505900,0.0087133248938607
2022-01-31,BHF,51.68999862670898,54.68999862670898,51.65999984741211,54.45000076293945,735400,0.0126660982940208
2022-02-01,BHF,54.560001373291016,56.34000015258789,54.15999984741211,56.150001525878906,555600,0.0095693285452243
2022-02-02,BHF,55.95000076293945,57.27000045776367,55.540000915527344,57.09999847412109,571300,0.009839736137305
2022-02-03,BHF,56.63999938964844,57.900001525878906,55.86000061035156,55.959999084472656,625900,0.0107801345148595
2022-02-04,BHF,56.33000183105469,58.43999862670898,56.16999816894531,57.79999923706055,982100,0.0169151144065242
2022-02-07,BHF,57.83000183105469,59.5,57.83000183105469,59.0,729500,0.0125644801543217
2022-02-08,BHF,59.65999984741211,60.77000045776367,58.619998931884766,59.68000030517578,765200,0.0131793560165689
2022-02-09,BHF,59.90999984741211,60.9900016784668,59.29999923706055,59.43999862670898,548500,0.0094470423093152
2022-02-10,BHF,59.52000045776367,62.33000183105469,59.380001068115234,60.130001068115234,1031300,0.0177625063511337
2022-02-11,BHF,60.38999938964844,60.900001525878906,56.65999984741211,57.29999923706055,1237800,0.0213191412406024
2022-02-14,BHF,57.040000915527344,57.70000076293945,55.33000183105469,55.75,1133600,0.0195244615530351
2022-02-15,BHF,56.7599983215332,58.27000045776367,56.7599983215332,57.58000183105469,536300,0.0092369166645137
2022-02-16,BHF,56.97999954223633,58.369998931884766,56.75,57.45000076293945,654200,0.011267557117145
2022-02-17,BHF,56.40999984741211,57.0,55.14500045776367,55.66999816894531,537600,0.0092593071020745
2022-02-18,BHF,55.54999923706055,56.16999816894531,54.7400016784668,55.040000915527344,653300,0.0112520560449875
2022-02-22,BHF,54.290000915527344,55.33000183105469,53.209999084472656,53.47999954223633,656700,0.0113106156509158
2022-02-23,BHF,54.2400016784668,54.9900016784668,52.7599983215332,52.880001068115234,757100,0.0130398463671515
2022-02-24,BHF,50.5,52.20000076293945,50.0,52.06999969482422,671900,0.0115724115362423
2022-02-25,BHF,52.65999984741211,54.33000183105469,52.65999984741211,54.130001068115234,563800,0.0097105605359926
2022-02-28,BHF,52.619998931884766,52.68999862670898,51.560001373291016,52.2599983215332,806300,0.013887238311761
2022-03-01,BHF,51.150001525878906,51.5099983215332,47.52999877929688,48.060001373291016,942500,0.0162330672315946
2022-03-02,BHF,48.47999954223633,50.720001220703125,48.47999954223633,50.34000015258789,792400,0.0136478328639953
2022-03-03,BHF,50.59999847412109,51.0,48.959999084472656,49.77999877929688,614100,0.0105768982354612
2022-03-04,BHF,48.29999923706055,48.36000061035156,46.54999923706055,47.060001373291016,675700,0.0116378605075739
2022-03-07,BHF,46.0,46.43999862670898,43.38999938964844,43.43000030517578,810500,0.0139595766484959
2022-03-08,BHF,43.880001068115234,45.97999954223633,42.16999816894531,44.15999984741211,1298500,0.0223646024405576
2022-03-09,BHF,46.27999877929688,47.650001525878906,46.08000183105469,46.75,728400,0.0125455343994626
2022-03-10,BHF,45.540000915527344,47.06499862670898,45.52000045776367,46.400001525878906,511800,0.0088149430335598
2022-03-11,BHF,47.08000183105469,47.720001220703125,46.15999984741211,46.209999084472656,424600,0.007313061375634
2022-03-14,BHF,47.209999084472656,48.15499877929688,46.68000030517578,47.060001373291016,698200,0.0120253873115112
2022-03-15,BHF,47.2599983215332,48.095001220703125,46.91999816894531,47.650001525878906,547000,0.0094212071890527
2022-03-16,BHF,48.43999862670898,50.59999847412109,47.91999816894531,50.5,708900,0.0122096778360503
2022-03-17,BHF,49.77999877929688,50.80500030517578,49.459999084472656,50.72999954223633,610400,0.0105131716054804
2022-03-18,BHF,49.77999877929688,50.77000045776367,49.400001525878906,50.68000030517578,1073100,0.0184824450357816
2022-03-21,BHF,51.40999984741211,51.43000030517578,49.7400016784668,50.15999984741211,559900,0.0096433892233101
2022-03-22,BHF,50.970001220703125,52.40999984741211,50.970001220703125,52.060001373291016,553500,0.0095331593768569
2022-03-23,BHF,51.34999847412109,52.0099983215332,51.09000015258789,51.33000183105469,506500,0.0087236589419657
2022-03-24,BHF,51.810001373291016,52.540000915527344,51.25,52.25,499100,0.0085962056820041
2022-03-25,BHF,52.400001525878906,53.959999084472656,52.25,53.869998931884766,443700,0.007642028573643
2022-03-28,BHF,54.06999969482422,54.06999969482422,52.91999816894531,53.869998931884766,574700,0.0098982957432333
2022-03-29,BHF,54.88999938964844,55.31999969482422,53.18000030517578,53.88999938964844,522400,0.008997511216748
2022-03-30,BHF,53.619998931884766,54.0,51.97999954223633,52.22999954223633,485300,0.0083585225755892
2022-03-31,BHF,51.91999816894531,53.1879997253418,51.63999938964844,51.65999984741211,546400,0.0094108731409478
2022-04-01,BHF,52.29999923706055,52.84000015258789,51.81999969482422,52.40999984741211,486400,0.0083774683304484
2022-04-04,BHF,51.91999816894531,52.18999862670898,50.7400016784668,51.43000030517578,536700,0.009243806029917
2022-04-05,BHF,51.7599983215332,52.310001373291016,51.34000015258789,51.810001373291016,453700,0.0078142627087262
2022-04-06,BHF,51.810001373291016,51.810001373291016,50.93999862670898,51.2599983215332,623300,0.0107353536397378
2022-04-07,BHF,51.02000045776367,51.275001525878906,48.400001525878906,49.29999923706055,765700,0.013187967723323
2022-04-08,BHF,49.5099983215332,51.584999084472656,49.09000015258789,51.29999923706055,610100,0.0105080045814279
2022-04-11,BHF,51.16999816894531,52.75,51.16999816894531,51.56999969482422,569400,0.0098070116516392
2022-04-12,BHF,52.68999862670898,53.125,50.84999847412109,51.459999084472656,599200,0.0103202693741872
2022-04-13,BHF,50.959999084472656,53.2400016784668,50.66999816894531,53.130001068115234,450100,0.0077522584200962
2022-04-14,BHF,53.2599983215332,54.130001068115234,52.959999084472656,53.43000030517578,417700,0.0071942198224266
2022-04-18,BHF,52.93999862670898,54.04999923706055,52.93999862670898,53.380001068115234,517400,0.0089113941492064
2022-04-19,BHF,53.66999816894531,55.810001373291016,53.66999816894531,55.560001373291016,487600,0.0083981364266584
2022-04-20,BHF,56.130001068115234,56.84999847412109,56.130001068115234,56.61000061035156,356800,0.0061453139397697
2022-04-21,BHF,57.060001373291016,57.54999923706055,55.34000015258789,55.75,416300,0.0071701070435149
2022-04-22,BHF,55.56999969482422,55.56999969482422,53.40999984741211,53.52000045776367,435600,0.0075025189242255
2022-04-25,BHF,52.93999862670898,53.69499969482422,51.02999877929688,53.63999938964844,509600,0.0087770515238415
2022-04-26,BHF,52.59999847412109,52.79499816894531,50.810001373291016,50.880001068115234,646100,0.0111280474677276
2022-04-27,BHF,50.77000045776367,52.27999877929688,50.4900016784668,51.540000915527344,640300,0.0110281516693793
2022-04-28,BHF,52.13999938964844,52.81999969482422,50.83000183105469,52.70000076293945,431100,0.0074250135634381
2022-04-29,BHF,52.25,53.33000183105469,51.130001068115234,51.36000061035156,467400,0.0080502234737902
2022-05-02,BHF,51.40999984741211,52.56999969482422,50.9900016784668,52.560001373291016,591100,0.0101807597247698
2022-05-03,BHF,52.650001525878906,54.470001220703125,52.2599983215332,53.130001068115234,536500,0.0092403613472154
2022-05-04,BHF,53.33000183105469,55.90999984741211,52.72999954223633,55.75,547900,0.0094367082612102
2022-05-05,BHF,55.209999084472656,55.209999084472656,52.13999938964844,53.4900016784668,640800,0.0110367633761335
2022-05-06,BHF,53.380001068115234,53.446998596191406,51.46500015258789,52.11000061035156,625900,0.0107801345148595
2022-05-09,BHF,51.36000061035156,52.0,50.150001525878906,51.11000061035156,696800,0.0120012745325996
2022-05-10,BHF,50.5,50.84999847412109,46.060001373291016,47.2400016784668,1380400,0.0237752000068893
2022-05-11,BHF,46.97999954223633,48.790000915527344,44.56999969482422,44.720001220703125,971700,0.0167359909060376
2022-05-12,BHF,44.540000915527344,44.7599983215332,41.70000076293945,43.29999923706055,1329400,0.0228968059179648
2022-05-13,BHF,43.93000030517578,46.13999938964844,43.70500183105469,45.810001373291016,720700,0.0124129141154485
2022-05-16,BHF,45.619998931884766,46.77999877929688,45.150001525878906,46.34000015258789,912900,0.0157232541917482
2022-05-17,BHF,47.650001525878906,49.040000915527344,47.34999847412109,48.900001525878906,530100,0.0091301315007621
2022-05-18,BHF,48.77999877929688,48.93000030517578,46.650001525878906,46.810001373291016,512000,0.0088183877162614
2022-05-19,BHF,46.09999847412109,47.11000061035156,45.27000045776367,45.77999877929688,617600,0.0106371801827404
2022-05-20,BHF,46.27999877929688,46.63999938964844,44.56999969482422,45.869998931884766,435200,0.0074956295588222
2022-05-23,BHF,46.7400016784668,47.59000015258789,46.220001220703125,46.43999862670898,666400,0.0114776827619465
2022-05-24,BHF,46.18000030517578,46.2400016784668,44.400001525878906,45.86000061035156,477700,0.008227624632926
2022-05-25,BHF,45.84000015258789,47.47999954223633,45.060001373291016,47.20000076293945,399600,0.0068824760379259
2022-05-26,BHF,47.34000015258789,48.915000915527344,47.34000015258789,48.45000076293945,341100,0.005874906347689
2022-05-27,BHF,48.83000183105469,49.70000076293945,48.720001220703125,49.70000076293945,403100,0.006942757985205
2022-05-31,BHF,49.02000045776367,49.970001220703125,48.59999847412109,49.119998931884766,669000,0.0115224636370682
2022-06-01,BHF,49.06999969482422,49.47999954223633,47.72999954223633,48.560001373291016,497400,0.0085669258790399
2022-06-02,BHF,48.400001525878906,49.22999954223633,48.09999847412109,49.02000045776367,415500,0.0071563283127082
2022-06-03,BHF,48.77999877929688,49.65999984741211,47.5099983215332,47.75,352400,0.0060695309203331
2022-06-06,BHF,48.7599983215332,50.209999084472656,48.10499954223633,49.25,519500,0.0089475633175739
2022-06-07,BHF,48.59999847412109,49.73500061035156,48.29999923706055,49.650001525878906,371100,0.0063916087529387
2022-06-08,BHF,49.310001373291016,49.63999938964844,48.77999877929688,49.09000015258789,300200,0.0051704687351986
2022-06-09,BHF,48.68999862670898,49.0,46.91999816894531,46.93999862670898,371200,0.0063933310942895
2022-06-10,BHF,45.36000061035156,46.27000045776367,43.91999816894531,43.97999954223633,547800,0.0094349859198594
2022-06-13,BHF,42.25,42.869998931884766,40.70000076293945,41.0,730200,0.0125765365437776
2022-06-14,BHF,41.459999084472656,42.0,41.0,41.66999816894531,874900,0.0150687644784319
2022-06-15,BHF,42.5099983215332,43.0,41.31999969482422,42.2400016784668,734700,0.012654041904565
2022-06-16,BHF,41.0,41.09999847412109,38.81999969482422,39.290000915527344,1076600,0.0185427269830607
2022-06-17,BHF,39.34999847412109,41.0099983215332,39.060001373291016,40.630001068115234,1576600,0.0271544337372223
2022-06-21,BHF,42.34000015258789,42.75,41.150001525878906,41.70000076293945,1101300,0.0189681452967163
2022-06-22,BHF,40.77999877929688,41.65999984741211,40.125,41.41999816894531,949200,0.0163484641021003
2022-06-23,BHF,41.2599983215332,41.310001373291016,39.470001220703125,40.27999877929688,514700,0.0088648909327339
2022-06-24,BHF,40.70000076293945,42.41999816894531,40.70000076293945,42.16999816894531,1294700,0.022299153469226
2022-06-27,BHF,42.25,42.36000061035156,41.43999862670898,41.630001068115234,727900,0.0125369226927084
2022-06-28,BHF,42.25,43.22999954223633,41.72999954223633,41.84000015258789,1011600,0.0174232051050197
2022-06-29,BHF,41.31999969482422,42.22999954223633,40.970001220703125,41.31999969482422,899600,0.0154941827920875
2022-06-30,BHF,40.34999847412109,41.40999984741211,39.00400161743164,41.02000045776367,1053500,0.0181448661310185
2022-07-01,BHF,40.81999969482422,42.790000915527344,40.81999969482422,42.61000061035156,1066700,0.0183722151893283
2022-07-05,BHF,41.709999084472656,41.709999084472656,40.4900016784668,41.400001525878906,739800,0.0127418813134575
2022-07-06,BHF,40.81999969482422,41.43000030517578,39.52999877929688,39.95000076293945,1344200,0.023151712437888
2022-07-07,BHF,41.130001068115234,41.53499984741211,40.43999862670898,40.59000015258789,744600,0.0128245536982974
2022-07-08,BHF,40.5099983215332,41.09000015258789,40.25,40.540000915527344,567300,0.0097708424832717
2022-07-11,BHF,39.66999816894531,40.72999954223633,39.650001525878906,40.61000061035156,496400,0.0085497024655316
2022-07-12,BHF,40.20000076293945,42.33000183105469,40.18999862670898,41.41999816894531,582300,0.0100291936858966
2022-07-13,BHF,40.77999877929688,40.77999877929688,39.2400016784668,39.97999954223633,786100,0.0135393253588928
2022-07-14,BHF,38.59999847412109,39.43000030517578,38.380001068115234,38.970001220703125,531300,0.0091507995969721
2022-07-15,BHF,39.77999877929688,40.44400024414063,39.02999877929688,40.08000183105469,463700,0.0079864968438094
2022-07-18,BHF,40.869998931884766,41.39500045776367,39.970001220703125,40.18999862670898,473600,0.0081570086375418
2022-07-19,BHF,41.04999923706055,42.02000045776367,40.9900016784668,41.650001525878906,410600,0.0070719335865175
2022-07-20,BHF,41.25,42.17499923706055,41.060001373291016,41.970001220703125,471500,0.0081208394691743
2022-07-21,BHF,41.540000915527344,42.060001373291016,40.97999954223633,42.0099983215332,358800,0.0061797607667863
2022-07-22,BHF,42.2400016784668,42.5099983215332,41.06999969482422,41.63999938964844,294700,0.0050757399609028
2022-07-25,BHF,41.869998931884766,42.5,41.77000045776367,42.33000183105469,401100,0.0069083111581884
2022-07-26,BHF,41.84000015258789,42.27999877929688,41.34999847412109,41.459999084472656,423200,0.0072889485967223
2022-07-27,BHF,42.0,42.900001525878906,41.790000915527344,42.66999816894531,360700,0.0062124852524521
2022-07-28,BHF,42.41999816894531,42.93000030517578,41.72999954223633,42.650001525878906,421900,0.0072665581591615
2022-07-29,BHF,42.72999954223633,44.0,42.720001220703125,43.41999816894531,680800,0.0117256999164664
2022-08-01,BHF,42.90999984741211,43.5,42.34000015258789,43.209999084472656,494100,0.0085100886144625
2022-08-02,BHF,42.9900016784668,43.2400016784668,42.27000045776367,42.290000915527344,470800,0.0081087830797185
2022-08-03,BHF,42.79999923706055,44.0,42.650001525878906,43.84999847412109,907400,0.0156285254174524
2022-08-04,BHF,43.77000045776367,44.02999877929688,42.45000076293945,42.5,891500,0.0153546731426701
2022-08-05,BHF,48.72999954223633,48.72999954223633,44.79999923706055,45.130001068115234,1141000,0.0196519148129967
2022-08-08,BHF,45.61000061035156,46.61000061035156,45.494998931884766,45.88999938964844,860700,0.0148241920066137
2022-08-09,BHF,46.0,46.93999862670898,45.790000915527344,46.869998931884766,723900,0.0124680290386751
2022-08-10,BHF,47.709999084472656,48.63999938964844,47.53499984741211,48.150001525878906,425500,0.0073285624477915
2022-08-11,BHF,48.91999816894531,49.56999969482422,48.79999923706055,49.5099983215332,743400,0.0128038856020874
2022-08-12,BHF,49.7599983215332,50.45000076293945,49.29999923706055,50.38999938964844,413600,0.0071236038270424
2022-08-15,BHF,49.43000030517578,50.19499969482422,49.36000061035156,49.91999816894531,366700,0.0063158257335021
2022-08-16,BHF,49.77999877929688,50.79999923706055,49.77999877929688,50.61000061035156,434100,0.0074766838039631
2022-08-17,BHF,49.90999984741211,50.61000061035156,49.56999969482422,50.31999969482422,622200,0.0107164078848787
2022-08-18,BHF,50.18999862670898,51.540000915527344,50.165000915527344,51.31999969482422,416800,0.0071787187502691
2022-08-19,BHF,50.77999877929688,50.970001220703125,49.43000030517578,49.58000183105469,351400,0.0060523075068247
2022-08-22,BHF,48.470001220703125,48.79499816894531,48.220001220703125,48.34000015258789,417800,0.0071959421637774
2022-08-23,BHF,48.34000015258789,49.09000015258789,48.34000015258789,48.4900016784668,529100,0.0091129080872538
2022-08-24,BHF,48.27000045776367,49.16999816894531,48.15999984741211,48.88999938964844,298100,0.0051342995668311
2022-08-25,BHF,49.06999969482422,50.869998931884766,48.62799835205078,50.47999954223633,312600,0.0053840390627018
2022-08-26,BHF,50.59000015258789,50.834999084472656,48.380001068115234,48.45000076293945,381100,0.0065638428880219
2022-08-29,BHF,47.880001068115234,48.540000915527344,47.619998931884766,48.09000015258789,366500,0.0063123810508004
2022-08-30,BHF,48.11000061035156,48.22999954223633,47.369998931884766,47.72999954223633,356900,0.0061470362811205
2022-08-31,BHF,47.95000076293945,48.18000030517578,47.34000015258789,47.54999923706055,418200,0.0072028315291807
2022-09-01,BHF,47.5099983215332,47.5099983215332,46.220001220703125,47.2400016784668,398200,0.0068583632590143
2022-09-02,BHF,48.220001220703125,48.540000915527344,46.59999847412109,46.880001068115234,504600,0.0086909344562998
2022-09-06,BHF,47.09000015258789,47.5099983215332,46.06499862670898,46.66999816894531,580300,0.0099947468588799
2022-09-07,BHF,46.63999938964844,47.900001525878906,46.29999923706055,47.79999923706055,514600,0.0088631685913831
2022-09-08,BHF,47.5,48.68000030517578,47.290000915527344,48.54999923706055,354000,0.0060970883819464
2022-09-09,BHF,49.130001068115234,50.75,49.130001068115234,50.720001220703125,576100,0.009922408522145
2022-09-12,BHF,50.91999816894531,52.02999877929688,50.72100067138672,50.959999084472656,425700,0.0073320071304931
2022-09-13,BHF,49.65999984741211,50.48099899291992,49.150001525878906,49.2400016784668,477800,0.0082293469742768
2022-09-14,BHF,49.4900016784668,49.58200073242188,48.220001220703125,49.06999969482422,414800,0.0071442719232524
2022-09-15,BHF,49.18000030517578,50.06499862670898,48.8650016784668,49.27000045776367,584000,0.0100584734888607
2022-09-16,BHF,48.77999877929688,48.77999877929688,47.58000183105469,47.880001068115234,1753400,0.0301995332454939
2022-09-19,BHF,47.02999877929688,49.25,47.02999877929688,49.209999084472656,543600,0.0093626475831245
2022-09-20,BHF,48.68999862670898,48.959999084472656,48.13999938964844,48.650001525878906,463200,0.0079778851370553
2022-09-21,BHF,48.869998931884766,49.720001220703125,48.11000061035156,48.130001068115234,366300,0.0063089363680987
2022-09-22,BHF,48.27000045776367,48.27000045776367,46.59000015258789,46.90999984741211,495800,0.0085393684174266
2022-09-23,BHF,46.0099983215332,46.369998931884766,44.130001068115234,44.68000030517578,580200,0.0099930245175291
2022-09-26,BHF,43.970001220703125,44.91999816894531,43.2599983215332,43.45000076293945,518000,0.0089217281973114
2022-09-27,BHF,43.77000045776367,44.290000915527344,42.32500076293945,42.81999969482422,704900,0.012140784182017
2022-09-28,BHF,42.59999847412109,44.790000915527344,42.5,44.52999877929688,643700,0.0110867112753076
2022-09-29,BHF,43.7400016784668,43.83000183105469,42.65999984741211,43.810001373291016,699900,0.0120546671144754
2022-09-30,BHF,43.810001373291016,44.619998931884766,43.31999969482422,43.41999816894531,537100,0.0092506953953203
2022-10-03,BHF,44.09000015258789,45.31999969482422,43.209999084472656,45.11000061035156,446200,0.0076850871074138
2022-10-04,BHF,45.90999984741211,48.58000183105469,45.90999984741211,48.56999969482422,856800,0.0147570206939313
2022-10-05,BHF,47.54999923706055,48.38999938964844,47.15999984741211,48.2599983215332,384000,0.0066137907871961
2022-10-06,BHF,47.540000915527344,48.41999816894531,47.540000915527344,48.290000915527344,437300,0.0075317987271897
2022-10-07,BHF,47.54999923706055,47.959999084472656,46.400001525878906,46.9900016784668,601200,0.0103547162012039
2022-10-10,BHF,47.27000045776367,47.630001068115234,46.400001525878906,46.93000030517578,308700,0.0053168677500193
2022-10-11,BHF,46.40999984741211,47.880001068115234,46.22999954223633,46.81999969482422,737300,0.0126988227796867
2022-10-12,BHF,46.52000045776367,47.45000076293945,45.720001220703125,46.709999084472656,731300,0.0125954822986367
2022-10-13,BHF,46.09999847412109,49.0099983215332,45.43999862670898,48.93000030517578,576300,0.0099258532048466
2022-10-14,BHF,49.400001525878906,50.04999923706055,48.11000061035156,48.630001068115234,434000,0.0074749614626122
2022-10-17,BHF,49.91999816894531,50.27999877929688,49.400001525878906,49.84000015258789,593200,0.0102169288931373
2022-10-18,BHF,51.310001373291016,51.880001068115234,50.880001068115234,51.41999816894531,589700,0.0101566469458581
2022-10-19,BHF,50.66999816894531,51.66999816894531,49.68999862670898,50.56999969482422,379500,0.0065362854264086
2022-10-20,BHF,50.77000045776367,51.1349983215332,49.5,49.77999877929688,425600,0.0073302847891423
2022-10-21,BHF,50.0099983215332,52.52999877929688,49.91999816894531,52.150001525878906,721300,0.0124232481635535
2022-10-24,BHF,52.33000183105469,53.17499923706055,52.130001068115234,52.880001068115234,395900,0.0068187494079451
2022-10-25,BHF,52.41999816894531,54.41999816894531,52.29999923706055,53.970001220703125,508900,0.0087649951343856
2022-10-26,BHF,54.25,54.95000076293945,54.06999969482422,54.54999923706055,494900,0.0085238673452691
2022-10-27,BHF,55.09000015258789,55.5,54.27000045776367,54.43000030517578,363700,0.0062641554929771
2022-10-28,BHF,54.560001373291016,57.380001068115234,54.560001373291016,57.15999984741211,681800,0.0117429233299747
2022-10-31,BHF,56.560001373291016,57.68999862670898,56.34000015258789,57.06999969482422,506300,0.008720214259264
2022-11-01,BHF,57.43000030517578,58.400001525878906,57.09999847412109,57.709999084472656,790000,0.0136064966715753
2022-11-02,BHF,57.150001525878906,58.0,56.09999847412109,56.369998931884766,557100,0.0095951636654868
2022-11-03,BHF,54.61000061035156,54.76499938964844,52.900001525878906,54.040000915527344,721500,0.0124266928462552
2022-11-04,BHF,55.27000045776367,56.33000183105469,54.685001373291016,56.040000915527344,620600,0.0106888504232653
2022-11-07,BHF,56.18000030517578,56.6349983215332,55.7599983215332,56.43999862670898,714300,0.0123026842689952
2022-11-08,BHF,54.5,54.5,50.75,52.2400016784668,1441800,0.0248327175963004
2022-11-09,BHF,51.0,51.77000045776367,50.09999847412109,50.290000915527344,761900,0.0131225187519914
2022-11-10,BHF,52.27999877929688,54.36000061035156,51.72999954223633,53.93000030517578,1087500,0.0187304621903014
2022-11-11,BHF,54.56999969482422,55.45000076293945,53.93999862670898,54.52000045776367,666200,0.0114742380792449
2022-11-14,BHF,53.84999847412109,54.560001373291016,53.47999954223633,54.02000045776367,422300,0.0072734475245648
2022-11-15,BHF,54.88999938964844,55.560001373291016,54.25,54.5099983215332,363000,0.0062520991035213
2022-11-16,BHF,54.31999969482422,54.540000915527344,52.27000045776367,52.709999084472656,482500,0.0083102970177659
2022-11-17,BHF,51.43000030517578,52.90499877929688,51.31999969482422,52.61000061035156,449300,0.0077384796892896
2022-11-18,BHF,53.45000076293945,54.84000015258789,53.02000045776367,53.79999923706055,338600,0.0058318478139182
2022-11-21,BHF,53.52000045776367,54.18000030517578,52.95000076293945,54.060001373291016,399300,0.0068773090138734
2022-11-22,BHF,54.709999084472656,55.65999984741211,54.68999862670898,55.29999923706055,364300,0.0062744895410821
2022-11-23,BHF,54.68000030517578,55.43000030517578,54.400001525878906,54.68000030517578,260600,0.004488421560269
2022-11-25,BHF,54.68999862670898,55.5,52.04999923706055,55.34000015258789,138800,0.0023906097949552
2022-11-28,BHF,54.4900016784668,55.16999816894531,53.36000061035156,54.0099983215332,405000,0.0069754824708709
2022-11-29,BHF,53.9900016784668,54.869998931884766,53.9900016784668,54.540000915527344,254600,0.004385081079219
2022-11-30,BHF,54.11000061035156,55.77999877929688,53.470001220703125,55.7400016784668,400000,0.0068893654033292
2022-12-01,BHF,55.9900016784668,56.16999816894531,55.38999938964844,55.59999847412109,329400,0.0056733924096416
2022-12-02,BHF,54.97999954223633,55.93999862670898,54.57500076293945,55.02999877929688,440400,0.0075851913090655
2022-12-05,BHF,54.470001220703125,54.619998931884766,52.7400016784668,53.15999984741211,623000,0.0107301866156853
2022-12-06,BHF,52.81999969482422,53.5099983215332,52.415000915527344,53.38999938964844,541000,0.0093178667080028
2022-12-07,BHF,53.0099983215332,53.77999877929688,52.880001068115234,52.97999954223633,283600,0.0048845600709604
2022-12-08,BHF,53.34999847412109,54.119998931884766,52.95500183105469,53.119998931884766,365500,0.0062951576372921
2022-12-09,BHF,52.40999984741211,53.16999816894531,52.15999984741211,52.16999816894531,266300,0.0045865950172664
2022-12-12,BHF,52.310001373291016,53.29999923706055,51.619998931884766,53.20000076293945,574400,0.0098931287191808
2022-12-13,BHF,54.93999862670898,54.93999862670898,52.25,52.720001220703125,502600,0.0086564876292832
2022-12-14,BHF,52.709999084472656,53.63999938964844,51.91999816894531,52.31999969482422,341500,0.0058817957130923
2022-12-15,BHF,51.400001525878906,51.58000183105469,50.5,50.68999862670898,376100,0.0064777258204803
2022-12-16,BHF,49.959999084472656,50.31499862670898,49.27000045776367,49.77999877929688,1338100,0.0230466496154872
2022-12-19,BHF,50.0,50.60499954223633,49.494998931884766,49.84999847412109,416600,0.0071752740675674
2022-12-20,BHF,49.93999862670898,50.68000030517578,49.77999877929688,50.52000045776367,556700,0.0095882743000835
2022-12-21,BHF,51.18999862670898,52.43999862670898,51.16999816894531,52.02999877929688,497600,0.0085703705617416
2022-12-22,BHF,51.77999877929688,51.77999877929688,50.18000030517578,50.90999984741211,459000,0.0079055468003203
2022-12-23,BHF,50.84999847412109,51.459999084472656,50.63999938964844,51.130001068115234,310700,0.005351314577036
2022-12-27,BHF,51.34999847412109,51.38999938964844,50.43999862670898,50.790000915527344,254300,0.0043799140551665
2022-12-28,BHF,50.709999084472656,51.02999877929688,49.65499877929688,49.68999862670898,363400,0.0062589884689246
2022-12-29,BHF,49.77999877929688,51.72999954223633,49.709999084472656,51.540000915527344,288700,0.0049723994798529
2022-12-30,BHF,51.25,51.68999862670898,50.810001373291016,51.27000045776367,242200,0.0041715107517158
2023-01-03,BHF,51.5099983215332,52.275001525878906,50.650001525878906,51.040000915527344,269000,0.0046330982337389
2023-01-04,BHF,51.59000015258789,52.47999954223633,51.55500030517578,52.13999938964844,334700,0.0057646765012357
2023-01-05,BHF,52.5,52.5,51.369998931884766,51.75,369600,0.0063657736326762
2023-01-06,BHF,52.72999954223633,53.275001525878906,52.5099983215332,53.18000030517578,325600,0.00560794343831
2023-01-09,BHF,53.33000183105469,53.3849983215332,51.72999954223633,51.88999938964844,484000,0.0083361321380284
2023-01-10,BHF,52.31999969482422,52.31999969482422,51.5099983215332,51.86000061035156,426400,0.007344063519949
2023-01-11,BHF,52.209999084472656,53.95000076293945,52.05500030517578,53.79999923706055,432800,0.0074542933664022
2023-01-12,BHF,54.369998931884766,54.46500015258789,53.56999969482422,53.7400016784668,306000,0.0052703645335469
2023-01-13,BHF,53.5099983215332,54.27000045776367,53.5099983215332,54.02000045776367,432400,0.0074474040009989
2023-01-17,BHF,54.0099983215332,54.15499877929688,53.43000030517578,53.93999862670898,355900,0.0061298128676122
2023-01-18,BHF,53.75,53.900001525878906,51.630001068115234,51.63999938964844,274500,0.0047278270080347
2023-01-19,BHF,51.0,51.52999877929688,50.34999847412109,51.290000915527344,557300,0.0095986083481885
2023-01-20,BHF,51.36000061035156,53.06999969482422,51.220001220703125,53.02999877929688,321700,0.0055407721256275
2023-01-23,BHF,52.959999084472656,54.27999877929688,52.28099822998047,53.81999969482422,303900,0.0052341953651794
2023-01-24,BHF,53.38999938964844,54.5099983215332,52.63999938964844,53.97999954223633,253000,0.0043575236176057
2023-01-25,BHF,53.619998931884766,55.16999816894531,53.619998931884766,55.0,243500,0.0041939011892767
2023-01-26,BHF,55.43999862670898,55.7400016784668,54.48500061035156,55.31999969482422,286000,0.0049258962633804
2023-01-27,BHF,55.2599983215332,55.845001220703125,55.119998931884766,55.400001525878906,254900,0.0043902481032715
2023-01-30,BHF,54.810001373291016,56.209999084472656,54.77999877929688,54.86000061035156,316300,0.0054477656926826
2023-01-31,BHF,55.0099983215332,56.27999877929688,54.5,56.27000045776367,474500,0.0081725097096993
2023-02-01,BHF,56.0099983215332,57.08000183105469,55.41999816894531,56.54999923706055,345400,0.0059489670257748
2023-02-02,BHF,56.86000061035156,58.25,55.79999923706055,57.90999984741211,515900,0.0088855590289439
2023-02-03,BHF,57.34999847412109,57.9900016784668,56.775001525878906,56.880001068115234,453000,0.0078022063192704
2023-02-06,BHF,56.36000061035156,57.290000915527344,55.90999984741211,56.650001525878906,452400,0.0077918722711654
2023-02-07,BHF,56.220001220703125,57.86000061035156,55.84999847412109,57.66999816894531,615300,0.0105975663316712
2023-02-08,BHF,57.209999084472656,58.84999847412109,56.869998931884766,58.43999862670898,455800,0.0078504318770937
2023-02-09,BHF,58.86000061035156,59.68000030517578,57.67499923706055,57.84000015258789,557500,0.0096020530308901
2023-02-10,BHF,57.16999816894531,58.7599983215332,53.27000045776367,57.84000015258789,956000,0.0164655833139569
2023-02-13,BHF,57.79999923706055,60.02000045776367,57.47999954223633,59.97999954223633,552900,0.0095228253287519
2023-02-14,BHF,59.68000030517578,60.29999923706055,58.86000061035156,59.7400016784668,402700,0.0069358686198017
2023-02-15,BHF,59.47999954223633,59.92900085449219,59.02000045776367,59.869998931884766,307200,0.0052910326297568
2023-02-16,BHF,59.38999938964844,60.540000915527344,59.06999969482422,59.369998931884766,351100,0.0060471404827722
2023-02-17,BHF,59.15999984741211,59.9900016784668,58.310001373291016,59.15999984741211,328300,0.0056544466547825
2023-02-21,BHF,58.27999877929688,58.68999862670898,56.34000015258789,56.709999084472656,349300,0.0060161383384572
2023-02-22,BHF,56.619998931884766,57.095001220703125,56.45000076293945,56.79999923706055,299000,0.0051498006389886
2023-02-23,BHF,57.16999816894531,58.2599983215332,56.47999954223633,57.209999084472656,294600,0.005074017619552
2023-02-24,BHF,56.459999084472656,57.400001525878906,56.16999816894531,57.27999877929688,332700,0.0057302296742191
2023-02-27,BHF,57.72999954223633,58.39500045776367,57.18000030517578,57.40999984741211,341600,0.0058835180544432
2023-02-28,BHF,57.34999847412109,58.48699951171875,57.119998931884766,57.83000183105469,442800,0.0076265275014855
2023-03-01,BHF,57.400001525878906,59.209999084472656,57.400001525878906,58.34999847412109,451800,0.0077815382230604
2023-03-02,BHF,58.15999984741211,58.15999984741211,56.70000076293945,57.790000915527344,393100,0.0067705238501218
2023-03-03,BHF,57.84999847412109,58.79999923706055,57.38999938964844,58.45000076293945,360500,0.0062090405697505
2023-03-06,BHF,58.380001068115234,58.77399826049805,57.209999084472656,57.38999938964844,511300,0.0088063313268056
2023-03-07,BHF,57.0099983215332,57.36000061035156,56.040000915527344,56.27999877929688,369700,0.006367495974027
2023-03-08,BHF,56.41999816894531,57.43999862670898,54.65999984741211,55.02999877929688,434300,0.0074801284866647
2023-03-09,BHF,54.790000915527344,54.82500076293945,51.56999969482422,51.84000015258789,628000,0.0108163036832269
2023-03-10,BHF,50.97999954223633,51.709999084472656,48.5099983215332,48.75,534100,0.0091990251547954
2023-03-13,BHF,47.04999923706055,47.11000061035156,43.41999816894531,45.130001068115234,1106400,0.0190559847056088
2023-03-14,BHF,46.86000061035156,48.790000915527344,44.77999877929688,45.18999862670898,1052400,0.0181259203761593
2023-03-15,BHF,42.540000915527344,43.2599983215332,41.4900016784668,42.97999954223633,933000,0.0160694448032655
2023-03-16,BHF,42.18999862670898,44.18000030517578,40.70000076293945,43.650001525878906,1478600,0.0254665392134067
2023-03-17,BHF,43.06999969482422,43.24300003051758,40.209999084472656,40.66999816894531,1424300,0.0245313078599047
2023-03-20,BHF,41.43999862670898,43.5,41.20000076293945,42.45000076293945,946700,0.0163054055683295
2023-03-21,BHF,44.31999969482422,45.220001220703125,44.13999938964844,44.47999954223633,904000,0.0155699658115241
2023-03-22,BHF,44.400001525878906,44.400001525878906,41.95100021362305,42.040000915527344,510900,0.0087994419614023
2023-03-23,BHF,42.209999084472656,42.685001373291016,40.42499923706055,40.83000183105469,727600,0.0125317556686559
2023-03-24,BHF,39.93000030517578,41.52999877929688,39.540000915527344,41.38999938964844,857700,0.0147725217660888
2023-03-27,BHF,42.2599983215332,43.19499969482422,41.66999816894531,42.65999984741211,911100,0.0156922520474332
2023-03-28,BHF,42.22999954223633,42.60499954223633,41.869998931884766,42.41999816894531,821000,0.0141404224903333
2023-03-29,BHF,43.16999816894531,43.27999877929688,42.49100112915039,43.09999847412109,555600,0.0095693285452243
2023-03-30,BHF,43.77999877929688,44.34999847412109,43.18999862670898,43.27999877929688,393100,0.0067705238501218
2023-03-31,BHF,43.4900016784668,44.18000030517578,43.09000015258789,44.11000061035156,318300,0.0054822125196992
2023-04-03,BHF,44.220001220703125,44.68999862670898,43.58000183105469,44.060001373291016,512200,0.0088218323989631
2023-04-04,BHF,44.0099983215332,44.45000076293945,41.540000915527344,42.41999816894531,915900,0.0157749244322732
2023-04-05,BHF,41.77999877929688,42.540000915527344,41.290000915527344,41.79999923706055,1582500,0.0272560518769214
2023-04-06,BHF,42.0099983215332,42.540000915527344,41.52000045776367,41.97999954223633,666800,0.0114845721273499
2023-04-10,BHF,41.810001373291016,42.84000015258789,41.52000045776367,42.61000061035156,526900,0.0090750165775355
2023-04-11,BHF,42.619998931884766,43.415000915527344,42.22999954223633,43.130001068115234,415200,0.0071511612886557
2023-04-12,BHF,43.77000045776367,43.959999084472656,42.369998931884766,42.4900016784668,364000,0.0062693225170296
2023-04-13,BHF,42.52999877929688,42.93000030517578,42.15999984741211,42.52000045776367,409000,0.0070443761249041
2023-04-14,BHF,43.13999938964844,43.584999084472656,42.19499969482422,42.61000061035156,414200,0.0071339378751474
2023-04-17,BHF,42.43000030517578,43.65999984741211,42.16999816894531,43.61000061035156,385100,0.0066327365420552
2023-04-18,BHF,43.65999984741211,44.18999862670898,42.83000183105469,43.91999816894531,449600,0.0077436467133421
2023-04-19,BHF,43.93000030517578,44.86000061035156,43.75,44.75,537500,0.0092575847607237
2023-04-20,BHF,44.20000076293945,44.68999862670898,43.70000076293945,44.04999923706055,427100,0.0073561199094048
2023-04-21,BHF,44.02999877929688,44.04999923706055,42.970001220703125,43.470001220703125,437700,0.007538688092593
2023-04-24,BHF,43.08000183105469,44.0,42.90999984741211,43.04999923706055,569000,0.0098001222862359
2023-04-25,BHF,42.18999862670898,42.59999847412109,41.869998931884766,42.130001068115234,383900,0.0066120684458452
2023-04-26,BHF,42.130001068115234,42.709999084472656,41.59000015258789,41.84999847412109,520200,0.0089596197070297
2023-04-27,BHF,42.09999847412109,43.040000915527344,41.77000045776367,42.93000030517578,446600,0.0076919764728171
2023-04-28,BHF,42.900001525878906,44.25,42.69499969482422,44.20000076293945,322300,0.0055511061737325
2023-05-01,BHF,44.06999969482422,44.66999816894531,43.79999923706055,44.04999923706055,491200,0.0084601407152883
2023-05-02,BHF,43.59000015258789,43.59999847412109,41.81999969482422,42.470001220703125,602000,0.0103684949320105
2023-05-03,BHF,42.75,43.66999816894531,41.970001220703125,42.11000061035156,611300,0.0105286726776379
2023-05-04,BHF,41.5099983215332,41.56999969482422,39.880001068115234,40.709999084472656,769000,0.0132448049879005
2023-05-05,BHF,41.93000030517578,42.970001220703125,41.900001525878906,42.93000030517578,590200,0.0101652586526123
2023-05-08,BHF,43.36000061035156,43.65999984741211,42.77999877929688,43.40999984741211,680100,0.0117136435270106
2023-05-09,BHF,41.83000183105469,42.369998931884766,41.08000183105469,41.84999847412109,692200,0.0119220468304613
2023-05-10,BHF,41.79999923706055,42.0,39.23500061035156,40.75,838600,0.0144435545680798
2023-05-11,BHF,40.18999862670898,40.9900016784668,39.81999969482422,40.95000076293945,533500,0.0091886911066904
2023-05-12,BHF,41.41999816894531,41.83000183105469,39.369998931884766,39.86000061035156,589900,0.0101600916285598
2023-05-15,BHF,39.91999816894531,40.93000030517578,39.79999923706055,40.61000061035156,442600,0.0076230828187838
2023-05-16,BHF,40.31999969482422,40.72999954223633,39.86000061035156,39.90999984741211,359000,0.006183205449488
2023-05-17,BHF,40.540000915527344,41.869998931884766,40.375,41.63999938964844,461000,0.007939993627337
2023-05-18,BHF,41.38999938964844,42.04499816894531,41.18999862670898,41.970001220703125,477400,0.0082224576088735
2023-05-19,BHF,42.08000183105469,42.27999877929688,40.77000045776367,40.869998931884766,397000,0.0068376951628043
2023-05-22,BHF,41.060001373291016,41.6349983215332,40.56999969482422,41.47999954223633,366700,0.0063158257335021
2023-05-23,BHF,41.33000183105469,42.459999084472656,41.13999938964844,41.29999923706055,465700,0.0080209436708261
2023-05-24,BHF,41.04999923706055,41.04999923706055,39.810001373291016,40.18000030517578,348600,0.0060040819490014
2023-05-25,BHF,40.119998931884766,40.79999923706055,39.97999954223633,40.77999877929688,425400,0.0073268401064406
2023-05-26,BHF,40.95000076293945,41.45000076293945,40.459999084472656,41.43999862670898,359900,0.0061987065216455
2023-05-30,BHF,41.43999862670898,41.7599983215332,40.59999847412109,41.5,690800,0.0118979340515496
2023-05-31,BHF,41.02000045776367,41.29999923706055,39.6150016784668,40.2599983215332,979600,0.0168720558727534
2023-06-01,BHF,40.560001373291016,41.72999954223633,40.27099990844727,41.59000015258789,507800,0.0087460493795265
2023-06-02,BHF,42.52999877929688,44.06999969482422,42.470001220703125,43.56999969482422,957000,0.0164828067274653
2023-06-05,BHF,43.380001068115234,43.65999984741211,42.619998931884766,42.83000183105469,392200,0.0067550227779643
2023-06-06,BHF,42.65999984741211,44.76499938964844,42.65999984741211,44.15999984741211,624600,0.0107577440772986
2023-06-07,BHF,44.59999847412109,45.94499969482422,43.8849983215332,45.4900016784668,809000,0.0139337415282334
2023-06-08,BHF,45.22999954223633,45.560001373291016,44.27999877929688,44.54999923706055,334600,0.0057629541598849
2023-06-09,BHF,44.560001373291016,44.7400016784668,44.20000076293945,44.41999816894531,251400,0.0043299661559924
2023-06-12,BHF,44.220001220703125,45.15499877929688,44.040000915527344,44.77000045776367,338300,0.0058266807898657
2023-06-13,BHF,44.93999862670898,46.18000030517578,44.77999877929688,45.959999084472656,473000,0.0081466745894368
2023-06-14,BHF,46.02000045776367,46.900001525878906,44.52000045776367,44.83000183105469,405700,0.0069875388603267
2023-06-15,BHF,44.41999816894531,45.4900016784668,44.41999816894531,45.47999954223633,290600,0.0050051239655187
2023-06-16,BHF,45.560001373291016,45.59999847412109,44.619998931884766,45.040000915527344,947100,0.0163122949337329
2023-06-20,BHF,44.83000183105469,45.08000183105469,43.720001220703125,44.91999816894531,449800,0.0077470913960437
2023-06-21,BHF,44.59000015258789,45.43999862670898,44.380001068115234,44.95000076293945,323200,0.00556660724589
2023-06-22,BHF,44.81999969482422,44.88999938964844,43.869998931884766,44.66999816894531,357300,0.0061539256465238
2023-06-23,BHF,44.09999847412109,44.59000015258789,43.81999969482422,44.11000061035156,623600,0.0107405206637903
2023-06-26,BHF,44.20000076293945,45.18000030517578,44.130001068115234,44.709999084472656,275600,0.0047467727628938
2023-06-27,BHF,45.02000045776367,46.06999969482422,44.869998931884766,45.79999923706055,1166500,0.020091111857459
2023-06-28,BHF,45.900001525878906,45.900001525878906,45.0099983215332,45.59999847412109,492000,0.008473919446095
2023-06-29,BHF,45.59999847412109,46.900001525878906,45.54999923706055,46.81999969482422,864700,0.014893085660647
2023-06-30,BHF,47.58000183105469,47.83000183105469,46.83000183105469,47.34999847412109,432500,0.0074491263423497
2023-07-03,BHF,47.20000076293945,48.130001068115234,47.20000076293945,47.7400016784668,179000,0.0030829910179898
2023-07-05,BHF,47.27999877929688,47.790000915527344,46.790000915527344,47.25,456600,0.0078642106079003
2023-07-06,BHF,46.52000045776367,47.15999984741211,46.20500183105469,46.95000076293945,729200,0.0125593131302692
2023-07-07,BHF,47.41999816894531,48.935001373291016,47.255001068115234,48.5099983215332,437300,0.0075317987271897
2023-07-10,BHF,48.27000045776367,48.7599983215332,47.68999862670898,47.93000030517578,662600,0.0114122337906149
2023-07-11,BHF,48.33000183105469,49.1349983215332,47.84999847412109,48.81999969482422,326600,0.0056251668518183
2023-07-12,BHF,49.45000076293945,49.880001068115234,48.18000030517578,48.400001525878906,296900,0.0051136314706211
2023-07-13,BHF,48.5099983215332,49.220001220703125,48.13999938964844,49.209999084472656,238900,0.0041146734871384
2023-07-14,BHF,49.59999847412109,49.59999847412109,47.93999862670898,48.29999923706055,296100,0.0050998527398145
2023-07-17,BHF,48.38999938964844,49.290000915527344,48.040000915527344,49.0,267800,0.0046124301375289
2023-07-18,BHF,48.86000061035156,50.18999862670898,48.86000061035156,49.7599983215332,195700,0.0033706220235788
2023-07-19,BHF,49.650001525878906,50.65999984741211,49.650001525878906,50.43999862670898,311700,0.0053685379905443
2023-07-20,BHF,50.790000915527344,50.9900016784668,50.27999877929688,50.86000061035156,348000,0.0059937479008964
2023-07-21,BHF,51.02000045776367,51.02000045776367,50.33000183105469,50.380001068115234,355400,0.006121201160858
2023-07-24,BHF,50.38999938964844,51.1150016784668,50.38999938964844,50.900001525878906,452600,0.007795316953867
2023-07-25,BHF,50.7400016784668,51.30500030517578,50.59999847412109,50.93999862670898,258700,0.0044556970746032
2023-07-26,BHF,50.84000015258789,52.125,50.84000015258789,51.790000915527344,328600,0.005659613678835
2023-07-27,BHF,51.970001220703125,52.77999877929688,51.52999877929688,51.630001068115234,303700,0.0052307506824777
2023-07-28,BHF,52.02000045776367,52.369998931884766,51.70000076293945,51.84000015258789,443900,0.0076454732563446
2023-07-31,BHF,51.95000076293945,52.709999084472656,51.95000076293945,52.130001068115234,258500,0.0044522523919015
2023-08-01,BHF,52.20000076293945,52.290000915527344,51.38999938964844,52.18000030517578,307100,0.005289310288406
2023-08-02,BHF,51.52000045776367,52.22999954223633,51.20000076293945,51.93999862670898,288500,0.0049689547971512
2023-08-03,BHF,51.7599983215332,53.09999847412109,51.59999847412109,52.68999862670898,396300,0.0068256387733484
2023-08-04,BHF,52.709999084472656,54.08000183105469,52.40499877929688,53.43000030517578,477600,0.0082259022915751
2023-08-07,BHF,53.310001373291016,54.33000183105469,53.25,54.08000183105469,267800,0.0046124301375289
2023-08-08,BHF,53.150001525878906,54.72999954223633,52.58000183105469,54.59999847412109,402400,0.0069307015957492
2023-08-09,BHF,54.59999847412109,54.59999847412109,50.68999862670898,50.720001220703125,703500,0.0121166714031053
2023-08-10,BHF,51.29999923706055,51.77999877929688,49.65999984741211,50.040000915527344,502000,0.0086461535811782
2023-08-11,BHF,49.61000061035156,50.43999862670898,49.13999938964844,50.04999923706055,470600,0.0081053383970169
2023-08-14,BHF,49.88999938964844,49.88999938964844,48.83000183105469,48.91999816894531,360700,0.0062124852524521
2023-08-15,BHF,48.45000076293945,48.52799987792969,47.540000915527344,47.709999084472656,411400,0.0070857123173241
2023-08-16,BHF,47.470001220703125,48.41999816894531,47.459999084472656,47.66999816894531,281900,0.0048552802679963
2023-08-17,BHF,47.84999847412109,48.27000045776367,47.209999084472656,47.31999969482422,261600,0.0045056449737773
2023-08-18,BHF,46.959999084472656,47.93000030517578,46.959999084472656,47.56999969482422,313700,0.0054029848175609
2023-08-21,BHF,47.720001220703125,47.88999938964844,47.09000015258789,47.4900016784668,288600,0.004970677138502
2023-08-22,BHF,47.4900016784668,47.77000045776367,46.4900016784668,46.61000061035156,218300,0.0037598711688669
2023-08-23,BHF,46.619998931884766,47.380001068115234,46.52000045776367,47.31999969482422,220100,0.0037908733131819
2023-08-24,BHF,47.2400016784668,48.40999984741211,47.2400016784668,47.91999816894531,223300,0.0038459882364085
2023-08-25,BHF,47.91999816894531,48.36000061035156,47.5099983215332,48.0,303100,0.0052204166343727
2023-08-28,BHF,48.18000030517578,49.01499938964844,48.02999877929688,48.5,217000,0.0037374807313061
2023-08-29,BHF,48.70000076293945,49.66999816894531,48.31999969482422,49.470001220703125,291500,0.0050206250376762
2023-08-30,BHF,49.33000183105469,50.060001373291016,49.33000183105469,49.70000076293945,242500,0.0041766777757683
2023-08-31,BHF,49.7599983215332,50.5,49.560001373291016,49.65999984741211,414700,0.0071425495819016
2023-09-01,BHF,50.0,51.20000076293945,50.0,51.150001525878906,399300,0.0068773090138734
2023-09-05,BHF,50.790000915527344,51.0,48.56999969482422,48.61000061035156,472200,0.0081328958586302
2023-09-06,BHF,48.61000061035156,49.5,48.369998931884766,49.36000061035156,325600,0.00560794343831
2023-09-07,BHF,49.43000030517578,49.59000015258789,48.43000030517578,48.880001068115234,388900,0.0066981855133868
2023-09-08,BHF,48.7400016784668,49.96500015258789,48.310001373291016,49.68999862670898,364800,0.0062831012478363
2023-09-11,BHF,49.81999969482422,50.36000061035156,49.720001220703125,49.790000915527344,438200,0.0075472997993472
2023-09-12,BHF,49.93999862670898,51.040000915527344,49.7599983215332,50.54999923706055,392300,0.0067567451193151
2023-09-13,BHF,50.93000030517578,51.0,50.119998931884766,50.33000183105469,406200,0.0069961505670808
2023-09-14,BHF,51.08000183105469,51.560001373291016,50.81999969482422,51.310001373291016,500300,0.0086168737782141
2023-09-15,BHF,50.91999816894531,52.060001373291016,50.59000015258789,51.900001525878906,1189800,0.0204924173922029
2023-09-18,BHF,52.0099983215332,52.09999847412109,51.54999923706055,51.56999969482422,375200,0.0064622247483228
2023-09-19,BHF,51.68000030517578,52.02000045776367,51.38999938964844,51.43000030517578,483500,0.0083275204312742
2023-09-20,BHF,51.810001373291016,52.220001220703125,51.22999954223633,51.27000045776367,400100,0.0068910877446801
2023-09-21,BHF,48.560001373291016,49.119998931884766,46.810001373291016,47.41999816894531,984200,0.0169512835748917
2023-09-22,BHF,47.31999969482422,47.869998931884766,47.209999084472656,47.34999847412109,663200,0.0114225678387199
2023-09-25,BHF,47.22999954223633,49.54499816894531,47.02000045776367,49.380001068115234,444400,0.0076540849630988
2023-09-26,BHF,48.84999847412109,49.5,47.880001068115234,47.88999938964844,396600,0.0068308057974009
2023-09-27,BHF,48.04999923706055,48.34000015258789,47.59000015258789,48.09999847412109,384900,0.0066292918593536
2023-09-28,BHF,48.20000076293945,49.70000076293945,47.54999923706055,48.97999954223633,358100,0.0061677043773305
2023-09-29,BHF,49.0,49.915000915527344,48.84000015258789,48.93999862670898,317600,0.0054701561302434
2023-10-02,BHF,48.88999938964844,48.900001525878906,47.65999984741211,47.970001220703125,585800,0.0100894756331757
2023-10-03,BHF,47.43999862670898,47.52000045776367,45.869998931884766,46.11000061035156,461400,0.0079468829927403
2023-10-04,BHF,46.05500030517578,46.2400016784668,45.27000045776367,46.150001525878906,565900,0.0097467297043601
2023-10-05,BHF,45.93999862670898,46.63999938964844,45.880001068115234,46.45000076293945,338100,0.005823236107164
2023-10-06,BHF,46.27000045776367,48.150001525878906,46.20000076293945,47.7400016784668,338000,0.0058215137658132
2023-10-09,BHF,47.369998931884766,47.97499847412109,47.20000076293945,47.59999847412109,222800,0.0038373765296544
2023-10-10,BHF,48.04999923706055,48.77999877929688,48.02999877929688,48.13999938964844,488900,0.0084205268642192
2023-10-11,BHF,48.09000015258789,48.88999938964844,47.90999984741211,48.86000061035156,262400,0.004519423704584
2023-10-12,BHF,49.09000015258789,49.09000015258789,47.84999847412109,48.09999847412109,307600,0.0052979219951602
2023-10-13,BHF,48.59999847412109,48.83000183105469,47.209999084472656,47.59000015258789,281100,0.0048415015371896
2023-10-16,BHF,48.22999954223633,49.4370002746582,48.22999954223633,49.22999954223633,357500,0.0061573703292255
2023-10-17,BHF,48.900001525878906,50.43000030517578,48.900001525878906,49.9900016784668,483600,0.0083292427726251
2023-10-18,BHF,49.43999862670898,49.68999862670898,48.59000015258789,48.9900016784668,241900,0.0041663437276633
2023-10-19,BHF,48.7599983215332,48.97999954223633,47.95500183105469,48.02999877929688,407300,0.00701509632194
2023-10-20,BHF,48.02000045776367,48.02000045776367,46.150001525878906,46.18999862670898,393100,0.0067705238501218
2023-10-23,BHF,45.81999969482422,46.18000030517578,45.18000030517578,45.209999084472656,504700,0.0086926567976507
2023-10-24,BHF,45.560001373291016,45.869998931884766,45.0099983215332,45.310001373291016,330100,0.0056854487990974
2023-10-25,BHF,44.77000045776367,45.25,44.09999847412109,44.18000030517578,310100,0.005340980528931
2023-10-26,BHF,44.380001068115234,45.720001220703125,44.380001068115234,45.43999862670898,279600,0.0048156664169271
2023-10-27,BHF,45.52999877929688,45.54999923706055,44.23500061035156,44.63999938964844,267700,0.0046107077961781
2023-10-30,BHF,45.29999923706055,46.209999084472656,44.77000045776367,44.9900016784668,253800,0.0043713023484124
2023-10-31,BHF,44.93999862670898,45.4900016784668,44.790000915527344,45.29999923706055,219800,0.0037857062891294
2023-11-01,BHF,45.130001068115234,45.65999984741211,44.130001068115234,45.040000915527344,397900,0.0068531962349618
2023-11-02,BHF,45.72999954223633,47.33000183105469,45.6150016784668,47.33000183105469,402200,0.0069272569130475
2023-11-03,BHF,48.5,49.47999954223633,47.86899948120117,48.65999984741211,334800,0.0057663988425866
2023-11-06,BHF,48.5099983215332,48.70000076293945,47.58000183105469,48.08000183105469,286100,0.0049276186047312
2023-11-07,BHF,47.75,48.1150016784668,47.27000045776367,48.02999877929688,361600,0.0062279863246096
2023-11-08,BHF,50.0,50.0,46.084999084472656,46.72999954223633,565900,0.0097467297043601
2023-11-09,BHF,46.97999954223633,47.20000076293945,45.70000076293945,46.04999923706055,470800,0.0081087830797185
2023-11-10,BHF,46.25,47.13999938964844,45.900001525878906,46.970001220703125,330100,0.0056854487990974
2023-11-13,BHF,46.540000915527344,47.70000076293945,46.4900016784668,46.970001220703125,314800,0.0054219305724201
2023-11-14,BHF,48.54999923706055,49.70000076293945,48.119998931884766,49.15999984741211,301800,0.0051980261968119
2023-11-15,BHF,49.0,49.834999084472656,48.959999084472656,49.52000045776367,382900,0.0065948450323369
2023-11-16,BHF,49.630001068115234,49.630001068115234,48.7599983215332,48.77000045776367,313200,0.0053943731108068
2023-11-17,BHF,49.77999877929688,50.71500015258789,49.75699996948242,50.63999938964844,382800,0.0065931226909861
2023-11-20,BHF,50.400001525878906,50.43999862670898,49.38999938964844,50.11000061035156,406100,0.00699442822573
2023-11-21,BHF,50.0,50.34000015258789,49.36000061035156,49.84999847412109,280700,0.0048346121717863
2023-11-22,BHF,50.04999923706055,50.68999862670898,49.65999984741211,50.61000061035156,250700,0.0043179097665366
2023-11-24,BHF,50.43999862670898,51.900001525878906,50.43999862670898,51.52000045776367,160100,0.0027574685026825
2023-11-27,BHF,51.09999847412109,52.130001068115234,50.31999969482422,52.02000045776367,431500,0.0074319029288414
2023-11-28,BHF,52.130001068115234,52.130001068115234,51.130001068115234,51.52999877929688,272900,0.0047002695464214
2023-11-29,BHF,51.869998931884766,52.42499923706055,51.40999984741211,51.43000030517578,340500,0.005864572299584
2023-11-30,BHF,51.5,52.31999969482422,51.29999923706055,52.02999877929688,322300,0.0055511061737325
2023-12-01,BHF,51.630001068115234,52.89500045776367,51.5,52.61000061035156,330300,0.0056888934817991
2023-12-04,BHF,52.369998931884766,53.5,52.369998931884766,53.380001068115234,256400,0.004416083223534
2023-12-05,BHF,52.959999084472656,53.06499862670898,52.29999923706055,52.34000015258789,307300,0.0052927549711077
2023-12-06,BHF,52.7400016784668,53.5,52.18999862670898,52.22999954223633,204700,0.0035256327451537
2023-12-07,BHF,52.400001525878906,52.810001373291016,52.244998931884766,52.4900016784668,281500,0.0048483909025929
2023-12-08,BHF,52.310001373291016,53.47499847412109,52.310001373291016,53.22999954223633,222400,0.003830487164251
2023-12-11,BHF,53.0,53.81999969482422,52.93999862670898,53.060001373291016,345800,0.0059558563911781
2023-12-12,BHF,52.79999923706055,53.45000076293945,52.755001068115234,53.02999877929688,244500,0.004211124602785
2023-12-13,BHF,52.790000915527344,54.869998931884766,52.77999877929688,54.45000076293945,389400,0.006706797220141
2023-12-14,BHF,55.22999954223633,56.244998931884766,54.36000061035156,54.650001525878906,493000,0.0084911428596033
2023-12-15,BHF,53.9900016784668,54.18999862670898,52.61000061035156,52.97999954223633,1158100,0.0199464351839891
2023-12-18,BHF,53.470001220703125,53.470001220703125,52.459999084472656,52.68999862670898,415900,0.0071632176781116
2023-12-19,BHF,53.0,53.84000015258789,52.61000061035156,53.75,590700,0.0101738703593665
2023-12-20,BHF,53.70000076293945,54.29999923706055,52.880001068115234,52.88999938964844,286500,0.0049345079701346
2023-12-21,BHF,53.22999954223633,53.650001525878906,52.76499938964844,53.630001068115234,241200,0.0041542873382075
2023-12-22,BHF,53.56999969482422,54.28499984741211,53.5099983215332,53.61000061035156,194300,0.0033465092446672
2023-12-26,BHF,53.52000045776367,54.209999084472656,53.5,54.11000061035156,193300,0.0033292858311588
2023-12-27,BHF,54.290000915527344,54.290000915527344,53.36000061035156,53.58000183105469,193500,0.0033327305138605
2023-12-28,BHF,53.33000183105469,53.93000030517578,53.33000183105469,53.72999954223633,179800,0.0030967697487965
2023-12-29,BHF,53.7400016784668,53.79999923706055,52.84999847412109,52.91999816894531,238100,0.0041008947563317
2024-01-02,BHF,52.63999938964844,53.40999984741211,52.5,52.83000183105469,339400,0.0058456265447248
2024-01-03,BHF,51.95000076293945,52.33000183105469,50.88999938964844,51.630001068115234,407000,0.0070099292978875
2024-01-04,BHF,51.720001220703125,52.68999862670898,51.525001525878906,52.36000061035156,484300,0.0083412991620809
2024-01-05,BHF,52.13999938964844,53.83000183105469,52.13999938964844,52.88999938964844,554000,0.009541771083611
2024-01-08,BHF,52.83000183105469,53.31499862670898,52.42499923706055,53.209999084472656,278000,0.0047881089553138
2024-01-09,BHF,52.470001220703125,52.65999984741211,51.68999862670898,51.70000076293945,405400,0.0069823718362742
2024-01-10,BHF,51.77000045776367,52.52999877929688,51.66999816894531,52.52999877929688,405300,0.0069806494949233
2024-01-11,BHF,52.06999969482422,52.29999923706055,51.34999847412109,51.709999084472656,300200,0.0051704687351986
2024-01-12,BHF,52.0099983215332,52.22999954223633,51.10499954223633,51.459999084472656,262400,0.004519423704584
2024-01-16,BHF,51.59999847412109,51.59999847412109,49.66999816894531,49.79999923706055,462800,0.0079709957716519
2024-01-17,BHF,49.08000183105469,49.970001220703125,49.08000183105469,49.29999923706055,468600,0.0080708915700002
2024-01-18,BHF,49.560001373291016,50.38999938964844,48.91999816894531,50.0,551700,0.0095021572325419
2024-01-19,BHF,50.38999938964844,51.08000183105469,49.790000915527344,51.040000915527344,399500,0.0068807536965751
2024-01-22,BHF,51.43999862670898,52.09000015258789,51.31499862670898,51.369998931884766,326000,0.0056148328037133
2024-01-23,BHF,51.84000015258789,52.25,51.15999984741211,51.20000076293945,271000,0.0046675450607555
2024-01-24,BHF,51.59000015258789,52.28499984741211,51.5,51.900001525878906,215400,0.0037099232696928
2024-01-25,BHF,52.31999969482422,53.58000183105469,52.16899871826172,53.58000183105469,372500,0.0064157215318503
2024-01-26,BHF,53.5,54.06499862670898,53.41999816894531,53.720001220703125,313600,0.0054012624762101
2024-01-29,BHF,53.68999862670898,53.68999862670898,53.11000061035156,53.61000061035156,254000,0.004374747031114
2024-01-30,BHF,53.38999938964844,53.70000076293945,53.220001220703125,53.36000061035156,228600,0.0039372723280026
2024-01-31,BHF,53.18000030517578,53.43999862670898,51.650001525878906,51.77000045776367,538800,0.0092799751982845
2024-02-01,BHF,51.470001220703125,51.93999862670898,49.68999862670898,50.84999847412109,338500,0.0058301254725674
2024-02-02,BHF,50.2599983215332,51.35499954223633,50.15999984741211,51.130001068115234,290800,0.0050085686482203
2024-02-05,BHF,51.0,51.505001068115234,50.5099983215332,51.18999862670898,285700,0.0049207292393279
2024-02-06,BHF,51.130001068115234,51.83000183105469,51.08000183105469,51.47999954223633,496800,0.0085565918309349
2024-02-07,BHF,51.869998931884766,52.505001068115234,51.59999847412109,52.29999923706055,295400,0.0050877963503586
2024-02-08,BHF,52.0,52.63999938964844,51.5,52.63999938964844,309700,0.0053340911635276
2024-02-09,BHF,52.68999862670898,52.84000015258789,51.755001068115234,52.70000076293945,304300,0.0052410847305827
2024-02-12,BHF,53.11000061035156,54.72999954223633,53.04999923706055,53.459999084472656,783600,0.013496266825122
2024-02-13,BHF,46.20000076293945,47.29999923706055,44.52000045776367,46.63999938964844,1765900,0.0304148259143479
2024-02-14,BHF,46.97999954223633,48.31999969482422,45.93999862670898,47.52999877929688,899200,0.0154872934266842
2024-02-15,BHF,47.7599983215332,49.68000030517578,47.7599983215332,48.83000183105469,643100,0.0110763772272026
2024-02-16,BHF,48.2400016784668,48.52999877929688,47.54999923706055,47.630001068115234,427900,0.0073698986402115
2024-02-20,BHF,46.959999084472656,48.0099983215332,46.93000030517578,47.630001068115234,360000,0.0062004288629963
2024-02-21,BHF,47.709999084472656,47.93000030517578,47.060001373291016,47.79999923706055,331400,0.0057078392366583
2024-02-22,BHF,48.060001373291016,48.31999969482422,47.290000915527344,47.709999084472656,393100,0.0067705238501218
2024-02-23,BHF,47.25,48.32500076293945,46.875,47.88999938964844,567400,0.0097725648246225
2024-02-26,BHF,47.630001068115234,47.91999816894531,46.58000183105469,46.84999847412109,443900,0.0076454732563446
2024-02-27,BHF,47.18000030517578,47.70000076293945,46.880001068115234,47.209999084472656,383800,0.0066103461044944
2024-02-28,BHF,47.119998931884766,47.68000030517578,47.11000061035156,47.130001068115234,327400,0.005638945582625
2024-02-29,BHF,47.65999984741211,48.08000183105469,46.29999923706055,46.54999923706055,600700,0.0103461044944497
2024-03-01,BHF,46.13999938964844,46.880001068115234,45.68000030517578,46.15999984741211,438800,0.0075576338474522
2024-03-04,BHF,46.08000183105469,46.47999954223633,45.2599983215332,45.61000061035156,570400,0.0098242350651475
2024-03-05,BHF,45.2599983215332,46.459999084472656,45.2599983215332,45.790000915527344,404800,0.0069720377881692
2024-03-06,BHF,46.09000015258789,46.43999862670898,45.14099884033203,45.900001525878906,487200,0.008391247061255
2024-03-07,BHF,46.18999862670898,46.709999084472656,45.810001373291016,45.86000061035156,436200,0.0075128529723305
2024-03-08,BHF,43.470001220703125,46.89500045776367,43.470001220703125,46.20000076293945,420200,0.0072372783561974
2024-03-11,BHF,46.09000015258789,47.08000183105469,45.994998931884766,46.790000915527344,348400,0.0060006372662998
2024-03-12,BHF,47.0,47.220001220703125,46.58000183105469,47.209999084472656,344100,0.005926576588214
2024-03-13,BHF,47.34999847412109,47.96699905395508,47.34999847412109,47.63999938964844,373700,0.0064363896280603
2024-03-14,BHF,47.77000045776367,47.77000045776367,46.65999984741211,47.09000015258789,363700,0.0062641554929771
2024-03-15,BHF,47.150001525878906,47.994998931884766,47.150001525878906,47.58000183105469,737600,0.0127039898037392
2024-03-18,BHF,47.52000045776367,47.7599983215332,47.130001068115234,47.150001525878906,442300,0.0076179157947313
2024-03-19,BHF,47.13999938964844,47.880001068115234,46.90999984741211,47.43999862670898,501300,0.0086340971917224
2024-03-20,BHF,47.11000061035156,48.68999862670898,47.11000061035156,48.66999816894531,395600,0.0068135823838926
2024-03-21,BHF,48.90999984741211,49.59999847412109,48.4900016784668,49.130001068115234,402800,0.0069375909611525
2024-03-22,BHF,49.27000045776367,49.27000045776367,47.58000183105469,47.63999938964844,445100,0.0076661413525546
2024-03-25,BHF,47.63999938964844,49.22999954223633,47.63999938964844,49.02999877929688,309800,0.0053358135048785
2024-03-26,BHF,49.040000915527344,49.8650016784668,48.79999923706055,49.4900016784668,378100,0.006512172647497
2024-03-27,BHF,49.88999938964844,51.220001220703125,49.7599983215332,51.18999862670898,313700,0.0054029848175609
2024-03-28,BHF,51.33000183105469,51.900001525878906,50.84999847412109,51.540000915527344,446800,0.0076954211555188
2024-04-01,BHF,51.400001525878906,51.5,50.71500015258789,50.95000076293945,294600,0.005074017619552
2024-04-02,BHF,51.08000183105469,51.54999923706055,50.69499969482422,50.7400016784668,414800,0.0071442719232524
2024-04-03,BHF,50.540000915527344,51.595001220703125,50.47999954223633,51.4900016784668,235200,0.0040509468571576
2024-04-04,BHF,52.369998931884766,52.47999954223633,50.7400016784668,50.75,334900,0.0057681211839374
2024-04-05,BHF,50.56999969482422,51.52999877929688,50.56999969482422,51.29999923706055,410900,0.00707710061057
2024-04-08,BHF,51.41999816894531,51.72999954223633,51.04999923706055,51.08000183105469,267500,0.0046072631134764
2024-04-09,BHF,50.83000183105469,51.380001068115234,49.790000915527344,50.25,313300,0.0053960954521576
2024-04-10,BHF,49.369998931884766,49.77999877929688,48.560001373291016,49.060001373291016,368100,0.0063399385124137
2024-04-11,BHF,49.040000915527344,49.040000915527344,47.5,47.79999923706055,419100,0.0072183326013382
2024-04-12,BHF,47.650001525878906,48.2400016784668,47.54999923706055,47.959999084472656,459600,0.0079158808484253
2024-04-15,BHF,48.540000915527344,49.08000183105469,46.970001220703125,46.97999954223633,319300,0.0054994359332076
2024-04-16,BHF,46.77000045776367,47.45000076293945,46.15999984741211,47.34999847412109,527500,0.0090853506256404
2024-04-17,BHF,47.34999847412109,47.84999847412109,46.93999862670898,46.93999862670898,290000,0.0049947899174137
2024-04-18,BHF,47.25,47.88999938964844,47.08000183105469,47.58000183105469,260700,0.0044901439016198
2024-04-19,BHF,47.560001373291016,49.0099983215332,47.560001373291016,48.90999984741211,379300,0.0065328407437069
2024-04-22,BHF,49.119998931884766,49.869998931884766,48.630001068115234,49.150001525878906,316600,0.0054529327167351
2024-04-23,BHF,49.2599983215332,50.47499847412109,49.2599983215332,49.900001525878906,593400,0.0102203735758389
2024-04-24,BHF,49.560001373291016,50.81499862670898,48.89500045776367,50.5,971200,0.0167273791992835
2024-04-25,BHF,50.20000076293945,50.30500030517578,48.84000015258789,49.02999877929688,592700,0.0102083171863831
2024-04-26,BHF,48.900001525878906,48.900001525878906,48.27999877929688,48.72999954223633,591100,0.0101807597247698
2024-04-29,BHF,49.11000061035156,49.75,48.630001068115234,48.66999816894531,515000,0.0088700579567864
2024-04-30,BHF,48.09999847412109,48.79999923706055,48.09999847412109,48.25,320600,0.0055218263707684
2024-05-01,BHF,48.040000915527344,49.54499816894531,48.040000915527344,48.75,618000,0.0106440695481437
2024-05-02,BHF,49.34000015258789,49.34000015258789,48.45000076293945,48.5,483700,0.0083309651139759
2024-05-03,BHF,49.040000915527344,49.3849983215332,48.34000015258789,48.9900016784668,622200,0.0107164078848787
2024-05-06,BHF,49.52999877929688,50.959999084472656,49.11000061035156,50.72999954223633,976200,0.0168134962668251
2024-05-07,BHF,51.130001068115234,51.61000061035156,50.66999816894531,51.06999969482422,1061100,0.0182757640736817
2024-05-08,BHF,49.2400016784668,49.45000076293945,45.43999862670898,45.77000045776367,1309500,0.0225540599891492
2024-05-09,BHF,45.84000015258789,46.77999877929688,45.68999862670898,46.56999969482422,826800,0.0142403182886816
2024-05-10,BHF,46.65999984741211,47.04999923706055,45.59999847412109,45.68000030517578,577100,0.0099396319356533
2024-05-13,BHF,45.810001373291016,46.97999954223633,45.810001373291016,46.119998931884766,499400,0.0086013727060566
2024-05-14,BHF,46.25,46.70000076293945,45.97999954223633,46.02999877929688,445800,0.0076781977420104
2024-05-15,BHF,46.18999862670898,46.27999877929688,45.29999923706055,45.650001525878906,368700,0.0063502725605187
2024-05-16,BHF,45.93999862670898,46.38999938964844,45.619998931884766,46.220001220703125,459900,0.0079210478724778
2024-05-17,BHF,46.31999969482422,46.59999847412109,45.81999969482422,45.86000061035156,297200,0.0051187984946736
2024-05-20,BHF,45.79999923706055,46.02000045776367,44.81999969482422,45.02000045776367,389100,0.0067016301960885
2024-05-21,BHF,44.869998931884766,45.20000076293945,44.59000015258789,44.63999938964844,327900,0.0056475572893791
2024-05-22,BHF,44.5,45.05199813842773,44.01800155639648,44.20000076293945,452100,0.0077867052471129
2024-05-23,BHF,44.290000915527344,44.54999923706055,43.04999923706055,43.22999954223633,338800,0.0058352924966199
2024-05-24,BHF,43.209999084472656,43.47999954223633,43.13999938964844,43.29999923706055,329500,0.0056751147509924
2024-05-28,BHF,43.2400016784668,43.36000061035156,42.209999084472656,42.75,415100,0.0071494389473049
2024-05-29,BHF,42.16999816894531,42.36000061035156,41.72999954223633,42.27000045776367,342600,0.0059007414679515
2024-05-30,BHF,42.47999954223633,43.59000015258789,42.09400177001953,43.58000183105469,470700,0.0081070607383677
2024-05-31,BHF,43.84000015258789,44.56999969482422,43.59000015258789,44.5099983215332,516900,0.0089027824424522
2024-06-03,BHF,45.119998931884766,45.119998931884766,44.04999923706055,44.459999084472656,384600,0.0066241248353011
2024-06-04,BHF,44.040000915527344,44.51499938964844,43.400001525878906,43.41999816894531,350800,0.0060419734587197
2024-06-05,BHF,43.59999847412109,43.709999084472656,42.755001068115234,43.58000183105469,315100,0.0054270975964726
2024-06-06,BHF,43.400001525878906,43.7400016784668,42.79999923706055,42.84999847412109,355500,0.0061229235022089
2024-06-07,BHF,42.630001068115234,43.15999984741211,42.52000045776367,42.86000061035156,249300,0.0042937969876249
2024-06-10,BHF,42.220001220703125,42.68000030517578,41.90999984741211,42.61000061035156,485000,0.0083533555515367
2024-06-11,BHF,42.40999984741211,42.54999923706055,41.52999877929688,41.90999984741211,436700,0.0075214646790847
2024-06-12,BHF,42.81999969482422,42.869998931884766,41.65999984741211,41.900001525878906,460200,0.0079262148965303
2024-06-13,BHF,41.77000045776367,41.970001220703125,40.92499923706055,41.25,356000,0.006131535208963
2024-06-14,BHF,40.70000076293945,41.02000045776367,40.2400016784668,41.0099983215332,326200,0.005618277486415
2024-06-17,BHF,41.41999816894531,41.9900016784668,41.02999877929688,41.790000915527344,513600,0.0088459451778748
2024-06-18,BHF,41.720001220703125,42.33000183105469,41.59999847412109,42.06999969482422,299800,0.0051635793697953
2024-06-20,BHF,41.970001220703125,43.20000076293945,41.970001220703125,43.060001373291016,365000,0.0062865459305379
2024-06-21,BHF,43.15999984741211,43.290000915527344,42.70000076293945,43.06999969482422,1045800,0.0180122458470044
2024-06-24,BHF,43.34000015258789,44.11000061035156,43.34000015258789,43.720001220703125,338400,0.0058284031312165
2024-06-25,BHF,43.58000183105469,43.67499923706055,43.130001068115234,43.43000030517578,320000,0.0055114923226634
2024-06-26,BHF,43.31999969482422,43.33000183105469,42.72499847412109,43.25,303500,0.005227305999776
2024-06-27,BHF,43.2400016784668,43.7400016784668,42.96500015258789,43.54999923706055,391200,0.006737799364456
2024-06-28,BHF,43.58000183105469,44.09999847412109,43.16999816894531,43.34000015258789,760000,0.0130897942663256
2024-07-01,BHF,43.5099983215332,44.18000030517578,43.09000015258789,43.369998931884766,360200,0.006203873545698
2024-07-02,BHF,43.400001525878906,43.880001068115234,43.20000076293945,43.880001068115234,488200,0.0084084704747633
2024-07-03,BHF,44.0099983215332,44.619998931884766,43.720001220703125,43.95000076293945,213100,0.0036703094186236
2024-07-05,BHF,43.869998931884766,43.93999862670898,42.810001373291016,42.97999954223633,298700,0.0051446336149361
2024-07-08,BHF,43.13999938964844,44.11000061035156,43.13999938964844,43.36000061035156,550300,0.0094780444536302
2024-07-09,BHF,43.36000061035156,44.52000045776367,43.23500061035156,43.72999954223633,350600,0.0060385287760181
2024-07-10,BHF,45.369998931884766,46.55500030517578,44.869998931884766,46.470001220703125,811000,0.0139681883552501
2024-07-11,BHF,46.75,47.63999938964844,46.73500061035156,47.61000061035156,466800,0.0080398894256852
2024-07-12,BHF,47.59999847412109,48.33000183105469,47.56499862670898,48.02000045776367,414300,0.0071356602164983
2024-07-15,BHF,48.22999954223633,49.27999877929688,48.17499923706055,48.77000045776367,407600,0.0070202633459925
2024-07-16,BHF,49.130001068115234,49.83000183105469,49.06499862670898,49.52000045776367,451000,0.0077677594922537
2024-07-17,BHF,49.369998931884766,50.06999969482422,48.68000030517578,48.72999954223633,629200,0.0108369717794369
2024-07-18,BHF,48.880001068115234,49.63899993896485,48.2599983215332,48.34999847412109,356300,0.0061367022330155
2024-07-19,BHF,48.20000076293945,48.65999984741211,47.56999969482422,47.68000030517578,412000,0.0070960463654291
2024-07-22,BHF,47.95000076293945,48.25,47.38999938964844,48.15999984741211,269600,0.0046434322818439
2024-07-23,BHF,47.90999984741211,48.66999816894531,47.77000045776367,48.65999984741211,350400,0.0060350840933164
2024-07-24,BHF,48.52000045776367,49.15999984741211,47.63999938964844,47.65999984741211,298400,0.0051394665908836
2024-07-25,BHF,47.77000045776367,49.18000030517578,47.77000045776367,48.209999084472656,379800,0.0065414524504611
2024-07-26,BHF,48.619998931884766,49.27999877929688,48.619998931884766,49.09999847412109,326300,0.0056199998277658
2024-07-29,BHF,49.22999954223633,49.93999862670898,49.0099983215332,49.08000183105469,298200,0.0051360219081819
2024-07-30,BHF,49.36000061035156,50.91999816894531,49.36000061035156,50.65999984741211,726600,0.0125145322551476
2024-07-31,BHF,50.52000045776367,51.09999847412109,49.84000015258789,49.869998931884766,462000,0.0079572170408453
2024-08-01,BHF,50.02000045776367,50.650001525878906,48.18000030517578,48.84000015258789,497400,0.0085669258790399
2024-08-02,BHF,48.0099983215332,48.03499984741211,45.52999877929688,45.91999816894531,449000,0.0077333126652371
2024-08-05,BHF,45.0,45.0,42.43999862670898,43.45000076293945,686400,0.011822151032113
2024-08-06,BHF,43.77999877929688,44.72999954223633,43.45000076293945,43.959999084472656,416000,0.0071649400194624
2024-08-07,BHF,44.65999984741211,45.119998931884766,44.0,44.369998931884766,475900,0.008196622488611
2024-08-08,BHF,41.630001068115234,44.0,41.52999877929688,42.15999984741211,951300,0.0163846332704678
2024-08-09,BHF,42.41999816894531,42.459999084472656,41.459999084472656,41.959999084472656,588600,0.010137701190999
2024-08-12,BHF,41.34999847412109,42.45000076293945,40.75,40.77999877929688,568200,0.0097863435554292
2024-08-13,BHF,41.06999969482422,41.52999877929688,40.81999969482422,41.52000045776367,382500,0.0065879556669336
2024-08-14,BHF,41.58000183105469,41.755001068115234,41.29999923706055,41.34000015258789,362200,0.0062383203727146
2024-08-15,BHF,41.88999938964844,42.68000030517578,41.43999862670898,42.16999816894531,364600,0.0062796565651346
2024-08-16,BHF,42.16999816894531,43.47999954223633,42.16999816894531,43.459999084472656,333500,0.0057440084050257
2024-08-19,BHF,43.33000183105469,43.84000015258789,42.915000915527344,43.52000045776367,402300,0.0069289792543984
2024-08-20,BHF,43.38999938964844,43.77999877929688,43.25,43.5,294800,0.0050774623022536
2024-08-21,BHF,43.72999954223633,43.81999969482422,42.9900016784668,43.790000915527344,341800,0.0058869627371448
2024-08-22,BHF,43.66999816894531,44.43000030517578,43.59999847412109,44.290000915527344,319900,0.0055097699813125
2024-08-23,BHF,44.709999084472656,45.720001220703125,44.66999816894531,45.369998931884766,301700,0.0051963038554611
2024-08-26,BHF,45.619998931884766,46.25,45.34999847412109,45.5,324200,0.0055838306593983
2024-08-27,BHF,45.34999847412109,45.70000076293945,44.93000030517578,45.36000061035156,261100,0.0044970332670231
2024-08-28,BHF,45.119998931884766,45.79499816894531,45.09000015258789,45.560001373291016,302300,0.0052066379035661
2024-08-29,BHF,46.15999984741211,46.15999984741211,45.290000915527344,45.70000076293945,219200,0.0037753722410244
2024-08-30,BHF,45.7400016784668,46.11000061035156,45.52999877929688,45.900001525878906,371500,0.006398498118342
2024-09-03,BHF,45.34999847412109,45.900001525878906,44.755001068115234,45.13999938964844,330000,0.0056837264577466
2024-09-04,BHF,45.13999938964844,46.07500076293945,44.9900016784668,45.4900016784668,313900,0.0054064295002626
2024-09-05,BHF,45.7599983215332,45.7599983215332,44.25,44.36000061035156,252100,0.0043420225454482
2024-09-06,BHF,44.459999084472656,44.790000915527344,42.209999084472656,42.2599983215332,411600,0.0070891570000258
2024-09-09,BHF,42.68999862670898,42.720001220703125,41.43999862670898,41.86000061035156,380300,0.0065500641572153
2024-09-10,BHF,41.84000015258789,41.84000015258789,40.93000030517578,41.5,383200,0.0066000120563894
2024-09-11,BHF,41.18999862670898,41.20000076293945,40.0,41.150001525878906,527900,0.0090922399910438
2024-09-12,BHF,41.380001068115234,42.59000015258789,40.84999847412109,42.290000915527344,391600,0.0067446887298593
2024-09-13,BHF,42.79999923706055,42.970001220703125,42.52999877929688,42.70000076293945,305500,0.0052617528267927
2024-09-16,BHF,42.970001220703125,43.09999847412109,42.560001373291016,42.7400016784668,265600,0.0045745386278106
2024-09-17,BHF,42.790000915527344,43.7400016784668,42.790000915527344,43.22999954223633,264300,0.0045521481902498
2024-09-18,BHF,43.16999816894531,44.04499816894531,42.90999984741211,43.209999084472656,297100,0.0051170761533228
2024-09-19,BHF,44.09999847412109,44.66999816894531,43.78499984741211,44.36000061035156,363200,0.0062555437862229
2024-09-20,BHF,44.02000045776367,44.275001525878906,43.68999862670898,44.060001373291016,939400,0.0161796746497188
2024-09-23,BHF,44.31999969482422,44.7400016784668,44.02999877929688,44.09999847412109,351400,0.0060523075068247
2024-09-24,BHF,44.15999984741211,44.90999984741211,43.41999816894531,43.5099983215332,376400,0.0064828928445328
2024-09-25,BHF,43.63999938964844,43.834999084472656,43.2599983215332,43.709999084472656,261400,0.0045022002910756
2024-09-26,BHF,44.040000915527344,44.68000030517578,44.040000915527344,44.290000915527344,275200,0.0047398833974905
2024-09-27,BHF,44.58000183105469,45.10499954223633,44.09999847412109,44.630001068115234,251800,0.0043368555213957
2024-09-30,BHF,44.2599983215332,45.11000061035156,44.060001373291016,45.02999877929688,344800,0.0059386329776698
2024-10-01,BHF,45.0,45.0,43.560001373291016,43.95000076293945,278800,0.0048018876861205
2024-10-02,BHF,43.88999938964844,44.8849983215332,43.775001525878906,44.25,345200,0.0059455223430731
2024-10-03,BHF,44.09000015258789,44.09000015258789,43.45000076293945,43.93999862670898,255500,0.0044005821513765
2024-10-04,BHF,44.84000015258789,45.790000915527344,44.84000015258789,45.68999862670898,386900,0.0066637386863702
2024-10-07,BHF,45.54999923706055,45.709999084472656,44.290000915527344,44.52999877929688,294800,0.0050774623022536
2024-10-08,BHF,44.52999877929688,44.95000076293945,44.15299987792969,44.790000915527344,254500,0.0043833587378682
2024-10-09,BHF,44.650001525878906,45.58000183105469,44.61000061035156,45.16999816894531,279800,0.0048191110996288
2024-10-10,BHF,45.36000061035156,45.720001220703125,45.0099983215332,45.2400016784668,263700,0.0045418141421448
2024-10-11,BHF,45.27000045776367,46.20000076293945,45.27000045776367,46.15999984741211,273600,0.0047123259358772
2024-10-14,BHF,46.08000183105469,46.66999816894531,46.02999877929688,46.58000183105469,242500,0.0041766777757683
2024-10-15,BHF,46.86000061035156,47.86000061035156,46.40999984741211,47.34999847412109,489200,0.0084256938882717
2024-10-16,BHF,47.38999938964844,48.28499984741211,47.2599983215332,48.119998931884766,451100,0.0077694818336046
2024-10-17,BHF,48.459999084472656,49.060001373291016,47.970001220703125,48.90999984741211,416100,0.0071666623608132
2024-10-18,BHF,48.790000915527344,49.2599983215332,48.47999954223633,49.150001525878906,488300,0.0084101928161142
2024-10-21,BHF,49.09999847412109,49.36000061035156,48.38999938964844,48.5099983215332,541000,0.0093178667080028
2024-10-22,BHF,48.34000015258789,48.56999969482422,47.61000061035156,48.369998931884766,355900,0.0061298128676122
2024-10-23,BHF,48.369998931884766,48.7400016784668,48.13999938964844,48.54999923706055,393500,0.0067774132155251
2024-10-24,BHF,48.650001525878906,48.93000030517578,48.310001373291016,48.91999816894531,283900,0.0048897270950129
2024-10-25,BHF,49.06999969482422,49.34999847412109,47.15999984741211,47.40999984741211,464900,0.0080071649400194
2024-10-28,BHF,47.720001220703125,48.93000030517578,47.720001220703125,48.77999877929688,339000,0.0058387371793215
2024-10-29,BHF,48.66999816894531,49.41999816894531,48.209999084472656,48.220001220703125,385300,0.0066361812247569
2024-10-30,BHF,48.220001220703125,49.41999816894531,48.220001220703125,48.68999862670898,372600,0.0064174438732012
2024-10-31,BHF,48.400001525878906,48.72999954223633,47.29999923706055,47.29999923706055,292600,0.0050395707925353
2024-11-01,BHF,47.29999923706055,48.334999084472656,47.29999923706055,47.7400016784668,415800,0.0071614953367607
2024-11-04,BHF,47.68999862670898,48.09999847412109,46.91999816894531,47.459999084472656,408300,0.0070323197354483
2024-11-05,BHF,47.290000915527344,47.7599983215332,46.9900016784668,47.310001373291016,355400,0.006121201160858
2024-11-06,BHF,51.09999847412109,52.93999862670898,50.5,52.90999984741211,803200,0.0138338457298852
2024-11-07,BHF,52.36000061035156,52.68999862670898,50.900001525878906,51.09000015258789,533700,0.0091921357893921
2024-11-08,BHF,52.900001525878906,53.2400016784668,50.47999954223633,50.5099983215332,626000,0.0107818568562103
2024-11-11,BHF,51.0,52.59999847412109,50.970001220703125,52.2400016784668,596000,0.0102651544509606
2024-11-12,BHF,52.18999862670898,52.98199844360352,51.73500061035156,52.47999954223633,386000,0.0066482376142127
2024-11-13,BHF,52.68000030517578,52.90999984741211,51.25,51.34000015258789,403300,0.0069462026679067
2024-11-14,BHF,51.75,52.0,50.540000915527344,51.09000015258789,360000,0.0062004288629963
2024-11-15,BHF,51.15999984741211,51.560001373291016,50.56999969482422,50.970001220703125,560800,0.0096588902954676
2024-11-18,BHF,51.0,51.36000061035156,50.470001220703125,51.060001373291016,383100,0.0065982897150386
2024-11-19,BHF,49.86000061035156,50.59000015258789,49.540000915527344,50.11000061035156,324800,0.0055941647075033
2024-11-20,BHF,50.11000061035156,50.45000076293945,49.27999877929688,50.0,321100,0.0055304380775225
2024-11-21,BHF,50.29999923706055,50.869998931884766,49.900001525878906,50.45000076293945,314600,0.0054184858897184
2024-11-22,BHF,50.290000915527344,51.84000015258789,49.869998931884766,51.7400016784668,271500,0.0046761567675097
2024-11-25,BHF,52.15999984741211,53.5,52.15999984741211,52.81999969482422,506400,0.0087219366006148
2024-11-26,BHF,52.38999938964844,52.72999954223633,51.709999084472656,52.41999816894531,286500,0.0049345079701346
2024-11-27,BHF,52.5,53.2400016784668,51.97499847412109,52.33000183105469,212800,0.0036651423945711
2024-11-29,BHF,52.83000183105469,53.04399871826172,52.20000076293945,52.27000045776367,151200,0.0026041801224584
2024-12-02,BHF,52.209999084472656,52.83000183105469,51.5,52.380001068115234,373700,0.0064363896280603
2024-12-03,BHF,52.310001373291016,52.6510009765625,50.470001220703125,50.79999923706055,546500,0.0094125954822986
2024-12-04,BHF,50.7400016784668,51.0099983215332,50.18000030517578,50.84999847412109,335900,0.0057853445974457
2024-12-05,BHF,51.16999816894531,51.630001068115234,51.08000183105469,51.220001220703125,334200,0.0057560647944816
2024-12-06,BHF,51.36000061035156,51.505001068115234,50.459999084472656,51.040000915527344,242700,0.00418012245847
2024-12-09,BHF,51.540000915527344,51.540000915527344,49.994998931884766,50.09999847412109,329600,0.0056768370923433
2024-12-10,BHF,49.83000183105469,49.91999816894531,47.790000915527344,48.45000076293945,387300,0.0066706280517735
2024-12-11,BHF,48.5,48.61000061035156,47.65999984741211,48.52000045776367,386000,0.0066482376142127
2024-12-12,BHF,48.7400016784668,49.36199951171875,48.7400016784668,48.959999084472656,303000,0.0052186942930219
2024-12-13,BHF,48.959999084472656,49.310001373291016,48.59999847412109,48.77999877929688,281500,0.0048483909025929
2024-12-16,BHF,48.65999984741211,49.7400016784668,48.51499938964844,49.68000030517578,310100,0.005340980528931
2024-12-17,BHF,49.43000030517578,49.494998931884766,48.77999877929688,48.959999084472656,371000,0.0063898864115879
2024-12-18,BHF,48.97999954223633,49.11000061035156,45.93000030517578,45.970001220703125,358300,0.0061711490600322
2024-12-19,BHF,46.27999877929688,47.15999984741211,46.27999877929688,46.630001068115234,331900,0.0057164509434124
2024-12-20,BHF,46.43000030517578,48.13999938964844,46.43000030517578,47.9900016784668,912000,0.0157077531195907
2024-12-23,BHF,47.68999862670898,48.15999984741211,47.31999969482422,48.06999969482422,292600,0.0050395707925353
2024-12-24,BHF,48.20000076293945,48.744998931884766,48.0,48.650001525878906,130000,0.002239043756082
2024-12-26,BHF,48.220001220703125,48.88999938964844,48.150001525878906,48.79999923706055,164300,0.0028298068394175
2024-12-27,BHF,48.27999877929688,49.15999984741211,47.71500015258789,48.220001220703125,174400,0.0030037633158515
2024-12-30,BHF,47.630001068115234,48.4900016784668,47.040000915527344,47.970001220703125,321500,0.0055373274429259
2024-12-31,BHF,48.130001068115234,48.89500045776367,47.84000015258789,48.040000915527344,286500,0.0049345079701346
2025-01-02,BHF,48.2599983215332,48.7400016784668,47.75,47.9900016784668,233300,0.0040182223714918
2025-01-03,BHF,48.31999969482422,48.540000915527344,47.834999084472656,48.09000015258789,333200,0.0057388413809732
2025-01-06,BHF,48.11000061035156,49.25,47.97999954223633,48.040000915527344,298300,0.0051377442495328
2025-01-07,BHF,48.06999969482422,48.93000030517578,47.68000030517578,48.2400016784668,308800,0.0053185900913702
2025-01-08,BHF,47.93000030517578,47.93000030517578,46.95000076293945,47.75,216500,0.0037288690245519
2025-01-10,BHF,46.880001068115234,46.900001525878906,45.6150016784668,45.7400016784668,259000,0.0044608640986557
2025-01-13,BHF,45.41999816894531,46.56999969482422,45.41999816894531,46.43999862670898,269800,0.0046468769645456
2025-01-14,BHF,46.59000015258789,47.83000183105469,45.9900016784668,47.77999877929688,364700,0.0062813789064854
2025-01-15,BHF,49.09999847412109,49.79999923706055,48.560001373291016,49.54999923706055,329600,0.0056768370923433
2025-01-16,BHF,49.38999938964844,50.25,49.310001373291016,50.11000061035156,320200,0.005514937005365
2025-01-17,BHF,50.56999969482422,50.84000015258789,50.29999923706055,50.560001373291016,257600,0.004436751319744
2025-01-21,BHF,50.70000076293945,51.61000061035156,50.650001525878906,51.4900016784668,396000,0.0068204717492959
2025-01-22,BHF,51.29999923706055,51.459999084472656,50.150001525878906,50.150001525878906,245000,0.0042197363095391
2025-01-23,BHF,50.06999969482422,51.02999877929688,49.77999877929688,50.81999969482422,360400,0.0062073182283996
2025-01-24,BHF,50.52999877929688,51.06999969482422,49.400001525878906,50.68000030517578,254700,0.0043868034205699
2025-01-27,BHF,50.68999862670898,51.29999923706055,50.60499954223633,51.09000015258789,287600,0.0049534537249937
2025-01-28,BHF,50.91999816894531,64.0,50.91999816894531,58.33000183105469,3111400,0.0535889287897968
2025-01-29,BHF,61.02999877929688,63.32799911499024,60.29999923706055,62.0,2287900,0.0394054477656926
2025-01-30,BHF,62.400001525878906,62.95000076293945,61.02999877929688,61.2599983215332,1137100,0.0195847435003143
2025-01-31,BHF,61.0,63.40999984741211,60.77999877929688,61.709999084472656,1428300,0.024600201513938
2025-02-03,BHF,59.20000076293945,61.255001068115234,58.95000076293945,59.97999954223633,1096400,0.0188837505705255
2025-02-04,BHF,59.880001068115234,60.90999984741211,59.5,59.959999084472656,927800,0.0159798830530222
2025-02-05,BHF,60.15999984741211,60.43399810791016,59.380001068115234,59.5,935400,0.0161107809956855
2025-02-06,BHF,60.2599983215332,60.2599983215332,58.45000076293945,59.38999938964844,880700,0.0151686602767802
2025-02-07,BHF,59.68999862670898,60.29999923706055,59.040000915527344,59.959999084472656,566300,0.0097536190697634
2025-02-10,BHF,60.09000015258789,60.40999984741211,58.900001525878906,58.97999954223633,591700,0.0101910937728748
2025-02-11,BHF,59.02999877929688,59.369998931884766,58.47999954223633,58.4900016784668,843400,0.0145262269529197
2025-02-12,BHF,58.95000076293945,59.584999084472656,57.23500061035156,58.4900016784668,1391500,0.0239663798968317
2025-02-13,BHF,58.43000030517578,59.20000076293945,57.79499816894531,58.7400016784668,841300,0.0144900577845523
2025-02-14,BHF,58.83000183105469,62.56999969482422,58.83000183105469,62.13999938964844,1262100,0.0217376701888547
2025-02-18,BHF,62.25,63.27999877929688,61.6349983215332,62.810001373291016,1209900,0.0208386080037202
2025-02-19,BHF,63.540000915527344,64.12000274658203,62.41999816894531,62.970001220703125,830000,0.0142954332119082
2025-02-20,BHF,62.58000183105469,62.88999938964844,61.18999862670898,61.869998931884766,637400,0.0109782037702052
2025-02-21,BHF,62.25,62.650001525878906,59.244998931884766,59.45000076293945,632500,0.0108938090440144
2025-02-24,BHF,60.22999954223633,60.5,58.84000015258789,59.43999862670898,1045600,0.0180088011643027
2025-02-25,BHF,59.54999923706055,60.04499816894531,58.34999847412109,59.09000015258789,640800,0.0110367633761335
2025-02-26,BHF,59.119998931884766,60.244998931884766,58.0,58.29999923706055,609500,0.010497670533323
2025-02-27,BHF,58.97999954223633,59.61000061035156,58.56999969482422,58.70000076293945,913600,0.015735310581204
2025-02-28,BHF,59.27999877929688,59.720001220703125,58.02000045776367,59.310001373291016,1421500,0.0244830823020814
2025-03-03,BHF,59.33000183105469,60.5,57.81999969482422,58.08000183105469,762500,0.0131328528000964
2025-03-04,BHF,57.119998931884766,57.125,53.77000045776367,54.959999084472656,1231400,0.0212089113941492
2025-03-05,BHF,54.93999862670898,57.0,54.36000061035156,56.34999847412109,1351700,0.0232808880392004
2025-03-06,BHF,55.66999816894531,56.06499862670898,54.20000076293945,54.90999984741211,798700,0.0137563403690977
