Date,Stock,Open,High,Low,Close,Volume,Turnover
2020-04-09,BAND,2.5934041339499125,2.512488077992418,2.352810922705223,2.5568589752132223,-0.21452145214167456,0.0142655171249957
2020-04-13,BAND,3.103850717372725,1.8002744143904041,2.9054847228369027,1.4920241059679507,-0.9273387829077686,0.0124279505132061
2020-04-14,BAND,2.6743796103682373,1.4993474488843406,3.226420446743835,1.7684849006442853,-1.1245366938306223,0.0114979167994839
2020-04-15,BAND,1.4691855200451256,1.2294562888038423,2.5929004433121157,1.1499993310304406,0.957634598394393,0.0163768436605826
2020-04-16,BAND,1.265227476190309,1.75156207485728,1.3913030163688118,2.413042912682083,-0.31156222417808366,0.013680495917977
2020-04-17,BAND,2.4349381667174397,1.8541795453981802,2.268881766434276,2.33766457047504,-0.8385565052072449,0.0126867098932336
2020-04-20,BAND,1.6654669698371907,1.8224464469048505,2.2983367747372188,1.7950706084546866,-1.7413945277715552,0.0106428858046104
2020-04-21,BAND,1.3453134538178309,1.2836941915365252,1.5928645397546088,1.32678989306508,-1.3298739807067477,0.0109316462721773
2020-04-22,BAND,1.571428885266698,2.1360694775270663,2.086074477505451,1.4124877142691752,0.48877374783266364,0.0153568066842423
2020-04-23,BAND,1.6452027942856193,1.5511961769816411,1.6224483910236873,1.1047230273847437,-0.8491921005233538,0.012199192220718
2020-04-24,BAND,1.0326726199903218,1.4559512500440612,1.1160993570765732,1.4716969596813505,-0.8465063000951545,0.0122291933082574
2020-04-27,BAND,1.4568855165396268,1.6986109709143202,1.7110034368889016,1.5834375968380947,-0.029262086513250327,0.0135942427913011
2020-04-28,BAND,1.751427557205437,1.6854735455060497,1.3212731406106315,1.0238496212000432,-1.0355912743734652,0.0118804306656116
2020-04-29,BAND,1.3831598204249278,0.9349655193845948,1.264263217224781,0.6097574411954831,1.1366245694342911,0.0154280592671484
2020-04-30,BAND,0.7145541104687343,1.875789454848519,0.5520670066633626,1.465419746374619,6.781649244906349,0.0245858912385573
2020-05-01,BAND,3.154849893067542,5.1610880750645345,3.00185457025107,4.6873683357098415,24.702265371635335,0.0565745508274675
2020-05-04,BAND,4.1761650706125835,5.588018892243123,4.545451958075187,6.898189298269861,2.3570658036168917,0.0177343928717416
2020-05-05,BAND,7.069911011969817,6.70667690181479,6.654913890389018,9.115827121918008,7.623516720439622,0.0268884747072081
2020-05-06,BAND,7.470344214548737,9.892850982682358,7.529088837078496,11.378235532143224,6.935517970255063,0.0259396903137738
2020-05-07,BAND,9.756124335119598,11.260495699056769,9.292725391690055,13.460974634152363,3.9049207672409523,0.0227520747627101
2020-05-08,BAND,8.871053412298158,10.644090479440443,9.330581983321148,14.220053708557316,3.033134526136075,0.0231008374053559
2020-05-11,BAND,7.387607805779172,9.120885520460522,8.216147923909121,14.361910102254738,2.448101265797994,0.0244583866165148
2020-05-12,BAND,6.946195547198283,8.009583665510448,6.793835757476369,10.1813091631634,0.07428278688448481,0.0159718289788004
2020-05-13,BAND,5.643502046457417,6.671442329837137,6.261844865251679,8.445603075903758,2.04323144103019,0.0244733871602845
2020-05-14,BAND,4.017869464904868,2.868942888994792,4.3697937554094395,3.1290318543184705,-0.9791248494501877,0.0111266533411836
2020-05-15,BAND,2.3051806330857647,2.139238810879373,2.2311205951644864,1.7213173386448257,1.3439086294330969,0.0247958988513333
2020-05-18,BAND,1.7000000724095656,1.4349001648046071,1.3083541070497415,1.0787456312986172,-0.2599999999983226,0.0153418061404725
2020-05-19,BAND,1.1478610547566863,1.058823515307435,1.2675997208647887,1.0562730208018427,-1.5632258064415274,0.0077665315367682
2020-05-20,BAND,1.0570274966252118,0.8071142151832807,0.9691441343693702,0.7293612333670857,-0.402580645158693,0.014513026097196
2020-05-21,BAND,0.7006487542681896,0.32950380107192473,0.13938361612475197,0.13377887596211188,-0.5341935483836503,0.0137479983649407
2020-05-22,BAND,0.4260870151047718,0.4293369399084155,0.5860514897059217,1.0451608681741191,-1.2670577338606541,0.0091578319714089
2020-05-26,BAND,1.519452225387763,0.9612247599550089,0.4689429341356054,-0.18895395244584817,-0.41062056189928603,0.0143592705235564
2020-05-27,BAND,-0.14226502744167244,-1.04258420278292,-1.1078356392111877,-0.9220337610892985,0.24404761904591002,0.0203482376236138
2020-05-28,BAND,-0.7137997443197827,-1.2210871109909396,-0.638828919231573,-1.050610583666633,-1.6809540269500105,0.0099228597036642
2020-05-29,BAND,-0.4215490545371038,0.03490344873765416,0.24479611389560857,0.9914228097944892,-0.14086255041799028,0.0160318311538793
2020-06-01,BAND,1.1718464146142502,1.4744079163842843,2.323526278917061,1.6719804133088054,-0.13762410133421688,0.0152480527419118
2020-06-02,BAND,1.116760978930519,0.2640349233930299,0.3877009819598034,0.6537469415831296,-0.2496402877679882,0.014355520387614
2020-06-03,BAND,0.6945604923756061,2.452829370300278,2.065245814890843,2.7216513453413143,0.0016266775111701776,0.0153568066842423
2020-06-04,BAND,1.8644434801692171,2.02201120883159,1.7285095673249768,1.8247430910760545,-0.37335958004759373,0.0142280157655715
2020-06-05,BAND,1.219229989929477,2.268738734544294,2.6220550792725015,2.164350649520184,2.8234908136112407,0.0233633469213258
2020-06-08,BAND,1.4927821435836321,0.6630712007242612,-0.8027134962941069,0.8741749023974427,1.1839762611041746,0.0175393858027353
2020-06-09,BAND,0.5582970600238042,3.191015809458033,2.581221119192346,3.520883504613268,4.131552917821335,0.0231270883569529
2020-06-10,BAND,3.310343217829859,3.2457237884717625,3.8262566408075807,3.0466821528963544,1.8754385964692932,0.0213082724248754
2020-06-11,BAND,1.4102038142656048,2.338920687628927,2.4527696206472243,2.875324241966846,1.1047120418682916,0.0180644048346752
2020-06-12,BAND,2.7121860308457095,2.20113705824847,1.611657548363894,1.3494213093650025,-1.6910994764144938,0.0110554007582774
2020-06-15,BAND,1.124400563708423,4.428836538555296,1.5052244095391925,3.4035924306575107,3.822737471894948,0.0248784018420667
2020-06-16,BAND,5.13396641635956,3.0552898314230976,2.788516347304607,3.6003310188231925,-1.0286041189813662,0.0115091672073112
2020-06-17,BAND,4.629540634997249,2.5371140503372027,3.3597774647660685,2.9562246122089775,1.2957665903741904,0.0195494586678767
2020-06-18,BAND,3.4662110831713444,2.890857721480833,3.3902741882464755,4.0058790627998055,1.1361940298401476,0.020261984496938
2020-06-19,BAND,3.6683842205959065,2.747887651898981,2.3508355109710424,2.6562886733743283,2.374001065504806,0.0251409113580367
2020-06-22,BAND,2.8425807385199944,2.376218427834319,2.2761241851825282,3.1559293481415813,-0.11808576755602132,0.016826859973674
2020-06-23,BAND,3.3730683275372173,1.6009682142010218,1.8356944133322242,1.6180494455914038,0.5374999999932812,0.0194144537739493
2020-06-24,BAND,1.9223848476767218,0.9564399201540362,1.2917854835612472,1.4641545402837566,1.266450916922692,0.0222045549151156
2020-06-25,BAND,1.4393404492652186,1.5632471346919323,1.5006067742778728,2.1317480116284067,-2.426105717341682,0.0093678395841849
2020-06-26,BAND,1.8148822561410822,1.0785698387530598,1.5112643332650992,0.8365096562824393,3.88095238091542,0.034021233269706
2020-06-29,BAND,0.48208688577047293,0.17980889255633264,0.7629933009749961,0.6003822302293272,-2.771269773383743,0.0065852387149034
2020-06-30,BAND,0.5113172299324077,0.5389390315100422,1.0338649211715387,0.7484661668248337,-2.486304256194806,0.0076765282741499
2020-07-01,BAND,0.8473193311740306,1.3921508294375229,2.1179877350905447,1.5636152691002156,-1.4564860426809814,0.0120866881424451
2020-07-02,BAND,1.8962708444927165,2.279777545224275,3.9063788101963746,1.960355914297563,0.7553562531065735,0.0223245592652733
2020-07-06,BAND,2.449885032395905,3.7013080397532567,3.4846957544557564,1.9829315114521266,-1.5290345564550833,0.0106916375718619
2020-07-07,BAND,1.579841606021634,2.4026401365079226,2.8397137095299914,2.2620784643470593,-1.6172248803731026,0.0085990617159872
2020-07-08,BAND,2.3378012871884226,3.3047821233074943,3.4408163431054812,3.717423192794429,-1.2059628840814969,0.0100128629662825
2020-07-09,BAND,4.503262153923671,3.8972461084149894,4.869261907528165,3.937004051310344,0.0765146783255683,0.0177456432795688
2020-07-10,BAND,3.9682015127301584,2.5688129591902835,3.3710235342809427,2.2884372610363135,-0.4386740331459398,0.0123604480662424
2020-07-13,BAND,2.153554775308746,1.6936723839017234,1.0971747124244997,0.08250281177986842,0.06171983356406574,0.0174943841714262
2020-07-14,BAND,-0.36789636970322315,-0.18987351634796756,-0.339430510487829,0.21702118279413396,-0.8465669351680356,0.010455379007489
2020-07-15,BAND,0.7306557862120954,0.2254664156475549,-0.7166495158274233,-0.7797877529128837,0.7025641025589555,0.0207570024413384
2020-07-16,BAND,-1.3973222544659405,-1.5847545405974595,-1.0579703016996882,-1.781294916783534,-0.12516869095732006,0.0154355595390332
2020-07-17,BAND,-1.8110128204080431,-0.904761015988854,-0.9109710986551266,-0.698338584840105,-1.858069439131186,0.0047664227828258
2020-07-20,BAND,-0.17339355635248915,0.8163264779540692,1.3137623933704985,1.0285687492105675,0.8582887700458264,0.0175093847151959
2020-07-21,BAND,1.0532314442296982,1.4681893794349925,1.5556735577719996,2.064175073861472,0.7023172905463252,0.016853110925271
2020-07-22,BAND,1.3879590276519742,1.331925372881113,2.0057150529513863,1.9506343881731727,-0.7139354311343364,0.008947824358633
2020-07-23,BAND,1.3987747971691504,1.8035292028230918,2.0154661657784394,1.3116325578787136,0.6906837999018753,0.0150455454010207
2020-07-24,BAND,1.1833705773347383,1.0188681255880252,0.9195628018623402,1.0321964348581754,0.8104639684026608,0.0167818583423649
2020-07-27,BAND,1.2875854649442122,1.8198611397206583,1.8259646135645209,1.9261723108529596,0.2276422764205869,0.014145512774838
2020-07-28,BAND,2.0181623181578425,2.5440787970975713,2.3373017609805475,1.952964143434326,0.19913419913173613,0.0151993009746603
2020-07-29,BAND,2.3504151007942062,2.4962192668395256,2.8231297472295656,3.410426069265628,0.26810584957843864,0.0158443243567579
2020-07-30,BAND,2.7427438043958268,3.923172762074233,2.600828676301407,3.235884331631003,1.655292479085581,0.0197744668244223
2020-07-31,BAND,3.937347957113495,4.069577989358727,1.4088753316132634,1.5174777059956182,6.550835654504864,0.0329561946620565
2020-08-03,BAND,1.6227738500591018,3.909095858951512,2.130880684049866,3.2217748154801846,-0.18100649350355508,0.014899290099266
2020-08-04,BAND,2.385490957683213,2.1731346770082225,2.2330527116751457,2.5248557367954425,-2.4163961038568766,0.0097353529065428
2020-08-05,BAND,2.3108532590090083,2.3852811847688775,1.933869226638651,2.093297888860743,-1.4099025973797095,0.0120604371908481
2020-08-06,BAND,2.1060201515857107,1.785811825742688,1.8248514735908452,1.646924766281788,-3.272396212625311,0.0066977427931762
2020-08-07,BAND,1.723533797331799,0.9635683992051768,0.880733845780965,0.8640773223284242,-1.010878010862302,0.0126829597572912
2020-08-10,BAND,0.8122149481587666,0.36817404495267503,0.7325486174739914,0.4270993743166871,-2.372333103890264,0.0085090584533689
2020-08-11,BAND,-0.0160753739760301,-0.12576249241266996,0.015501511916680833,-0.12959444038107337,-1.0784583619947907,0.0120341862392511
2020-08-12,BAND,-0.16240508142023863,-0.1520682673118964,0.05869750970385802,-0.056756685459255926,-2.3340909090555444,0.0087453170177418
2020-08-13,BAND,-0.22450816949845412,-0.06524805958912355,0.16258611916901763,0.20382201691467244,-1.5416227607845985,0.0079277873822926
2020-08-14,BAND,0.35827878763265114,0.015511627141502992,0.8397283601808693,0.49659933756094504,-1.0864067439295426,0.0095478461094214
2020-08-17,BAND,0.6446105194490068,0.8353035865982196,1.6902515177266224,1.3306126878156777,-1.3289831429980536,0.0077890323524227
2020-08-18,BAND,1.1545452079121137,1.048415958068161,1.327458335153923,1.90297487445203,-2.0052295176989516,0.0055764521463903
2020-08-19,BAND,1.6079529288063186,1.1605310180901542,2.230849537128674,1.230193526539642,-1.9237938596280286,0.0054676982040598
2020-08-20,BAND,0.9652265464365517,1.4789103066522225,1.5599807684816125,2.0708569870888662,-1.037631433303402,0.0073690171268708
2020-08-21,BAND,2.2791506508204797,1.2304237709168262,2.306514497276344,1.681772368164461,-0.1622377622354932,0.0092065837386605
2020-08-24,BAND,2.171540985392112,1.31038389109172,2.8198382172940017,2.015222594211919,0.07482462977280087,0.0098216060332187
2020-08-25,BAND,1.3756308053300752,0.965210603863409,1.997480067850265,1.2984531292463348,0.5771704179971516,0.0109878983113137
2020-08-26,BAND,1.4304550423685836,2.192726165724773,1.8851298189614227,0.8785525153255397,-0.35751295336046607,0.0087303164739721
2020-08-27,BAND,0.9541661278804415,0.6396816893387013,-0.10674529495145735,-0.8888866877841929,3.302590673506682,0.0153530565482998
2020-08-28,BAND,-0.4097239774946728,-0.11009288427645433,0.035787261817512045,0.19068565610794783,0.43962485344807445,0.0100803654132462
2020-08-31,BAND,0.47864539856713384,1.2960197535407512,0.9864691710523048,1.2290279654774146,3.070339976481352,0.0142880179406503
2020-09-01,BAND,1.6189892643632426,4.52547088765761,2.1113074721984075,2.938753800883648,6.798963730429037,0.0216795358831757
2020-09-02,BAND,3.899287481491657,3.4352750248797923,1.9234752614843325,2.3168628451243207,1.0348314606509026,0.011104152525529
2020-09-03,BAND,1.8518920193544282,1.3632668942130821,-0.02666616512541823,-0.12781817819945546,3.8737166323639896,0.0167593575267103
2020-09-04,BAND,-0.3396212424628439,-0.5911526153999995,-1.6724998419531616,-1.0150373143164342,2.557494866477259,0.014355520387614
2020-09-08,BAND,-1.3504085848415222,-2.1152788668951428,-1.547237834639227,-1.7132113538629845,1.9620141342409538,0.0141155116872986
2020-09-09,BAND,-0.9876174383239777,-1.1554939743118595,-0.4023259829781742,-0.8822158238069869,-0.9960278053426806,0.0078040328961924
2020-09-10,BAND,-0.48220636670369466,-0.2095388644448019,0.11600135252984765,-0.3477703619199716,0.6048738032966949,0.0112541579632261
2020-09-11,BAND,-0.3293835682903597,-1.1465045210265725,-2.246664846852916,-2.334645671453876,0.791780821906962,0.0127017104370033
2020-09-14,BAND,-1.3720356017177877,-2.2776801000785394,-0.9771927456272393,-1.7755890602622244,5.512434933423801,0.0289172982520616
2020-09-15,BAND,-0.943978736395432,-2.4548532435591532,-1.8866673842584891,-1.5606592297650492,0.6612903225724406,0.0131779777016916
2020-09-16,BAND,-1.0812513302252198,-2.3296351785352956,-1.2731246930768323,-1.620986867526228,1.5746540422203257,0.0160318311538793
2020-09-17,BAND,-1.7895318632595705,1.3854591736072839,-2.087713761874056,-0.3628320924392791,25.264650283235483,0.0881206943751711
2020-09-18,BAND,0.414306639725903,0.438957341211083,0.4493270269647007,0.631397171209887,14.458739441007685,0.0553707571899481
2020-09-21,BAND,0.592035490469909,3.502455323896636,1.012750031365889,2.301868561771826,10.183006535826703,0.0463366797046392
2020-09-22,BAND,3.289429823973625,3.1643129554558502,1.7622856278196775,3.3952800595555774,7.758443045131558,0.0397364404459661
2020-09-23,BAND,4.567312090829978,3.0949938820367673,1.9144616011289777,1.7268698462929737,2.4117905851085633,0.0251334110861518
2020-09-24,BAND,1.7873817739369577,1.166155092122317,1.5492731334464664,1.9625138091137653,0.09347735770591212,0.0161143341446127
2020-09-25,BAND,2.2879500433953583,1.8309795505222837,1.8164993532098248,2.883105969283996,2.9510638297663045,0.0316773983056885
2020-09-28,BAND,3.0811586019705723,1.932053324836768,2.3055876117069327,2.105861239923045,0.28848920863101807,0.0179406503485751
2020-09-29,BAND,2.3283100981740326,1.7439125888476252,2.524649172551638,2.5207788851342516,-0.7115107913617876,0.0127279613886003
2020-09-30,BAND,2.726335063851753,1.667588743833699,2.6423956512501077,2.4521946123628977,-0.939768976889936,0.0118016778108206
2020-10-01,BAND,2.8838760357058666,1.8122723405746737,2.581798716419336,3.077592860088093,-0.8936376881894742,0.0126229575822123
2020-10-02,BAND,2.4488689852902654,1.630725495955544,1.9920869697269723,1.9294379200022893,-1.0558455114712335,0.0114004132649808
2020-10-05,BAND,2.084935573014972,1.3511149012459687,1.7531907620734162,1.579681129653495,1.9162386408382757,0.0251671623096337
2020-10-06,BAND,1.5512232973569897,1.479546465355543,1.7469178511815728,1.700038421072373,-0.10035559067482928,0.0155968153845576
2020-10-07,BAND,1.000894156237757,0.6007421429984111,0.747850249042202,0.40997282538987306,4.420065789444605,0.0422227805757958
2020-10-08,BAND,0.29455306808509824,0.31306444816966883,0.8663290313819457,0.4029452190935947,0.24185294909646188,0.0213082724248754
2020-10-09,BAND,0.426886108561936,0.4815334597672004,1.1314235262035777,0.8094094636420652,-1.1995952441123217,0.0107328890672286
2020-10-12,BAND,1.435808348377051,1.771205443587434,1.2182846241012788,1.6819716878008462,0.12558548009294154,0.0195494586678767
2020-10-13,BAND,2.1654793202609954,3.502653439238745,2.0681938029730387,2.4730685663573553,3.9564125969696193,0.0529369189633124
2020-10-14,BAND,2.7867344584835783,3.3353156529055568,1.6277310228255657,2.1978153831952993,-0.17183934276507604,0.0190169393640519
2020-10-15,BAND,1.8751845778801177,2.0232015446097344,1.4244028655013694,2.032775548544239,0.42732769044533336,0.0237421106515111
2020-10-16,BAND,2.181820228660607,2.1938074660532014,1.4522041032763464,1.334354281121379,-1.396140749140771,0.0100578645975916
2020-10-19,BAND,1.6940976262211538,1.6007828671418283,1.2365066891884682,0.6614118786887541,-0.3186450839309434,0.0164855976029131
2020-10-20,BAND,1.1431117716176096,0.21813152685189585,-0.38556989424200566,-1.2556002722850552,-0.09068189932102333,0.0169881158191984
2020-10-21,BAND,-0.35957121528593233,-1.229601547664552,-0.8161028450654988,-1.3319499023294148,0.5818324197291947,0.0202507340891107
2020-10-22,BAND,-1.043164914745991,-1.4534695889736295,-2.6073515997427714,-2.9784219372101295,2.137964458790708,0.0308861196218362
2020-10-23,BAND,-2.8111513139260866,-3.5598516373956532,-2.792240527376219,-2.4204810154169385,1.5796445880350265,0.0276460021675785
2020-10-26,BAND,-2.5077212314718116,-2.790799931678727,-2.9991669758822646,-3.1103870575173054,0.6511908350880241,0.0233333458337864
2020-10-27,BAND,-2.605611331893043,-2.819571048130466,-1.879970082361212,-2.0419172820054903,-0.7926033357447961,0.0151843004308906
2020-10-28,BAND,-2.3035580112517726,-2.1397261859226595,-1.546969601485141,-1.4682489948709978,1.0935386927040305,0.0253584192426975
2020-10-29,BAND,-1.215347218622921,-1.6516811062948271,-0.9582455263236863,-0.8539842282077,0.1522375575060457,0.0214620279985149
2020-10-30,BAND,-1.0016400649003785,-0.7162712812723809,-1.0902545625080335,-1.1951578625204191,2.0173457038965927,0.0307623651357361
2020-11-02,BAND,-1.4059840438865991,-1.5699715986303284,-1.6878979856770917,-1.2660325511577675,-0.6483516483461678,0.0179031489891508
2020-11-03,BAND,-1.6529201602445713,-1.8087825652364342,-2.073337959927013,-1.3111478206414224,2.5167406211979286,0.033083699284099
2020-11-04,BAND,-1.2581257453089403,-0.9717011170977476,-0.9987733738195967,-1.0028965324319348,-0.7662337662266584,0.0176818909685476
2020-11-05,BAND,-0.701419140277812,-0.6716169110047435,-0.07011388975922134,-0.2783385581873103,-1.0885231316629136,0.0153118050529331
2020-11-06,BAND,-0.08995876530287183,-0.666534507800807,-0.05257515950118446,-0.5045757339327344,-2.0538256227575284,0.0112429075553988
2020-11-09,BAND,-1.2012664923674932,-1.6862286179722317,-2.5622327000566862,-3.1899727659175507,3.921985815573557,0.0405577202173578
2020-11-10,BAND,-3.217522117924127,-3.267824067719393,-3.5188900011671147,-3.403943667916372,1.5718551698277576,0.0287522922705948
2020-11-11,BAND,-3.7229140962991156,-3.056878689693985,-2.902856469622923,-3.373369246659117,-0.9393830702945525,0.0159455780272034
2020-11-12,BAND,-3.902241819883656,-2.142494248843716,-2.5770879794866217,-2.41617323889237,-1.0130434782520605,0.0147080331662022
2020-11-13,BAND,-2.402609136400943,-2.275973325451269,-3.1407391021011124,-2.8912922221477695,0.42718794834700724,0.0230895869975286
2020-11-16,BAND,-3.5795122821903633,-2.9455390992734922,-3.9106833685207985,-2.9729405318178643,-0.7966284074548304,0.0166918550797466
2020-11-17,BAND,-3.3327496938539998,-2.9949703353193344,-2.825812435389994,-2.1134727209593334,-1.0521564694011891,0.0149555421384025
2020-11-18,BAND,-2.191413110060918,-2.655982309667786,-1.621675799339246,-1.6687302533677388,-0.9842868654231726,0.0151017974401572
2020-11-19,BAND,-1.69202412781341,-1.4088742812160042,-0.9284884998400093,-1.4363623163865176,-1.176693310886187,0.0125479548633637
2020-11-20,BAND,-1.2807087448568955,-0.27924831886366125,-0.43554695992679443,-0.21353138411345274,0.7412548584037618,0.0202957357204198
2020-11-23,BAND,-0.0704663901349331,-0.08838880625690784,0.32714558990627973,0.008801076714766752,-0.0771812080526553,0.0172506253351684
2020-11-24,BAND,-0.158701318556492,-0.3681375173077495,-0.5307299764549732,-0.8725099452045006,3.4908384230595133,0.0295810723138713
2020-11-25,BAND,-0.7189357965972993,-0.9036184649139587,-0.28147391073905753,-0.49735901301292473,0.4388853704820914,0.0190919420829005
2020-11-27,BAND,-0.5194788715362687,-0.35234906450880554,0.40190472505564045,0.790606104693107,-2.861073825464952,0.0094728433905729
2020-11-30,BAND,1.0050008168650302,0.195353296011803,1.222973536677478,1.2469811887844406,0.7992882562163803,0.0195719594835312
2020-12-01,BAND,1.0100018837299978,0.18556921002909008,2.6013494365108483,1.5932922564460674,-0.5944487278242954,0.0155255628016515
2020-12-02,BAND,1.12750215953071,1.723714364477017,2.425674211499174,2.7798691136114506,-0.42686056457781246,0.0153830576358393
2020-12-03,BAND,2.6925003949901356,2.1732012923654946,6.542786935266447,3.155706454317304,-0.04428341384791814,0.0157393205503699
2020-12-04,BAND,2.9425003324901513,1.6309313325361545,4.2499980855875,2.94631077930693,-0.9107479572481365,0.0131254757984976
2020-12-07,BAND,2.644999796513723,2.032993235044802,6.682425335490914,3.405373049180313,-2.497171590163455,0.0083928042391536
2020-12-08,BAND,3.2550002543651706,2.6783561517300707,4.683888963523401,2.8703690277398923,-0.709999999987091,0.0141680135904926
2020-12-09,BAND,2.443695342097895,2.6145239930789983,3.1209555969922547,1.114702646257833,-1.963636363600661,0.0114041634009232
2020-12-10,BAND,0.9633502169918837,1.7529987256660642,2.961129749400412,1.70710565828684,-2.1192517536692246,0.0101441177242675
2020-12-11,BAND,1.8010476457096,2.329737714068794,2.548128983083019,2.124332399503586,1.9644699140175994,0.0218820432240668
2020-12-14,BAND,2.2414751507884976,3.02642022772492,2.6949594549989686,2.935502855175273,0.2421203438360728,0.0160880831930157
2020-12-15,BAND,2.9456935004679305,3.0980910731164903,2.639970857386369,2.555633519298615,1.7020057306395187,0.0210232620932508
2020-12-16,BAND,2.8829504720582393,2.5138070481048693,2.956730020473067,2.5243557848199423,-1.4585365853516241,0.0098478569848157
2020-12-17,BAND,2.748307549109692,2.2535560952800564,2.777883486291699,3.136295560392556,-1.1221303948473633,0.0108716440970985
2020-12-18,BAND,3.59774345327722,2.847289664898726,2.3419394454634306,3.1970368346693117,2.1328553352835695,0.0251146604064397
2020-12-21,BAND,2.9392268120077256,2.168937691357315,2.1606490269423504,2.6367944550305786,-0.3774104683160936,0.0139130043464075
2020-12-22,BAND,2.5971319849917625,2.093511626050004,2.2912491117431477,2.5366518094684447,0.572084481170137,0.017790644910878
2020-12-23,BAND,2.5130760288299703,1.8281987863105735,1.1200004119481388,1.0726846399477787,3.676767676733914,0.0304698545322267
2020-12-24,BAND,1.0228908324859178,1.1290831847542537,1.1626324918033206,0.7726253191177648,-2.2557117750241154,0.0051489366489535
2020-12-28,BAND,1.0073907274074303,0.37210590831013146,-0.3991226623244587,-0.8784876819563728,3.7965517241052025,0.0319699089091979
2020-12-29,BAND,-0.8315118056106409,-0.971979103196647,-0.24759161786051873,-0.6346040531530011,0.5099913118982625,0.0176556400169506
2020-12-30,BAND,-0.601298682937815,-1.1868065681803635,-0.45881154265353385,-0.8478520111832312,0.31157270029409434,0.0169393640519468
2020-12-31,BAND,-0.7963292085997364,-1.4080564454778335,-1.1422143958227509,-1.6533735334846333,1.0450683413295525,0.0212182691622571
2021-01-04,BAND,-1.1187236460347034,-1.4389962609155478,-1.0338252869909128,-1.0631115767182393,-0.11418944215564066,0.0149442917305752
2021-01-05,BAND,-1.0155262938979213,-1.6094583073557391,-0.7953308512234819,-1.155023288911566,0.0056200824278334945,0.0161443352321521
2021-01-06,BAND,-1.3473806524402971,-2.139521997493899,-2.221452327462081,-2.680236622627146,5.909056171143225,0.0455379007489021
2021-01-07,BAND,-2.185415147303159,-2.2177139705456046,-1.6598188065169404,-1.7511538973968064,1.297423049382266,0.0240946234300993
2021-01-08,BAND,-1.5079621108549544,-1.4856250169244982,-1.09018760316416,-1.1949141183308234,-0.538359788355041,0.0150080440415965
2021-01-11,BAND,-1.1591722626568841,-1.051876053756818,-0.8348712228163762,-1.0898462171794314,-0.6831780284386153,0.0146855323505477
2021-01-12,BAND,-0.9771517696884545,-1.146365845003036,-0.566608669183277,-0.3208279004344802,-0.5833333333271801,0.0144680244658868
2021-01-13,BAND,-0.11728119943717942,-0.11020684938330091,-0.033018736715731266,-0.25928494887397247,-0.05063291139187096,0.0165793510014738
2021-01-14,BAND,-0.13267061703342758,0.010911310543508107,0.2840859938329885,0.21469190431316448,1.2443531827387644,0.0213045222889329
2021-01-15,BAND,0.34960067931514804,0.41522171773362443,0.40291319845777807,0.48423020540024775,-0.9602739725895854,0.0141305122310683
2021-01-19,BAND,0.8464567696948676,1.0679138004824245,0.7658862713011582,1.1276973115953977,-1.186301369846763,0.0135117398005677
2021-01-20,BAND,1.0059785588365886,1.3489431837437222,1.4893418248562873,1.47048836323921,-2.2323717948360198,0.0111379037490109
2021-01-21,BAND,1.5643032995200834,1.2915673489250683,1.4829773790571958,1.7996590830783008,-2.557933579298038,0.0098628575285854
2021-01-22,BAND,1.5922193844230053,2.882899849793186,1.9879116608268323,2.1152094711126694,-0.5040723981809218,0.0145317767769081
2021-01-25,BAND,2.3758657237425633,2.854794410029315,1.5975406406970998,1.608967509871297,-0.5562565720177444,0.0139842569293136
2021-01-26,BAND,1.247255683274387,2.2154519377504274,1.608149129447671,2.7417724458934654,0.36306532662404356,0.0160918333289581
2021-01-27,BAND,1.9072740812560136,6.001395826502106,1.804798932586706,3.983045990697158,24.925879396358646,0.0527531623021334
2021-01-28,BAND,3.2865991722331755,4.001983227370502,2.21894495880677,3.393745536672732,7.8580402008075865,0.0272784888452206
2021-01-29,BAND,2.909012292476176,3.4294290428781795,1.697410052173354,2.8071383612573677,2.269510926071394,0.0196394619304949
2021-02-01,BAND,2.6063827912545356,1.9777759489519173,2.1355471948127867,2.6245674699123565,-0.7279202278994894,0.0140180081527955
2021-02-02,BAND,2.1895209559423967,2.4356615376789392,2.218319052092416,2.2679547542723006,5.81373569186652,0.0260259434404497
2021-02-03,BAND,2.169381997705643,2.0808547691919337,2.622317945866888,1.6405457871471176,-1.9310820123786208,0.0095928477407306
2021-02-04,BAND,1.63603561966592,1.7256634077172026,2.7649137296149235,1.8815531319626115,-1.1795472287091406,0.0117754268592236
2021-02-05,BAND,2.0400399897605426,1.5343640613390288,3.0263659764720394,1.5786195500392284,-0.18692543411262666,0.0141567631826653
2021-02-08,BAND,1.771045263954621,1.0561269673494291,2.5814465018097,1.487337815329799,1.5651834504049151,0.0182594119036815
2021-02-09,BAND,1.7024748563401353,1.148459743494582,1.765956821382094,0.9647963174432044,0.790788446513805,0.0163993444762372
2021-02-10,BAND,0.4064547947771306,0.6376198846934614,0.3784763208105615,0.20369022803972497,2.24869866972529,0.022602069325013
2021-02-11,BAND,0.09781073582429972,0.2125276272247107,0.9997642647124785,0.4867267964569123,0.17524580682272708,0.0156680679674638
2021-02-12,BAND,0.4297991586523711,0.5483813155105345,1.0196107376442751,0.8974947817081538,-2.063636363609563,0.0083853039672688
2021-02-16,BAND,0.9022006247107232,2.952278006203559,1.3546653437927685,1.9036640796748419,2.5656201749607246,0.0244471362086875
2021-02-17,BAND,1.2555739520112688,1.019476072572873,0.305558970418391,-0.5892874250024787,2.0105977108774007,0.0247733980356787
2021-02-18,BAND,-0.23237432273790173,0.6827591835746806,-0.18824161859260102,1.6443703936642067,0.7248450166835971,0.0190956922188429
2021-02-19,BAND,1.687303307045586,3.251892333218916,1.605932501295384,2.058631356494233,-1.336194563649631,0.0109916484472562
2021-02-22,BAND,1.5680858405401716,-0.27631795780561125,-1.1627905172380513,-3.006515070988309,0.9275362318769829,0.0218895434959517
2021-02-23,BAND,-3.6065995321111664,-5.390355146750044,-3.8948907624211744,-3.7068386572692815,0.11397058823436299,0.0192006960252309
2021-02-24,BAND,-3.246215370255334,-6.9802675813547115,-2.2871267033374996,-3.931595101972874,-1.7723840345072104,0.0094353420311486
2021-02-25,BAND,-2.982114713972898,-4.151799688132142,-3.343710619031945,-6.011261862283927,0.7250816993404814,0.0220057977101669
2021-02-26,BAND,-3.4875829337095436,-4.264776467850798,-3.6808537217352195,-6.160703990642729,4.148284313691599,0.0377188673089399
2021-03-01,BAND,-4.01959205218781,-8.875534896288611,-4.392641352904655,-7.239782661968122,1.5969075871873648,0.0270047289214234
2021-03-02,BAND,-4.8419148190759405,-11.212686809667382,-5.084767637739461,-8.098932134300203,0.5276967929990692,0.0218632925443547
2021-03-03,BAND,-5.550984257378285,-12.821675028116468,-6.349822292411985,-7.787449232253675,4.687317784222396,0.0432653183677908
2021-03-04,BAND,-5.750902113772912,-8.487888363178644,-5.044848814364296,-6.414806537811009,6.662273476057148,0.0508630937871497
2021-03-05,BAND,-5.5408439303120485,-5.468937412907728,-3.8708622999042728,-5.269864221430607,4.668670438439401,0.046632940444091
2021-03-08,BAND,-3.9690944725721917,-5.371828760097719,-3.7210216448666316,-3.776651477557573,0.28602058318794155,0.023198340939859
2021-03-09,BAND,-2.922108159377955,-3.015596634055661,-2.4726180664803175,-2.8833781105666416,2.386492220633759,0.034958767255313
2021-03-10,BAND,-2.352336785657503,-2.6434673015547303,-1.3614700351588054,-1.8901862498035962,0.2821242294899751,0.0240158705753083
2021-03-11,BAND,-1.793922836443927,-2.1622238287388815,-1.3216957515680625,-1.146060269755437,1.2059405940514458,0.0304586041243995
2021-03-12,BAND,-1.5492308218615942,-1.6432193556802952,-1.2576954326622949,-1.1232527731171924,1.7574257425626572,0.0342162403387122
2021-03-15,BAND,-1.215794803950398,-1.136940820433037,-1.0288879132587727,-0.9764511220896951,-0.7130210254466025,0.0206069970036413
2021-03-16,BAND,-0.9958461672883016,-0.7881437013163225,-0.4978672096666828,-0.5611437763154332,-0.8006728343078161,0.0200369763403923
2021-03-17,BAND,-0.7642805818223529,-0.7856855248188959,-0.5827029179102265,-0.10990913052729487,-1.156306144440127,0.0165681005936465
2021-03-18,BAND,-0.5747205908725502,-0.9115204278864519,-1.1973246515323728,-1.3719773986205401,-0.35644987423387386,0.0207420018975687
2021-03-19,BAND,-1.7184141388322312,-1.5045525649302884,-1.156527960237977,-1.136396061035411,0.6845322049771083,0.0263372047236712
2021-03-22,BAND,-1.2167572033027345,-1.0719727172411513,-0.9886740588759557,-0.9712423983140553,-1.8834110592812563,0.01300547144834
2021-03-23,BAND,-1.0850540876700234,-1.0286002976623982,-0.16422209002429836,-0.8857140832653524,-0.9417897480397232,0.0175093847151959
2021-03-24,BAND,-1.140400293208203,-1.6708897632183326,-2.4070367338588072,-3.6119239577076305,0.4472831953908076,0.0275072471377087
2021-03-25,BAND,-3.8856304475432113,-3.1512852836810756,-2.788263261733366,-3.1042003083234273,-1.0839024390173404,0.0189269361014336
2021-03-26,BAND,-3.122323653688047,-2.5580149464101583,-3.77853233204558,-3.90118129304614,-1.1211267605554849,0.0176368893372384
2021-03-29,BAND,-3.736443484466325,-2.801499408643589,-3.554081232743269,-2.602213383975454,0.11338028168934239,0.0242108776443146
2021-03-30,BAND,-3.042088131733687,-1.5696187800251427,-2.670919017876679,-0.8274290100921191,-0.40774647887036797,0.0214357770469179
2021-03-31,BAND,-0.7549670724185814,-0.1645044046601639,-0.041665902912486674,0.2002397852250561,0.4370629370591166,0.0254821737287976
2021-04-01,BAND,0.8191505740505757,0.7910183372652888,1.281407877426977,0.2002397852250561,0.09236947791071919,0.0238883659532658
2021-04-05,BAND,1.0709205315478314,0.5154771022394146,-0.05918049893974197,-0.70205130004451,0.02738095238062642,0.0233708471932107
2021-04-06,BAND,-1.0498613338192238,-0.7662547260045367,-0.7207892561503156,-0.4101270945703279,-0.8260869565122874,0.0196957139696314
2021-04-07,BAND,-0.2870751924425923,-1.1080460190686938,-0.33809009372050325,-0.49307529085029794,-2.7113519680238296,0.0121766914050634
2021-04-08,BAND,-0.120289925969228,0.35356106647317537,0.6567702229845576,1.1329308537530662,-2.316666666640926,0.0128554660106428
2021-04-09,BAND,0.7404241917855859,0.15321425539949082,1.2805859381384936,1.1276587876568518,-2.896516393412946,0.0097203523627731
2021-04-12,BAND,0.5820668086816031,0.17773427193979305,0.911908159658215,0.7846876561913637,-3.3806676631451853,0.0071440089703251
2021-04-13,BAND,0.9804794636208597,2.1182072790288466,1.777487344337693,2.7846894518518854,-2.0019786307716503,0.0098253561691611
2021-04-14,BAND,2.9744715791006575,2.485486494482447,2.4597071396509977,2.044655057495421,-1.873555404474007,0.0079465380620047
2021-04-15,BAND,2.043539606729394,2.1407210402590957,2.5631509397712313,2.6060618027971234,-0.6437797416679553,0.0147305339818568
2021-04-16,BAND,2.4879869725171804,2.238773277706729,1.777069567604595,3.1791248984780807,0.9469748470363903,0.0235058520871381
2021-04-19,BAND,2.2665662503053507,2.149000020387913,2.451331268293784,1.6577591377313217,-0.6278056951381721,0.0140592596481622
2021-04-20,BAND,1.9445945594497385,1.5317547750688223,1.3884501849627584,1.1727992690045734,-0.5802345058587589,0.0143255193000746
2021-04-21,BAND,0.9028327619596932,0.5904924309435009,0.6387165582076277,0.35340104307424586,-0.7535529715713595,0.0118091780827054
2021-04-22,BAND,0.2622299430918074,1.2252572985061707,0.853321821547024,1.178573606987906,-0.3454258675051623,0.0128854670981823
2021-04-23,BAND,1.3978483050466595,1.6113232186179614,1.7681524095668397,2.107261180769934,-0.1353415358495092,0.0135942427913011
2021-04-26,BAND,1.9347300038077022,1.6335217697631437,2.118818031984216,2.046069113476827,-0.9019426456900839,0.0101703686758645
2021-04-27,BAND,2.2609176203966155,1.932840618123361,2.245277262614255,1.6739769324464218,-0.43319838056179066,0.0118354290343024
2021-04-28,BAND,1.3078077040415803,0.316454376894265,1.2066077753992819,0.6471482433057362,-1.5822454307887437,0.0083253017921899
2021-04-29,BAND,0.870589722726026,-0.034809788359369105,-0.1105678513711209,-0.5016370310089854,0.6710526315679103,0.0144005220189231
2021-04-30,BAND,-0.5525403971350377,-0.6373536944237984,-0.07474279218479733,0.03105540532803046,-0.5333943275291236,0.0114229140806354
2021-05-03,BAND,-0.09123314246299151,-1.1724452309120779,-1.5586137576564052,-1.9689416041788315,3.045745654107123,0.0187581799840244
2021-05-04,BAND,-2.484788122500933,-4.64037299444026,-2.8678191566953313,-3.350929650343908,5.896614821484051,0.0246008917823271
2021-05-05,BAND,-3.5831753237942325,-4.6973776827166915,-3.443741315333183,-4.071425953081751,-0.9024822694875446,0.0104366283277768
2021-05-06,BAND,-4.524138063126423,-4.9871635961483145,-3.3021216240920936,-3.142853458957454,1.4095394736610274,0.0155743145689031
2021-05-07,BAND,-2.4168088812629183,-2.5548669121424394,-1.34861345539296,-1.9999970095068662,2.010948905080132,0.0184056672054361
2021-05-10,BAND,-2.47047655962707,-4.621370223545484,-3.074414852094333,-4.6645920137864465,1.3631067960988597,0.0177756443671083
2021-05-11,BAND,-6.40606627144233,-6.3374195148445605,-3.995927092323931,-3.8335494087567112,1.0669614655582191,0.0173593792774988
2021-05-12,BAND,-5.040556789143515,-5.423732683682121,-3.72444696818612,-3.7535343866264355,0.05460750853167772,0.014513026097196
2021-05-13,BAND,-3.5445119486283363,-4.0282817906130415,-4.115483243918039,-3.4175002442187092,0.46962457337242836,0.0156530674236941
2021-05-14,BAND,-4.350982756955964,-2.727416261318995,-2.476272966041257,-2.0007649682428448,-1.9919941775547019,0.0090603284369058
2021-05-17,BAND,-1.7021995908141865,-2.7099244887588028,-1.724815582271739,-1.6392012709436812,-2.9330385343912444,0.0052539404553415
2021-05-18,BAND,-1.2625126979974965,-1.1560242821494906,-1.3312243845054912,-0.9166130799120872,-1.000668449184483,0.0104328781918344
2021-05-19,BAND,-1.0670129237143613,-0.8528259833411829,-0.5504371469818748,-0.7948713651263983,-1.9929802169496749,0.0073840176706405
2021-05-20,BAND,-0.7730941368357542,-0.700748993487799,-0.30828159159961205,-0.42575086552159874,-1.9470989760870638,0.0062964782473364
2021-05-21,BAND,-0.2692923856980875,-0.5805373898234142,-0.11634144958678785,-0.3470411850020202,-0.9879749879654837,0.0077777819445954
2021-05-24,BAND,-0.3212707995447868,-0.4857384869443516,-0.36525226502223923,-0.24667465154416596,-1.1491764705774197,0.0070502555717644
2021-05-25,BAND,-0.2596491121659287,-0.08342059318477796,-0.22372459026894323,-0.506944730425275,-0.27788944723338804,0.0098928586161248
2021-05-26,BAND,-0.3519626179819851,-0.3725490717034976,-0.13557163465520136,-0.2028684457433341,0.1099999999989524,0.0122891954833362
2021-05-27,BAND,-0.04943002505256509,-0.3589907711188702,-0.2672668567571621,0.2135138216465266,0.032809611829641316,0.0116891737325478
2021-05-28,BAND,0.3999994888183916,0.8097663248120077,0.7495954863312391,0.8849810069993831,-0.8269137006257737,0.0078827857509834
2021-06-01,BAND,0.8114553512830666,0.3963038823867313,0.624277980826959,0.3482761752589134,-0.9458041957931725,0.0073915179425254
2021-06-02,BAND,0.6911757467872901,0.4532872791568802,0.9030718954196911,1.5827528027246212,-0.1635135135113039,0.0097091019549458
2021-06-03,BAND,0.9427075836398631,0.4109104490284228,-0.1957019561426796,-1.7849016732799743,-1.130279169633067,0.0068402479589885
2021-06-04,BAND,-0.7747996966467712,-1.0708075053696395,-0.05048210956074828,-1.4979267872202178,-1.0103338632589771,0.0070015038045129
2021-06-07,BAND,-1.2816870274903869,0.6017437398633342,-0.6026062881965543,1.497926787220206,0.0064102564101390066,0.0090865793885028
2021-06-08,BAND,1.4563375890915693,1.8321770832394237,1.029546137285349,1.9166653888897502,1.905677655642753,0.0129754703608005
2021-06-09,BAND,1.8471842154959297,1.2671084395631709,1.7835290032933366,1.2535184833156046,-1.431680773846876,0.0062514766160273
2021-06-10,BAND,1.2083332834827396,2.152455966834484,2.1052633263263747,3.3081566188770983,-0.35483870966788067,0.0073352659033889
2021-06-11,BAND,2.281331810210111,4.304579224557994,3.06961378726368,5.961177696958801,1.2903225806104752,0.0096303491001548
2021-06-14,BAND,6.90234941736753,6.629823453481906,7.451540248376397,7.457075227472619,4.173493975803049,0.0143255193000746
2021-06-15,BAND,8.575873155768232,5.417393663533995,5.526753033803697,7.294134029272977,0.004032258064407735,0.0078940361588107
2021-06-16,BAND,5.74106724087009,6.5528670921732886,5.130533239616227,6.83660418825476,0.1485809682755065,0.0080552920043351
2021-06-17,BAND,5.028482363966507,6.784612148471822,5.226592032517456,6.443848054164415,1.0081967212784197,0.0091278308838695
2021-06-18,BAND,5.8191134424204405,7.087151576762374,5.096705960548662,4.996249387300195,2.2038123166509145,0.0113891628571535
2021-06-21,BAND,6.449885234822804,3.9812246040733377,2.9821114714741817,2.8103708487934753,1.3604309500223226,0.0117116745482023
2021-06-22,BAND,4.10884814971911,3.1864662926734635,3.3908060424818562,3.0742057152315607,1.391304347800346,0.012199192220718
2021-06-23,BAND,3.2330416911439026,2.4835217753520813,3.308713424535641,2.024469734954757,1.0171325518301688,0.0114941666635415
2021-06-24,BAND,2.3156131954144366,2.3014521447038523,2.562431194825679,2.174707633018283,1.036970243443878,0.0115354181589082
2021-06-25,BAND,2.4682346566918505,1.8458726298822716,2.3016875408240414,1.6383444111061376,7.3742110007687245,0.0247133958605999
2021-06-28,BAND,1.6562937613108892,2.1326478365576866,1.9717172313208182,1.7179132338619285,2.820312499951036,0.0157618213660245
2021-06-29,BAND,1.7572629870437668,1.6023244785545603,1.8323231121703447,1.5654714067410354,-1.0180342650853376,0.0075527737880498
2021-06-30,BAND,1.5885340358733717,1.3765694422371384,1.3043173026932746,1.1522579552152032,0.05049594228944101,0.0098403567129308
2021-07-01,BAND,1.0176982779695025,1.2124221452221586,0.9728566551052993,0.8015561522439695,-1.0303587856296161,0.0076352767787832
2021-07-02,BAND,0.8239598523407962,0.9569791542247412,1.1214234373021177,1.234960753261099,-1.5528978840560643,0.0065702381711337
2021-07-06,BAND,1.3296802700543708,1.5821905177785076,1.7110479661129712,1.578006681697208,-0.11591536338333182,0.0094990943421699
2021-07-07,BAND,1.63966513806897,1.3995351823554656,0.5539430318354376,0.2897494142634037,4.864765409294116,0.0196507123383222
2021-07-08,BAND,-0.2528851846664237,-0.2757796957329357,-0.36017722172491035,-0.6124046025294512,1.1740056818015057,0.0137142471414588
2021-07-09,BAND,-0.5351143766440578,-0.7295648960307639,-0.8118089433699414,-0.484955674337664,0.21095666393767856,0.0119254322969207
2021-07-12,BAND,-0.10367816419913951,-0.3053898347764828,-0.5094358425901815,-0.7754297418361987,-1.5281385281164772,0.0074702707973164
2021-07-13,BAND,-0.9623382693839179,-0.9124814251902686,-0.7755087523439073,-0.6892265647343007,-1.0123010130099523,0.0079915396933138
2021-07-14,BAND,-0.46786290057448265,-0.7940082360200249,-0.7312508369169376,-1.1847218342646966,-1.0397973950645472,0.0079202871104077
2021-07-15,BAND,-1.275036340260464,-1.4902062718914295,-2.2031247399319644,-1.5347196177705893,-0.7139037433027825,0.0091128303400998
2021-07-16,BAND,-1.212254105747315,-0.994706065152035,-0.9836064809264622,-0.9722876088756823,-0.8726833198892396,0.0085840611722174
2021-07-19,BAND,-1.4729378635302692,-0.7915609310025096,-1.6746869397800916,-0.3000004792330479,0.02434456928793362,0.0099378602474339
2021-07-20,BAND,0.03195610466084106,0.10712377981247337,-0.252899745808958,0.1025644273880981,-0.20288461538071376,0.0092740861856242
2021-07-21,BAND,0.011481073439092767,-0.008409115202540209,0.09251798433324909,-0.09359109147802532,-1.9799999999603999,0.0056739556808934
2021-07-22,BAND,-0.014030693070422064,0.06873836618940014,-0.0013081812850818614,0.3468557795402775,-2.139353400175265,0.0055952028261024
2021-07-23,BAND,0.7895393488415741,0.31500204978767465,0.18979014195034205,-0.05606361474558378,-1.984572229958357,0.0061952245768909
2021-07-26,BAND,0.011696176972955101,-0.5671149932863422,-0.3343481650646117,-0.4808574295432994,-1.238875878191127,0.0063039785192213
2021-07-27,BAND,-0.3146239250389589,-0.7230472886709146,-1.3150300926129654,-1.0193028856176347,-0.7208706785986972,0.0069002501340673
2021-07-28,BAND,-0.8821334295610003,-0.19082724490387673,-0.15770331360827247,-0.14592916311458573,-1.8157276994878937,0.0050551832503928
2021-07-29,BAND,-0.08353699237676519,0.3652420732229127,0.05780392177614403,-0.8567811574859222,-1.57612667474845,0.0053514439898446
2021-07-30,BAND,-1.6861093502236904,-0.9586788947440895,-0.9183649502891313,-0.7611099112012586,-0.14129110840094297,0.0074852713410861
2021-08-02,BAND,-0.6323526412069843,-0.7961151745450372,-0.30270732931313266,-0.9850706625339801,-2.3897550110826336,0.0036788833595217
2021-08-03,BAND,-1.5762696794367204,-2.216206702745716,-1.37261205464065,-1.516130062499934,-0.5530054644687867,0.0065289866757669
2021-08-04,BAND,-1.6629817148442956,-2.6790723257912035,-1.1788746033345205,-1.853647778650959,-2.6553808947362665,0.003067611200906
2021-08-05,BAND,-2.2757665603114816,-2.207724063585025,-2.3521722569724153,-3.1867054685898233,1.1221281740962001,0.0089253235429784
2021-08-06,BAND,-1.5499977787986898,-1.000304560209213,-7.135924449866565,-5.622851837165022,10.471584038440833,0.0234233490964047
2021-08-09,BAND,-3.8032410853577066,-5.731829512058567,-4.576797294234116,-5.5827053854837,1.0383747178095175,0.0089178232710935
2021-08-10,BAND,-4.748922316286466,-5.898807105517833,-5.0242703665282855,-6.032710893211682,14.386117136347373,0.0320636623077586
2021-08-11,BAND,-4.457873901730459,-6.079299449721753,-5.43359750010066,-6.636169443116913,3.52780692542439,0.013496739256798
2021-08-12,BAND,-5.126465930395975,-6.512492001521581,-5.120493029123855,-5.156063621018379,-0.3049946864972371,0.0061764738971787
2021-08-13,BAND,-4.379556862801829,-6.26918906077832,-4.5275738421025755,-4.665008647073047,0.928571428548945,0.0081527955388382
2021-08-16,BAND,-4.925493875347894,-5.3272383863276085,-4.04350277063109,-4.28141553360075,3.3401937045196077,0.0118879309374964
2021-08-17,BAND,-4.804574624271252,-4.129824783881368,-3.2818122041797,-3.102700892052659,4.860774818284242,0.0142430163093412
2021-08-18,BAND,-3.5277257549163257,-3.534370077598884,-3.0279669819427033,-3.283159240232443,6.980062958930114,0.0196657128820919
2021-08-19,BAND,-3.933682161002087,-3.5785854989573203,-2.183201871030544,-2.3808000123620228,2.566308243690806,0.0145317767769081
2021-08-20,BAND,-2.7690770427631213,-2.5807385107942933,-1.4989474618510352,-1.6604547799488145,0.14916810097361827,0.0090228270774815
2021-08-23,BAND,-1.7123208650486488,-1.415150984548806,-1.2410018970701682,-1.21663286926266,2.4699949571107416,0.0181056563300419
2021-08-24,BAND,-1.1030126507257014,-0.9981280811117396,-0.8409960817273133,-0.9078750310225544,-0.0463943519914635,0.0087490671536843
2021-08-25,BAND,-0.8930530446433927,-0.9720743172705046,-0.9650389458008561,-1.055808734713435,0.08605851979247209,0.009255335505912
2021-08-26,BAND,-1.1091442924017458,-0.989309841412604,-0.997212872138581,-1.0612899887523988,-1.0683453237281975,0.0056327041855267
2021-08-27,BAND,-1.1661109750362515,-1.0415632513804527,-1.1124705944178037,-0.8306572988684917,-0.08273381294864829,0.0087153159302024
2021-08-30,BAND,-0.823925318039134,-0.6545025833316065,-0.5422580112636025,-0.8403200537523291,-0.1562705187110142,0.008527809133081
2021-08-31,BAND,-0.9268532099107117,-1.391140606773304,-1.020378063016345,-1.2305508999539914,1.3321739130280328,0.0134479874895464
2021-09-01,BAND,-0.9195600928799208,-0.21378839098024124,-0.9820458300947275,0.06168912405399319,0.7337110481482478,0.0125142036398819
2021-09-02,BAND,0.10517696667200761,0.4045670521340228,0.6855904787136098,0.4481620322744151,-0.4483002832797692,0.0095140948859396
2021-09-03,BAND,0.2670152441385584,-0.03286052331893613,0.2806240923073542,0.027829628855056215,-0.9588271989899086,0.00650273572417
2021-09-07,BAND,0.11948407459689081,0.014607095147029887,0.7802464305942494,0.02766061955420696,0.3781869688331702,0.0115166674791961
2021-09-08,BAND,0.017935915293524243,0.5493265963702834,0.15743456344401402,1.1382994256874397,-0.13718662952455174,0.0090153268055967
2021-09-09,BAND,1.197310015433904,1.0889129213190847,1.7084560645639948,0.9133662817974983,-0.7449513836836956,0.0072715135923677
2021-09-10,BAND,0.7960679396988469,0.6237410822827356,0.16666856116072454,-0.08287155497421235,0.9125441695951847,0.0113216604101898
2021-09-13,BAND,-0.008243515724133496,0.5832012776404071,-0.06462415579345922,1.215468441038194,-1.0396959459283834,0.0070765065233614
2021-09-14,BAND,1.4532963999879869,0.4200011118188948,1.167300595555083,0.4861877979282349,-0.1590106007039044,0.0088015690568783
2021-09-15,BAND,0.2719773312683126,-0.247623060254866,-0.2476246592625688,-0.2730509963430736,1.0600706713593626,0.0113891628571535
2021-09-16,BAND,-0.9673583218352599,-0.5622783200170423,-1.0240012559943077,0.022387129472941032,1.4999999999734983,0.0123229467068181
2021-09-17,BAND,0.19322030442209703,-0.8799980752984148,-1.1958751153807188,-2.1940297855179884,8.34452296805045,0.0268509733477838
2021-09-20,BAND,-2.7694944783651896,-3.4239962842404728,-2.6959391435398485,-3.895519948338851,4.414310953985613,0.0187544298480819
2021-09-21,BAND,-3.5966142449197545,-3.7039948395385034,-2.1689144928064232,-2.8835762074640527,0.09744990892354372,0.0095853474688457
2021-09-22,BAND,-2.964386882214856,-3.44497250480307,-3.532890645898109,-3.9169050723630896,1.7429328621600189,0.0132492302845978
2021-09-23,BAND,-3.976875778619327,-5.094882105147966,-5.521217368197998,-3.610721437297688,3.1523988710601616,0.0167368567110557
2021-09-24,BAND,-4.484326764944453,-4.952106144848925,-3.9484708771309633,-3.01054466539154,0.30456852791362826,0.0120304361033087
2021-09-27,BAND,-4.524212583939166,-3.9617425049673907,-2.8144442894249644,-2.7246062530615514,3.152284263906053,0.018439418428918
2021-09-28,BAND,-3.394203213908231,-3.608348128133186,-3.911706911953701,-4.4709164545458195,3.7660687592860085,0.0212220192981995
2021-09-29,BAND,-3.9583296961457366,-4.847029613673168,-5.0691388706125,-6.748588248872886,3.1145287957707524,0.0206970002662596
2021-09-30,BAND,-5.242193620775528,-4.180911184892508,-4.721498226179697,-3.6528442117261593,9.362267937688287,0.0467604450661336
2021-10-01,BAND,-2.9404178777168397,-2.844520028522851,-3.8851014666781887,-3.4754643713087447,0.9539784946154497,0.0163355921652159
2021-10-04,BAND,-3.174418918194602,-3.1368534795368674,-4.145781445043698,-3.4780513660832044,0.554152501208799,0.014925541050863
2021-10-05,BAND,-3.367976201079726,-2.948140707379153,-3.293053722066309,-2.7097020496380875,1.519427402850557,0.0210532631807903
2021-10-06,BAND,-2.7435109550576597,-2.6448168401950287,-2.68319413856515,-2.3907101555842463,-0.7848369334961047,0.0106128847170709
2021-10-07,BAND,-2.105432932670047,-2.0090426119849685,-2.0499301268033268,-2.2396239295849,0.2763157894712604,0.0168118594299043
2021-10-08,BAND,-2.067270170929802,-2.3378095893720423,-2.14849216721082,-2.4343745049683236,-0.7517934002797534,0.0126829597572912
2021-10-11,BAND,-2.4841365006927574,-2.372589543229245,-2.081835299771576,-2.0857821632446765,-0.45819761128709885,0.0140480092403349
2021-10-12,BAND,-2.0327380438181293,-2.154130895991657,-1.5734419083754076,-1.5884959764574496,1.5015673981056734,0.0228233273456162
2021-10-13,BAND,-1.507166165571087,-1.1892061816155333,-1.001153758721656,-0.6050376262491359,1.3243727598447637,0.0223170589933885
2021-10-14,BAND,-0.42347397999842484,-0.42531047168387687,-0.33987300001464665,0.061736062046310686,3.8946378174610103,0.0331512017310627
2021-10-15,BAND,0.11390795470747243,-0.028480009850661778,0.35357116007856193,0.24867736059236067,0.13869693978145414,0.0178656476297265
2021-10-18,BAND,0.07047776693890886,-0.06470815255863403,0.28457369089634194,0.3226617634232112,-1.8602150537467723,0.0089890758539997
2021-10-19,BAND,0.4152738971752057,0.09156544928579777,0.4438763879969951,0.13644668871039384,-0.3472157229728852,0.0153830576358393
2021-10-20,BAND,0.11979991468987083,-0.053248464088725064,0.16685373298364167,0.1841364384977922,-1.7795698924571723,0.0093265880888182
2021-10-21,BAND,0.4944850756058493,0.4558978758731137,0.7973246970610867,0.6951818660153884,0.9718657453013637,0.0210307623651357
2021-10-22,BAND,0.5809763740762639,0.42713971070316553,0.34786092068330715,-0.01180619080246259,-1.899802566615007,0.0101216169086129
2021-10-25,BAND,0.013072200774410342,-0.18008297514066088,-0.009959374084104302,-0.03207013658728773,-0.9454469156446039,0.0123491976584151
2021-10-26,BAND,0.06999976050026341,-0.1525502766730117,-0.19932926143935017,-0.6148283990497388,-1.25180897249456,0.0093715897201273
2021-10-27,BAND,-1.0084038062058727,-0.30680055985132004,-1.0196692202412736,-0.6366275768477729,2.0287356321693335,0.026449708801944
2021-10-28,BAND,-0.6163366006367463,-0.5099093269627107,-0.03164628544332718,-0.1218787452948893,-0.7818253035583093,0.0114116636728081
2021-10-29,BAND,-0.17044403991441145,-0.20185100681829163,0.24960075020588493,0.04424710735717533,-0.3878015475613309,0.0128892172341247
2021-11-01,BAND,0.12579630851826012,0.005323648141444428,0.058773845332540396,0.3450816822080523,-0.4448362720358203,0.0118129282186479
2021-11-02,BAND,0.4635972100233525,-0.22537770013253366,-0.14945532266523162,-0.11013216572878506,-1.3000545553595195,0.0083178015203051
2021-11-03,BAND,-0.15278628012188494,0.003928608963315579,0.03408818970600332,0.30018493385514927,0.5103274559142537,0.0153680570920695
2021-11-04,BAND,0.4461554064767651,0.4658467741473498,0.32527335738294677,-0.054544925329711266,-1.2378614293372847,0.0085315592690235
2021-11-05,BAND,-0.13302786325807264,-0.7924198657426439,-0.28503062413234004,-0.9273177015270785,-0.9231651376040922,0.0096003480126154
2021-11-08,BAND,-0.9753674595102013,-1.718282243422941,-0.8703126007777248,-1.6791959887583163,0.7935779816422756,0.01521430151843
2021-11-09,BAND,-1.2266000662482752,-0.8326783722312991,-1.8869474338112415,-0.5590801931324081,3.2224770641832285,0.0231570894444923
2021-11-10,BAND,-0.4789456052572279,-1.5578725159062823,-1.847477620914983,-2.997115813561568,1.8749999999784979,0.0187506797121395
2021-11-11,BAND,-2.3940892309037127,-3.939091034587267,-1.6593311809106597,-2.916667265353334,-1.3206775700780296,0.0078415342556167
2021-11-12,BAND,-2.2136969933773023,-4.056385555347066,-1.6876595873008906,-3.545731928374435,0.792168674689251,0.0145467773206778
2021-11-15,BAND,-2.9081598154221626,-5.121861822954616,-2.3090394588971255,-3.8837776217577673,3.0592459604660776,0.0222045549151156
2021-11-16,BAND,-3.495344446898432,-4.968167917251347,-2.4512710078622533,-3.255871735582363,1.6422018348435528,0.0179894021158266
2021-11-17,BAND,-2.705634905244281,-5.747060686115076,-4.027572546773196,-5.522188086181294,1.838120104422645,0.021638284387809
2021-11-18,BAND,-4.2839726656952255,-8.165819448893103,-6.258759535474477,-6.30712410537424,2.040034812863011,0.0225083159264523
2021-11-19,BAND,-5.224095369839465,-9.02469465925542,-5.9797398355414675,-6.882344858032863,0.49508196720905673,0.0171456215287804
2021-11-22,BAND,-6.6739581375960855,-9.515493317166582,-5.570795672559155,-7.584641210928374,1.7154392764747064,0.0252496653003671
2021-11-23,BAND,-7.8263406612622655,-7.186131281438748,-6.167476188520582,-4.481927094567392,2.2416418404353418,0.0289547996114859
2021-11-24,BAND,-5.036306772919227,-3.303525062752234,-4.675061975718812,-2.6240307385099078,1.4942072161436992,0.0247208961324848
2021-11-26,BAND,-2.6658568991614215,-1.693749325093396,-2.4067020356531437,-1.28557926803342,0.48304093566874823,0.0198907210386376
2021-11-29,BAND,-1.251892480371223,-1.1076916055853885,-1.713292666602034,-1.471391471550405,1.6432773109105607,0.0257034317494009
2021-11-30,BAND,-1.359361808081842,-1.074504898415023,-1.4676892020066752,-1.0608817129653403,0.047686496694544986,0.0191294434423247
2021-12-01,BAND,-0.9797292614034836,-0.9927473065092979,-1.4610327843916293,-1.8311809518214133,1.5275555555419773,0.0259546908575435
2021-12-02,BAND,-1.6677639547416676,-1.3932280204648935,-0.9984980277841322,-0.9007974465934683,-1.153908464956226,0.0141680135904926
2021-12-03,BAND,-0.9720469247020002,-1.03454571033828,-0.9908635727812243,-1.0480425761153416,0.22128712871068035,0.0215670318049029
2021-12-06,BAND,-1.1448673381626908,-0.9581737824669709,-0.9143973214486901,-0.5228535973683008,-2.519306930668126,0.0111866555162624
2021-12-07,BAND,-0.25882346632018954,-0.2844022107093706,0.0396284279044002,-0.17321823123817137,-1.7608910890914764,0.0140592596481622
2021-12-08,BAND,-0.19573457435198569,0.26213660697273833,-0.022523039915767526,1.0149990703877183,-1.0434942867597234,0.0142017648139745
2021-12-09,BAND,0.9712351564240334,0.49879302895779076,0.011737807446367399,-0.07475034047731488,-0.2082565425712624,0.0184506688367453
2021-12-10,BAND,0.03871979049978838,-0.21284086270188382,0.009921241007409595,0.044920998890206315,-1.7666789531753284,0.0105228814544527
2021-12-13,BAND,-0.0037743874327634524,-0.49210533173291504,0.10895310334606986,0.44470473115556025,-1.3736185383146264,0.0122854453473938
2021-12-14,BAND,0.06320510916433139,-0.1624362102038676,-0.14572967196448622,-0.7484817606545491,-0.8171824104167983,0.0150267947213086
2021-12-15,BAND,-0.9770412413235076,-1.3162714624793792,-3.50426652422184,-1.4461543647163044,0.9828877005277512,0.024679644637118
2021-12-16,BAND,-1.115043430613131,-0.9778565205714046,-1.2716058394486083,-0.7298231287444071,-0.12870890136223972,0.0181881593207753
2021-12-17,BAND,-0.7717015697980633,0.279374877442143,0.14197503204135228,1.585956548016915,0.6106655974289442,0.0216457846596939
2021-12-20,BAND,0.6568258549768249,0.5863290087223381,0.8169935819039456,0.7508093665862479,-1.7750706214563907,0.0093640894482425
2021-12-21,BAND,1.1170556822968711,1.1069280440252425,2.0879549465771574,2.3009698399419336,-1.0457790844095274,0.0136504948304376
2021-12-22,BAND,2.1694373280722212,1.1092895466892376,3.3536059453644764,1.2006451296704372,-0.18948365703278558,0.0166881049438042
2021-12-23,BAND,1.594687249920932,0.8947396446761179,2.0804629372673866,1.0794101067870547,0.9889889889790893,0.0211432664434085
2021-12-27,BAND,0.9554322822308454,0.44333110499931544,0.5540209791838967,-0.3009711344410115,-2.1223839854219984,0.0071102577468433
2021-12-28,BAND,-0.7740878854055383,-0.8933302963735524,-0.0552769043272727,-0.1974088378874147,-1.9508041627062367,0.0068814994543552
2021-12-29,BAND,-0.3156139703433775,-0.054366070010183294,-0.03225516484217969,-0.057822569143872564,-0.7069471624196972,0.0114754159838294
2021-12-30,BAND,-0.025179739281196625,0.4662279514763335,0.7674468695860088,1.2330120509350067,-0.8866513233499811,0.0112241568756867
2021-12-31,BAND,1.3654502923898515,0.8795191008929918,1.8841143253261836,0.4650364213610029,-1.295009784723141,0.0088915723194965
2022-01-03,BAND,0.06615007246190618,0.3208539845782545,-1.2461670604627926,1.5542149915337096,1.2627201565434176,0.0186944276730031
2022-01-04,BAND,1.805443074064303,0.6592127116360692,-8.507760690968132,-2.5180741427708266,3.322291853148413,0.0280472667134183
2022-01-05,BAND,-2.4158729275145077,-4.222211107195476,-9.547433931173941,-4.667840576365607,-0.05140388768854079,0.0137554986368255
2022-01-06,BAND,-3.8685036009729052,-6.941795290966694,-8.596791443252908,-3.935779956507505,0.7327341532570224,0.0172956269664775
2022-01-07,BAND,-3.9212814980739297,-4.710406585430875,-7.379948813743651,-4.578207220750336,1.190913262953732,0.0192569480643673
2022-01-10,BAND,-3.841966788127119,-7.418338111575349,-6.194038005518532,-4.205599214115427,6.782445923404473,0.0464304331031999
2022-01-11,BAND,-3.84792879569476,-2.1166672900603483,-3.183629327349379,-1.0884936596042813,1.5884955752095242,0.0250696587751306
2022-01-12,BAND,-0.8806592818644184,-1.91666631983852,-1.236363741641878,-2.047413179917128,0.32295438088107925,0.0194144537739493
2022-01-13,BAND,-0.10905318819541455,0.1843005087652814,-0.9815577436565507,-1.5254245070695132,4.302679217926845,0.0400252009135331
2022-01-14,BAND,-1.5753677072372736,-3.174057373925971,-1.3253217495062124,-1.089029793401709,-1.0947158524353957,0.0108153920579621
2022-01-18,BAND,-1.2647601836115399,-2.9630694107568765,-1.257065271828296,-1.3165457361322777,-1.0244914902364095,0.0105941340373588
2022-01-19,BAND,-1.543442453405049,-2.185113708705293,-0.6718967625324958,-1.101301646115946,-1.7625570776109378,0.0072602631845404
2022-01-20,BAND,-0.9922380884563531,-1.4658690292588932,-1.0742969298376743,-1.846036802622522,-0.5554171855495607,0.0127129608448306
2022-01-21,BAND,-2.3214270124942775,-2.28864326668949,-1.751672482309989,-2.4863538594762464,0.05680173661319246,0.0143442699797867
2022-01-24,BAND,-2.8527457787402013,-2.4655985762428303,-2.4834311890047376,-1.4220780063014662,1.0604196816131661,0.0195457085319342
2022-01-25,BAND,-1.881942089393318,-2.5488004539151046,-2.6496304589629536,-2.0800624900504636,-0.6338944146852801,0.0109428966800046
2022-01-26,BAND,-1.4588861156215522,-1.408762866993649,-2.8737476040240226,-2.407810553604125,0.40142617449327667,0.0176143885215839
2022-01-27,BAND,-2.0326901819293934,-1.8750642578184795,-3.0811801527105613,-2.7332319377502197,-0.45200540783729604,0.0139392552980045
2022-01-28,BAND,-2.875187613264068,-2.1968732500677977,-3.374221619287174,-1.9871070576225212,-1.1974716652031607,0.0106691367562074
2022-01-31,BAND,-2.0163453606077693,-1.0882980632491845,-1.2609656705105738,-0.3322308501129604,-0.7371926229432665,0.0131217256625552
2022-02-01,BAND,-0.1874002378549026,-0.8911676667345511,-0.495481392584243,-0.2499995334593894,-1.2788461538324911,0.0096528499158094
2022-02-02,BAND,-0.44473899965777625,-0.8099660062546468,-0.4542589626409014,-0.7490134225500562,-1.0597713097602934,0.0100241133741098
2022-02-03,BAND,-1.267342082532852,-1.0385935314214538,-0.7667461112100443,-1.4515535221907285,-0.923156266107033,0.0101741188118069
2022-02-04,BAND,-1.401993443375579,-1.0466927617114479,-0.942698102138485,-0.9455185370035628,-1.5365408038789703,0.0081865467623201
2022-02-07,BAND,-0.7903467954135375,-0.4317038592410662,-0.13389095701969989,-0.4684205043382141,-2.4300559551969614,0.0061277221299272
2022-02-08,BAND,-0.42997944018519657,-0.538630497184024,-0.2917655992083366,0.02307670540869727,-1.6714471968491338,0.0060714700907907
2022-02-09,BAND,0.4418147790272996,1.015623834625538,1.296467521945831,1.2230756569942902,0.8282674771910599,0.0129229684576065
2022-02-10,BAND,1.0729776742012693,1.5156230775039217,1.4564673748458452,0.8361858639801987,0.5144356955290562,0.0119816843360571
2022-02-11,BAND,0.99585011395636,0.7757568043501555,0.7578102892304046,-0.03361313022868864,-1.2014802631381336,0.0080027901011411
2022-02-14,BAND,0.14250653305434002,0.46840008965729274,0.6174609122758821,0.04637673022493094,-0.47822644496471534,0.0094990943421699
2022-02-15,BAND,0.7979542896244537,0.903998605414397,1.1458911499771258,1.4898525966894607,-1.9999999999695124,0.0055014494275417
2022-02-16,BAND,1.1611250052304216,0.20425508314667434,-0.29094035308354477,-0.7896545280348621,0.2783417935655103,0.0114229140806354
2022-02-17,BAND,-0.8592817056594765,-2.3515844873433465,-2.3913013574608764,-3.156153166617143,0.010466988727689742,0.0107178885234589
2022-02-18,BAND,-3.1419329090272643,-4.494369036724657,-4.818725284978695,-4.436404629809312,13.775362318618754,0.0427740505593327
2022-02-22,BAND,-4.506593322416525,-4.857146176921006,-4.022781841758424,-4.047188978447722,4.30354267303859,0.0207157509459717
2022-02-23,BAND,-3.705049238476452,-5.946947263169459,-5.434179836121871,-5.410200624595553,8.379179331179648,0.0313698871584094
2022-02-24,BAND,-6.589437475174898,-8.992806518246281,-10.332051943613603,-10.836533143871808,30.0,0.1601008036541324
2022-02-25,BAND,-8.258358665273926,-12.104316453506756,-10.781187423616574,-11.305763399689923,30.0,0.1050488080192907
2022-02-28,BAND,-8.72036488229066,-13.646582761523355,-10.83301091719863,-9.994859799960249,16.971644612262487,0.0615734820387239
2022-03-01,BAND,-7.42857111548012,-10.114125572142575,-8.997057498437481,-7.49599816382758,13.53651685380584,0.0652861166217275
2022-03-02,BAND,-6.970882926118374,-7.36210912397394,-7.293192051182319,-6.316907646789431,6.231258366758826,0.0466141897643789
2022-03-03,BAND,-6.063507033157897,-5.958583296940732,-4.601899899849061,-4.492062002963097,3.6947960618638827,0.0370813441987272
2022-03-04,BAND,-4.326611488393021,-4.009709383721115,-3.024390436726698,-2.8906691866063374,2.4405166553282105,0.0437453357684216
2022-03-07,BAND,-2.5137839982831403,-2.444444101411436,-2.043245872286145,-1.9223741561027163,0.24751941328678273,0.0293223129338438
2022-03-08,BAND,-1.8711654327232394,-1.8812802256278025,-1.5937846176030745,-1.400328950633715,0.3280699989936074,0.0364625717682266
2022-03-09,BAND,-1.1005586436111225,-1.0903225527755054,-1.0252941979088466,-0.9978585377561514,0.23761684284050386,0.03901641434502
2022-03-10,BAND,-1.0298150224640263,-1.0315141002929165,-0.9659980220011883,-0.9641087861891555,-0.05998023715403166,0.0341862392511728
2022-03-11,BAND,-0.7590640753051373,-0.9264106374380059,-1.1290934033220765,-1.3323901629576733,-0.31986678250703776,0.031182380361288
2022-03-14,BAND,-1.3999993475878105,-1.3984129404694987,-1.7052702024945312,-1.9664534878054771,-0.5431887366798204,0.0299710864518838
2022-03-15,BAND,-1.9655161589861623,-1.6003019189170018,-1.8115704588135702,-1.7719003506456963,-0.7700850661589315,0.0292135589915134
2022-03-16,BAND,-1.7613828214493783,-0.896302516206855,-1.4754642594482597,-0.7333329460211687,1.52048975511484,0.0481817465883138
2022-03-17,BAND,-0.8388621359719054,-0.7006643854468635,-0.4988939707685624,-0.36227551257227775,0.7133844073875016,0.0439853444687369
2022-03-18,BAND,-0.3551629209544451,0.04956267114964324,0.0247219488223267,0.4937099342969719,-1.0273199367756725,0.0295173200028501
2022-03-21,BAND,0.45312425113623206,0.029548755753714268,0.45378128981365706,0.10927140898766732,-3.0076511093955234,0.0146592813989507
2022-03-22,BAND,0.16487473517006826,0.27607932194068524,0.6382974226432008,1.011810492996728,-0.6570762052843075,0.0320186606764495
2022-03-23,BAND,0.5545838137601597,0.6733569783794571,0.7094588712485016,1.633856242117222,-2.593981127250222,0.0177006416482597
2022-03-24,BAND,1.7729232737712228,0.8473576012042489,1.3175661069621436,1.7834627901224345,-2.055483870957133,0.0203894891189805
2022-03-25,BAND,1.8689935535125286,0.8513791285514992,1.4608091332524873,1.3818882676963793,-2.0375990939885047,0.0162343384947704
2022-03-28,BAND,1.5545829403988263,1.4227004551440219,1.4797279505692602,2.2165325584272972,-0.8290200639672636,0.0262547017329378
2022-03-29,BAND,2.733621073770676,3.5863023462936856,2.749997658613355,4.523616764720398,-0.15042372881264876,0.0296448246248926
2022-03-30,BAND,4.5938799811494935,3.5166344887231067,3.466212790065074,3.6732256019738787,-2.042272482487656,0.0155855649767304
2022-03-31,BAND,3.3412640838495955,2.3216149686412146,2.9764284423380936,2.5098657378896156,-2.0839944003635837,0.0128329651949883
2022-04-01,BAND,2.4923986592505707,2.256294326275816,2.3549675858334234,2.4510862976375996,-2.1479234717585256,0.0121579407253512
2022-04-04,BAND,2.8366092166768966,2.362641950887864,2.3562919743449373,1.9541663855610618,-1.5548620897863705,0.0148842895554963
2022-04-05,BAND,2.574934043694519,1.817330547566958,1.724266934589956,1.5530612253109373,-0.9261489062776393,0.0190806916750732
2022-04-06,BAND,1.0955407116729365,1.0213589467536817,1.0637519393370372,1.002096463538334,-0.4148747786470282,0.0202469839531683
2022-04-07,BAND,0.9722857307345748,0.9094649047196405,0.7215515304201,0.7404923704101901,-1.0135903138076916,0.0126267077181547
2022-04-08,BAND,0.6116740226835631,0.5234040339222125,0.5281466756046083,0.5784063764705721,-0.9357362391677243,0.0133842351785252
2022-04-11,BAND,0.8006216174949481,0.5729081829838515,0.5438589397052357,0.18343147014670916,-0.9701181375888108,0.0131554768860371
2022-04-12,BAND,0.1992331074151651,0.15386876718493162,0.026737811128455215,-0.1958752756050825,-1.7966021708183426,0.0098291063051035
2022-04-13,BAND,-0.9671760328635416,-0.43783055755596906,-0.45836763779875084,-0.050192647485574976,-1.1657782515867188,0.0118091780827054
2022-04-14,BAND,-0.07356229396386461,-0.6416371755179586,-1.4844391962615702,-1.9806915518473525,1.8086353944370084,0.0222720573620793
2022-04-18,BAND,-2.4551723636377134,-2.2964411257071617,-2.61143322257711,-2.984550392973968,-0.07580543272172072,0.015135548663639
2022-04-19,BAND,-3.742528731435503,-2.371173856994983,-3.1328796085027135,-2.4748988000507586,-0.8022741629715443,0.012979220496743
2022-04-20,BAND,-3.3931041081029187,-3.0046250494127498,-3.4861170688628444,-3.7567499547186793,-1.4079837618212723,0.0111079026614714
2022-04-21,BAND,-4.082759493053625,-3.3604967498798644,-4.596291485949198,-4.051540823234457,-1.2322033898096236,0.0114079135368657
2022-04-22,BAND,-5.351724629653817,-4.390268575442615,-5.344817835981227,-3.678259006456724,2.3644067796209423,0.0193657020066977
2022-04-25,BAND,-5.222879717617127,-3.977249216933103,-4.078228348299714,-2.6780957487359784,1.2264291016892885,0.0172318746554562
2022-04-26,BAND,-3.6683231735531683,-3.6105439943662887,-3.8101956165140276,-3.466507279900158,0.1519364448827818,0.0139580059777166
2022-04-27,BAND,-3.7676739404259716,-3.05168365575099,-3.538905504748439,-3.5530942176185234,-0.549083063634324,0.0123154464349332
2022-04-28,BAND,-3.3351513542968187,-3.278002311646577,-3.0184025296255443,-2.4448263133864603,6.719525350448338,0.0249496544249729
2022-04-29,BAND,-2.538894501497514,-2.417116055983994,-2.058281444405611,-2.128831886564895,6.817272727148777,0.0277322552942544
2022-05-02,BAND,-1.9244185239340184,-1.8508230934015273,-1.6486086467706305,-1.3862713380163425,2.862202189274151,0.0227558248986525
2022-05-03,BAND,-1.2190722422485936,-1.45333840962407,-1.194736457694389,-1.1108399035871248,2.509692132240483,0.0228008265299617
2022-05-04,BAND,-0.9872610899638515,-0.627827515419626,-0.9931411224878877,-0.26999976209503374,9.9942987456101,0.0474167188560585
2022-05-05,BAND,0.03843420957285554,0.2429628005515313,0.05238091412683085,-0.02260887354738909,8.377423032971752,0.0420990260896957
2022-05-06,BAND,-0.48576479769336295,-0.6074569641880496,-1.5827196125551906,-1.733912320961713,5.539017891088397,0.0434678257086819
2022-05-09,BAND,-2.1457080089459133,-1.777571319154267,-1.8503112070853749,-1.84501739148578,1.1247745039018353,0.0253134176113884
2022-05-10,BAND,-1.7907483161612918,-1.6685817802745746,-2.38897867505211,-2.706929400385927,2.848754448384094,0.0418327664377833
2022-05-11,BAND,-3.0489962642708925,-2.8101058805864287,-3.054861144906601,-3.423644459855517,0.6851023770266645,0.0279722639945698
2022-05-12,BAND,-2.5858197500845033,-2.360974455228616,-2.349999081921593,-1.9118189397619727,0.924821946711027,0.0293523140213832
2022-05-13,BAND,-2.114717874402955,-1.8964047529178751,-1.565874337448241,-0.9519030875187411,0.76816187225369,0.0297835796547624
2022-05-16,BAND,-1.6087819935141823,-1.652695022474614,-1.7896993033528652,-1.8851470540081856,-0.3600239019996413,0.0216157835721544
2022-05-17,BAND,-1.7170159883831362,-1.585513258173623,-1.3785848691620675,-1.1700929798767887,-0.38702239788941356,0.0216720356112909
2022-05-18,BAND,-1.4321217472736443,-1.1096404183684156,-1.1783209748419787,-1.2772805988440652,-1.6465744400418538,0.0145017756893687
2022-05-19,BAND,-1.1228663809948878,-0.8281850731089199,-0.9517574150537947,-0.2885460737965597,-0.6214795343550771,0.0207720029851082
2022-05-20,BAND,-0.18089410854859525,-0.5734942056368059,-0.39566519535188044,-0.1342596304417179,-0.9822299651499495,0.0185894238666151
2022-05-23,BAND,-0.3505884652446711,-0.4835817209669359,-0.09356710542438722,-0.08274233949007012,-1.679094076643351,0.0148392879241872
2022-05-24,BAND,-0.3109450835249978,-0.6544849707420147,-0.5389609383025686,-0.7164182126062711,-1.257491289189843,0.0171081201693561
2022-05-25,BAND,-0.8782041812129598,-0.9650346062218436,-0.46420222049530396,-0.4585798039744074,-2.4379790940596657,0.0107553898828832
2022-05-26,BAND,-0.2941172245516088,0.6977874477980491,0.7029163336198261,0.2289159679168933,0.08128675198836882,0.0236821084764322
2022-05-27,BAND,0.6086958265504302,1.6904148338842069,1.954904566944882,1.263312033854482,-1.1705972434844067,0.0156118159283274
2022-05-31,BAND,1.8972323156337283,2.0835341267547975,1.3819599759481203,0.029536505616801035,2.348224852057111,0.0381238819907221
2022-06-01,BAND,0.5104604649968776,0.8636344462931277,0.7087681837816353,0.3220343563211924,-0.8831877729209433,0.0166093520890132
2022-06-02,BAND,0.3856499013540191,1.4147708055461428,1.6574717600999982,1.5084725247598754,-1.7004568817721275,0.0104778798231435
2022-06-03,BAND,0.9417472158343809,0.6925161493392233,0.9927683619668431,-0.08474592043683814,-0.8316054037019691,0.016230588358828
2022-06-06,BAND,0.8181817798961944,0.2043796396817583,1.2597334579515498,0.1320762749673194,-1.8008982035793344,0.0106578863483801
2022-06-07,BAND,0.0757572511107066,-0.012739131320435405,0.4010093864615418,0.5471679980652479,-1.2291262135826864,0.0119141818890934
2022-06-08,BAND,0.3901096629554163,0.6906265300815572,0.6703605125394337,-0.47058206637815075,-0.7425548589283499,0.0133054823237342
2022-06-09,BAND,-0.2241382025931801,-1.1585624911409387,-0.9544068428367082,-4.852912796169922,0.2616782006897779,0.0179931522517691
2022-06-10,BAND,-2.4195356848503446,-3.227624744732481,-2.8753765243702105,-9.441118096108044,-0.5851330989393759,0.0142355160374563
2022-06-13,BAND,-4.339071944412119,-4.877446870786793,-5.355615933405917,-9.89619470601272,1.3264691109861733,0.0213720247358966
2022-06-14,BAND,-5.591941938197447,-6.568620272010394,-6.097255745308108,-10.537702386374683,0.038325053228696594,0.0164330956997191
2022-06-15,BAND,-6.097687513138994,-5.343131554840349,-5.671724002400511,-8.00940825759741,2.57487579840206,0.0231345886288377
2022-06-16,BAND,-4.741368190624074,-4.613553251950207,-4.565342862217629,-7.8962020783451665,3.491210446976482,0.0295548213622743
2022-06-17,BAND,-3.97125478846815,-3.431751882693648,-3.993915979374619,-2.8907037889259,1.2344199424617985,0.0213495239202421
2022-06-21,BAND,-2.0396018942445338,-1.1094334861909199,-1.0150205106728376,-1.550237026125774,2.304054054035739,0.0273909929234934
2022-06-22,BAND,-1.457139176414636,-0.9033528788086491,-0.6476674172224484,-1.0735274158786032,0.024666397088356926,0.0168381103815013
2022-06-23,BAND,-0.9062485842110565,0.25673804278979906,-0.3855209793826317,0.4946981681858326,4.347739888942524,0.0372838515396183
2022-06-24,BAND,0.659090720372954,0.3617224790945984,0.8704448268965718,0.2664469372069226,3.982832617994672,0.0365563251667872
2022-06-27,BAND,0.49026012763444576,0.015949317020745372,0.6842090781678819,0.16118398065192566,-0.8706025070693846,0.0126867098932336
2022-06-28,BAND,0.41233755342448825,0.4087918904977436,0.36480724945143195,-0.27638197374234474,-0.14759401536475866,0.0160393314257641
2022-06-29,BAND,-0.1684582440506358,-0.3309218903791645,0.042307888306387424,0.11055221441801112,-1.1736883942672998,0.0109841481753713
2022-06-30,BAND,-0.03928588815023399,-0.47744924010725176,-0.3829117135353437,-0.6884051029553058,-0.9591598599692015,0.0117079244122599
2022-07-01,BAND,-0.2597009890790192,-0.2094862149526915,0.04823137769243525,0.14089323656072678,0.04531001589789102,0.0168493607893286
2022-07-05,BAND,0.04249280040106711,0.4868409627341422,-0.08108092180355948,0.9184392184378936,-0.2957074721757098,0.015240552470027
2022-07-06,BAND,0.9876920050576243,1.0091317053074906,0.850393415517908,0.15000036145221177,-1.1891891891797362,0.011025399670738
2022-07-07,BAND,0.3791941530065831,0.06854837523231887,0.893399670815596,0.38223897618346436,-1.3468253968147077,0.01027162234631
2022-07-08,BAND,0.495613497603757,0.05381199831505819,0.7016931908979198,0.10619541784134692,-1.5537446643263195,0.0091278308838695
2022-07-11,BAND,0.11176496378384713,-0.5695056825572585,-0.9255302827045765,-1.1764703006679775,-0.3860226856905523,0.0142580168531109
2022-07-12,BAND,-1.0904513291335625,-1.1721600907849645,-1.0040637247786397,-1.0196846947100353,-1.1391808626231301,0.0103428749292161
2022-07-13,BAND,-1.8643204471806438,-1.5531125918869977,-1.3821117783122099,-1.2716528583397595,-0.06844409072766858,0.0153943080436665
2022-07-14,BAND,-1.874370919523909,-1.948717434721623,-2.5304844709044256,-2.523620985492582,-0.08739130434706617,0.0149405415946328
2022-07-15,BAND,-2.8793951506713107,-2.4395597041696493,-2.79471202194618,-2.0905508919850835,-0.8992950654491512,0.0117416756357417
2022-07-18,BAND,-2.0753746155944333,-1.6410252449583198,-2.073168152058329,-2.1299203543589575,1.5830815709810366,0.0209857607338266
2022-07-19,BAND,-2.3065297286947533,-1.7728921285789785,-1.874997973367027,-1.2048610493543956,-1.493039443138132,0.0097728542659671
2022-07-20,BAND,-1.1388881111569733,-0.9304020414940963,-0.7128706841534391,-0.4850616629375467,2.235498839881259,0.0218257911849304
2022-07-21,BAND,-0.6309510692502545,-0.9062269352271205,-0.41584020950608797,-0.5061517668363984,1.361502347403636,0.0194932066287402
2022-07-22,BAND,-0.5912691737770907,-0.554877711125389,-0.9521728038319892,-1.0796807112910611,-0.4948071216543798,0.0122216930363725
2022-07-25,BAND,-1.2182543379473583,-1.4516717501954095,-1.049308802705027,-1.2122432506121585,3.8197329376287876,0.0231270883569529
2022-07-26,BAND,-1.3400797802801132,-1.6368210586588985,-1.8521714803899265,-1.8877161630508297,0.20881670533400445,0.0152743036935088
2022-07-27,BAND,-2.1805541497403462,-1.2862955282021764,-1.7760196493283675,-0.7942461940992909,4.568596765732201,0.0310211245157636
2022-07-28,BAND,-0.8681805442073512,-0.7821001601641525,-1.1920277930978387,-0.3704659578231797,0.466263846923804,0.016826859973674
2022-07-29,BAND,-0.2269927824814427,-0.9318166549654664,-0.986300600369243,-0.9732624038526441,1.6399468556099208,0.0222008047791732
2022-08-01,BAND,-1.0066654770339212,-0.7674391370825342,-0.7243381928483469,-0.8050295889307737,-0.9737762237677118,0.0109128955924652
2022-08-02,BAND,-0.9015143985978643,0.6258498328784053,-0.06529153797440912,0.9517230610772667,1.4225409835948972,0.0216157835721544
2022-08-03,BAND,1.674241025967457,2.6938758189165903,2.450168948902246,3.1310291480575123,4.725102573631293,0.0390876669279261
2022-08-04,BAND,3.6893898381561727,4.095236045316767,1.1148130141049606,0.8571411584667701,3.344078486311534,0.0340062327259363
2022-08-05,BAND,0.9829039125921631,0.06451597535535411,-2.0935215407305376,-1.857138220614902,9.323480432894893,0.0601521805165437
2022-08-08,BAND,-1.2649529986952504,-0.732143678481528,-0.4239976980720393,-0.2735051575177342,1.2672486623414967,0.0286772895517462
2022-08-09,BAND,-0.6470571148025872,-1.3814388694674298,-1.587783268610035,-2.150435221277952,0.37965485921659303,0.0236521073888928
2022-08-10,BAND,-1.0219762365364415,-1.4767630003212828,-0.4751375489238641,-0.7113397936250555,0.10547207258233358,0.022418312663834
2022-08-11,BAND,0.736260782209741,1.791302929554854,1.190837087460368,1.453608088307247,1.175713486283292,0.0298923335970928
2022-08-12,BAND,1.9999965217440256,2.4055909012221903,2.215993439283789,3.418798981980347,1.0393210749587591,0.0291985584477437
2022-08-15,BAND,2.4461502859931827,2.0431796121481782,2.5886488200206355,2.55395373234729,-1.0783732830537118,0.0148017865647629
2022-08-16,BAND,2.1392335809475465,1.4175810555798625,1.9588224986797198,2.2715200279642773,-1.5335308375893695,0.0116329216934113
2022-08-17,BAND,1.6341432423233528,0.9120880268856398,1.5352948259506107,1.423839968415807,-1.3347086126800685,0.0126042069025002
2022-08-18,BAND,1.3048750533409814,0.6593415125385286,1.5941174281817962,1.6622506167352769,-1.2922465208683287,0.012559205271191
2022-08-19,BAND,1.073167550794471,0.2427743941493919,1.4021151693561489,0.6569761349942693,-1.264910536773037,0.0127654627480246
2022-08-22,BAND,0.23529351084032357,-0.3583794634857254,-0.1373625094476331,-1.2528068406676727,-0.575988215072055,0.0175093847151959
2022-08-23,BAND,-1.5697660549637482,-1.5606915888066792,-0.7647050486976028,-1.8595474550548123,-0.8205254112407536,0.0156418170158668
2022-08-24,BAND,-1.8953454212423901,-1.676298863168364,-0.6441708523487928,-1.0164817315182622,-0.6878407851652789,0.0148317876523023
2022-08-25,BAND,-0.8720924991846485,-0.11702083910670769,0.1389724676347546,0.1186434193202712,-0.041717791410838194,0.0209782604619417
2022-08-26,BAND,0.23999953111863295,-0.13829790869693748,0.05876297501330205,-0.5892851121118986,-0.7075471698072753,0.0146030293598142
2022-08-29,BAND,-0.9197853525229052,-0.8343534620308969,-1.3099681290282688,-1.9499988121015297,-0.5406408094398607,0.0162380886307128
2022-08-30,BAND,-2.267376114175494,-1.949747545166805,-1.6702320440497047,-1.9633009912346844,-0.11355932203293595,0.0165043482826252
2022-08-31,BAND,-2.0106922567150924,-2.1175854492771933,-1.0973443110153147,-1.37444911283882,-0.1400296882717464,0.0158405742208155
2022-09-01,BAND,-1.8128056329111681,-2.295158874153815,-1.6125638453592057,-1.3617873972763812,2.1053933695981653,0.0243496326741844
2022-09-02,BAND,-1.31779513552615,-2.237860709415601,-2.0523540757854306,-1.8932782298858735,2.38842157345484,0.0254221715537188
2022-09-06,BAND,-2.00414860270652,-1.5824457519106145,-1.8407938837577558,-0.8874994938687345,0.1307222787372256,0.016853110925271
2022-09-07,BAND,-1.0549013050056792,-1.3636357548253577,-1.023472857947689,-0.9880941835778474,-0.9625668449083474,0.0130017213123975
2022-09-08,BAND,-1.2555544881546203,-1.325713439982714,-1.1380747087141274,-0.8624997431862723,0.9299867899480848,0.0186794271292334
2022-09-09,BAND,-0.4180317586469182,-0.5703726271012153,-0.004642626873735471,-0.024272382925856713,-1.984808454399144,0.0101066163648432
2022-09-12,BAND,0.15384678183503167,0.09847388407500782,0.3343943044370765,0.20207306937565855,0.14559068219391696,0.0160693325133036
2022-09-13,BAND,-0.3677414451005068,-0.60080753243803,-0.5538011128408648,-0.2789105628771104,0.02647309991415076,0.0159568284350307
2022-09-14,BAND,0.007407563882182837,-0.5700210832281195,-0.2853661347362739,-0.18018044378842354,-1.1842355175463584,0.0135604915678193
2022-09-15,BAND,-0.8151253404441602,-0.7991563593228247,-0.36578970372785735,-0.7450980998647403,0.09806451612650156,0.0161555856399794
2022-09-16,BAND,-1.3302733022103193,-1.6481440821778968,-1.453443832244987,-1.5340876565136523,7.854193548184408,0.0275259978174208
2022-09-19,BAND,-2.20224379528351,-1.910708897053502,-1.5853416045046942,-1.4124950829554785,-0.02240896358480647,0.0160955834649006
2022-09-20,BAND,-2.114936898233023,-1.4190849031076782,-1.3709378163101236,-2.5124934058436725,3.1318242342707903,0.0205357444207352
2022-09-21,BAND,-2.4634060728804688,-2.4383503148942642,-2.93938952955912,-4.691476552064061,6.430542778170551,0.0293035622541317
2022-09-22,BAND,-4.646451279979716,-4.712834806543307,-4.761475275624184,-6.48386023263469,2.4021978021626054,0.0225195663342796
2022-09-23,BAND,-5.462173242469163,-6.3330149041821,-6.594121118537736,-8.180703885040263,4.443223443158342,0.0277435057020817
2022-09-26,BAND,-5.927913918708733,-5.938030689480072,-5.4464188912953615,-8.134129622407377,1.9508830021859727,0.0233070948821894
2022-09-27,BAND,-5.457130127082656,-5.602308566419765,-4.310075215476698,-5.204714066708733,-0.39790286975278255,0.0153268055967028
2022-09-28,BAND,-4.967206548004125,-4.149420230062213,-3.2467170554279856,-3.5797043560216926,-0.2454915648604364,0.0157130695987729
2022-09-29,BAND,-3.475519059682831,-3.6862734799318106,-3.2354730232019233,-4.011358794756786,0.4908602150484854,0.0194782060849705
2022-09-30,BAND,-2.8942698596444525,-3.258757439633335,-2.7186199413625287,-2.11697930756516,0.488840892721543,0.0190394401797065
2022-10-03,BAND,-1.9280282882276605,-2.371546031262477,-2.1691299760061526,-1.6764695108362393,2.6025917926191133,0.0245446397431906
2022-10-04,BAND,-1.5249986297220335,-1.1393621618736471,-0.8333325030610879,-0.6422010728419866,1.157455682991059,0.0230220845505649
2022-10-05,BAND,-0.9288021915875497,-0.6197834200055989,-0.44590165860465997,-0.09230755358533183,-0.553621560914614,0.017010616634853
2022-10-06,BAND,-0.05859391813662776,0.007970079439550769,0.06880909605542179,-0.08292677786505281,0.4737130339488093,0.0208807569274386
2022-10-07,BAND,-0.34722207110611697,-0.643492889375857,-0.5799995439783329,-1.032257169577497,-0.6371428571355756,0.0171681223444349
2022-10-10,BAND,-0.9999980582556941,-1.414082031067647,-1.9180308957126715,-2.4936666828038274,2.110144927515844,0.0281972721511154
2022-10-11,BAND,-3.7352890209884735,-3.5067906681804564,-2.574996756693359,-3.4499931373957677,3.7299955296939653,0.0363538178258961
2022-10-12,BAND,-3.8333284660959643,-3.7132610075718633,-3.3697401143629504,-2.9769208896938504,3.0549651886914253,0.0373326033068698
2022-10-13,BAND,-4.372543544240282,-3.4021472777314816,-3.4831854432745804,-2.33765960735399,3.067435989880509,0.0387201536055682
2022-10-14,BAND,-3.2616806611197915,-3.573550114256391,-3.6690830829217975,-3.0348793216253664,2.1421285276970954,0.0345837536610702
2022-10-17,BAND,-4.392516228712384,-2.587884773821155,-2.0919503962745543,-0.9767425216267615,1.248554913286307,0.0300498393066748
2022-10-18,BAND,-1.2336444031424703,-1.0629903692052074,-0.7228900723584017,-1.1395334039487892,-1.171817058089173,0.0160543319695338
2022-10-19,BAND,-2.3925208583072157,-2.294569444081121,-1.2289148465151634,-1.3604634118477574,-1.8283828382717597,0.0123829488818969
2022-10-20,BAND,-2.4859772281473793,-1.5116254602156212,-0.9109575801648085,-0.936045078276794,-1.8346724350937287,0.0108191421939045
2022-10-21,BAND,-1.0949356896052058,-0.8885964279574208,-0.6403614445670254,-0.08461497792943383,-1.6305835009929128,0.0125817060868456
2022-10-24,BAND,-0.06179693088566257,-0.6555833517592289,-0.1499997230932779,-0.38129439072377075,-1.5068965517146902,0.010245371394713
2022-10-25,BAND,-0.484276361834113,0.46056290565043717,0.4090896324573441,1.2599985488837706,-0.9787783194667119,0.0128592161465853
2022-10-26,BAND,0.7232692211507586,1.1788720368777403,1.7878755097486454,1.1799980960621113,-1.192307692301094,0.0111791552443776
2022-10-27,BAND,1.1509417900645877,0.8971812333523936,0.9185173775283468,0.353332684203882,-0.8501387604017876,0.0129342188654338
2022-10-28,BAND,0.1320747170881884,0.6014083074131144,0.7999990973859372,1.2108408936973063,-1.2538414259296013,0.009439092167091
2022-10-31,BAND,0.9695109028725182,0.5028159888987227,1.3825483337489386,0.9183655413838567,-0.8773297187334643,0.0116779233247205
2022-11-01,BAND,0.7207786988894076,0.7893116686784499,1.4899306540343984,1.5033990679578042,0.6146216017588932,0.0196694630180344
2022-11-02,BAND,6.370122646783524,10.774033261563554,7.463078940428685,8.46937456391088,30.0,0.4168763617681141
2022-11-03,BAND,7.538951831192274,9.155715277194199,7.530191930533421,7.96597283789688,10.25632325718534,0.0789591122678197
2022-11-04,BAND,7.941548027328768,9.018310617844225,7.167775639496329,7.222879814989081,3.1709141921759603,0.0432915693193878
2022-11-07,BAND,7.481696905934809,11.072832777709662,7.078645543851252,11.240492788277093,8.812251578167817,0.0885332093288381
2022-11-08,BAND,11.072276328740502,8.748735376227962,8.196193035362857,7.792443096275746,6.879588496577603,0.0730338974787836
2022-11-09,BAND,5.3219454577759295,5.100473598980245,6.208083396703319,4.7828013124192434,0.8104374520296217,0.0238021128265899
2022-11-10,BAND,5.174597355780555,6.671104859110129,6.131525050168843,5.943541928586408,1.8495778971509358,0.031418638925661
2022-11-11,BAND,5.333329123068261,9.723572592549193,5.608851447943631,7.399993867540553,10.374008697823617,0.0938996538624525
2022-11-14,BAND,5.909672473368975,6.917194779692423,5.276220773284266,4.888885311286144,5.909951394188233,0.0611797177647689
2022-11-15,BAND,2.0171069270460094,1.994011181688777,2.186794732456627,2.1015616255654206,1.7456066945548263,0.0412927468620737
2022-11-16,BAND,0.9827781243279131,0.7469225982378183,0.9079279968468964,0.5921787160061718,0.06388888888871987,0.0256134284867826
2022-11-17,BAND,0.5841182780743718,0.6119775661030266,0.7536805575627873,0.8731440564560151,-0.04910891089095945,0.0242183779161994
2022-11-18,BAND,1.0380279390424347,0.793446576800644,1.0218485727309161,0.7913903942771398,-0.043735224586173536,0.0243646332179541
2022-11-21,BAND,0.6343750541462165,0.2496258808265712,0.8377279568956743,0.7284209547325003,-0.44510508849434427,0.0189531870530306
2022-11-22,BAND,0.5264364962262215,-0.09729738960128813,0.6573812094114876,0.44117552746155164,-0.4672289822995928,0.0186531761776364
2022-11-23,BAND,0.1757926165629798,0.4764542872548288,0.6165379965612152,0.682539816243667,-0.8227380248349416,0.0145542775925627
2022-11-25,BAND,0.6402434943178149,0.40760835101728965,0.7595530823049584,0.8188674531819573,-0.9819303025929099,0.0121504404534664
2022-11-28,BAND,0.5797546026971064,0.8381880788856655,1.253773480034208,0.8333324915831457,-0.45649371575747183,0.0196769632899192
2022-11-29,BAND,0.803030198221113,0.4245387318350024,1.011122598322968,0.3766230805212226,-1.3797937479813736,0.0089328238148632
2022-11-30,BAND,0.5944698991857564,2.331534861003602,0.5259302661402194,4.442852878436596,1.2694767062475023,0.0467566949301912
2022-12-01,BAND,3.6285703645309075,3.1907095290090353,5.629301971555912,4.465111488296771,0.17068723702616917,0.0301773439287174
2022-12-02,BAND,2.7599957122091485,2.472346815527916,3.7479714328786526,5.219691250407519,-0.7801402893433576,0.0183156639428179
2022-12-05,BAND,3.8402307927527173,1.8317898024724726,3.9418318648552164,1.8999955207735983,-0.8720663995370803,0.0185781734587878
2022-12-06,BAND,1.9247284405850336,0.5970967956523718,2.4394131318703187,1.3645317213735744,-1.5024861878370028,0.013811750675962
2022-12-07,BAND,1.6487790834766054,0.7517235110461993,2.694088968556897,1.5270941373195368,-1.2923076923012788,0.0119741840641723
2022-12-08,BAND,1.432651539000967,3.163086240209434,3.066325999625401,4.646224552699929,2.985105407868996,0.0463741810640635
2022-12-09,BAND,3.3346280323797157,2.405978788258993,5.3058890559496925,3.520176253442749,0.01429933269771656,0.0198457194073285
2022-12-12,BAND,3.131144038995508,2.983173892305398,4.537308818959314,3.3900397181917383,0.6907426246138302,0.0235808548059867
2022-12-13,BAND,3.858653973861946,3.1675449966517695,3.4603745540469086,2.7627097941284817,0.03784403669695838,0.019946973077774
2022-12-14,BAND,2.8263875378028382,3.1851834684167115,3.2633441992056964,2.143644790766285,1.1594036697159067,0.0254484225053158
2022-12-15,BAND,1.5509131985787254,1.6785236769762404,2.196531764953675,1.6997239954025067,0.16183774834303116,0.0204944929253685
2022-12-16,BAND,1.1742236517287743,1.5329763113695647,1.3047619841053733,1.4647880997003695,1.2832568807241342,0.0260559445279891
2022-12-19,BAND,1.4590513858179317,1.0188912647874457,0.997929145983825,0.8609265575112175,-0.43082675529347053,0.017370629685326
2022-12-20,BAND,0.6091702497080449,0.8862791475019187,0.9864552275241683,0.9890403019756875,-0.06314914831688286,0.0191069426266702
2022-12-21,BAND,1.082009853336238,0.6806650057197482,1.0090902257877048,0.4793095516072383,-0.6913169921006123,0.0162718398541947
2022-12-22,BAND,0.49134927110422033,-0.2950135427472017,0.17341046052335968,-0.26422716585764777,0.874807593628786,0.0229583322395436
2022-12-23,BAND,0.023255589614521066,-0.5789867991334091,0.10780622118644423,-0.6499984554185325,-1.9061056952087625,0.012795463835564
2022-12-27,BAND,-0.7288888174308602,-1.0274180821867873,-0.7916655852660671,-1.8136339818896738,0.5895330938882553,0.0220507993414761
2022-12-28,BAND,-1.6355533896535006,-1.5758050840453448,-1.0492413228554842,-1.6136348572880739,-1.7839917906435712,0.0133767349066403
2022-12-29,BAND,-1.0410949992926004,-1.0919341095711244,-0.15953365150943444,-1.074417547425606,-1.5971329708196034,0.013417986402007
2022-12-30,BAND,-1.5159789707294649,-1.3652963710876793,-0.6420227744803614,-1.36278892656373,0.07851934941022413,0.0196319616586101
2023-01-03,BAND,-0.5940581166021597,-0.7612892769534843,-1.5680926182895536,-1.8601679836036786,1.0293963254485103,0.0234158488245198
2023-01-04,BAND,-1.4794502384045778,-1.0354827778827602,-0.6085093398640745,-1.1906764228213218,-1.014077425831935,0.0159568284350307
2023-01-05,BAND,-1.342464443915693,-1.7048371388140102,-1.4936156050559508,-2.529657927990668,-2.5093011563347485,0.0103803762886404
2023-01-06,BAND,-2.4292199231471856,-2.2048375046801674,-2.1063803571530895,-2.2415225241597017,-1.7109100050104484,0.0133579842269282
2023-01-09,BAND,-1.5981707957965703,-0.9620916273149974,-0.9736298266557805,-1.6311105428539967,-2.3939096266955415,0.0102303708509433
2023-01-10,BAND,-1.711379660296971,-1.1624542829116338,-1.0209193338870408,-0.9887637618100606,-1.4310611928626564,0.0113104100023625
2023-01-11,BAND,-1.0875578002828417,-0.9949988905601915,-0.9428566400960026,-0.5999988563875216,1.5387296669129455,0.0256884312056312
2023-01-12,BAND,-0.5913961991231728,-0.09036111541931,-0.08522803177028086,0.2746104384826684,1.181293302531322,0.0239933697596537
2023-01-13,BAND,-0.2015501095015353,0.3133324577930503,0.22448795465875154,0.47593477987085514,-0.9867862199057407,0.012900467641952
2023-01-17,BAND,-0.03738219142286024,-0.5537192785235128,-3.4149588157790083,-3.9240428082692893,4.77755267419143,0.0389301612183441
2023-01-18,BAND,-4.158870847696995,-4.214867503047949,-2.5324656268521704,-2.651310699343266,1.8034846029027272,0.0251671623096337
2023-01-19,BAND,-4.5607396552472625,-3.9310277618224942,-2.429502529556951,-2.4049051395163983,0.021313614614864605,0.0164555965153736
2023-01-20,BAND,-2.8655445811340967,-2.2654784140220414,-2.155316011161868,-0.7785237422169069,-0.28120775123676245,0.0149442917305752
2023-01-23,BAND,-0.958332330217435,-0.16513581867686628,-0.03846232574453063,0.874998819079496,0.05678233438434627,0.0164293455637766
2023-01-24,BAND,-0.10000216658846132,1.4495383517865563,0.9327700330335478,1.937494085568688,0.13603949533586354,0.0166581038562647
2023-01-25,BAND,1.8428534735003002,0.1188124499153336,-0.5043487084791681,0.24561392706763474,0.9264623955328528,0.0195607090757039
2023-01-26,BAND,1.8999975686936805,1.0891068851279009,0.9391273881315799,0.7033856384137712,1.8579387186422516,0.0226958227235737
2023-01-27,BAND,0.6760501581217462,2.1499953185396214,1.7478937706671518,2.1532807658925446,1.5484414490181262,0.0234496000480017
2023-01-30,BAND,3.01406826020594,1.4322010445613942,1.9327683523648698,1.0425499858059537,0.14318529862064944,0.0180606546987328
2023-01-31,BAND,1.4952360429778009,2.3358165169524323,1.7538409726948057,3.0261404543504375,0.5497702909605684,0.020051976884162
2023-02-01,BAND,4.638088756464875,3.156712428719412,3.007838600937116,2.7041377765581656,-0.008914525432523183,0.0165943515452435
2023-02-02,BAND,5.962606593641632,5.5985825572448835,4.249229775753801,3.499996153849742,3.582695252652506,0.034906265352119
2023-02-03,BAND,3.4732779736146244,7.91427651014997,3.7052236314488165,4.5403960144628055,3.9984726994730933,0.0384463936817709
2023-02-06,BAND,6.610680964796434,4.957137507700363,4.838227354103201,3.161133566172513,-0.5895292564840341,0.0162980908057917
2023-02-07,BAND,4.823527653042619,3.494895246940178,3.9815874571466354,2.8377350083593442,-0.5960328979139233,0.0165005981466828
2023-02-08,BAND,5.292204079897884,3.362244088609558,2.9416820384013946,1.6979861592600949,-1.0382196419831813,0.0147867860209932
2023-02-09,BAND,2.4290647343313676,2.8879284314912876,1.9030399856865279,1.4702184352474619,-0.36390977443061795,0.0164518463794312
2023-02-10,BAND,1.2795385745158183,1.0277768359346524,0.5962058504830107,0.3723071814948595,2.3518796992127537,0.023224591891456
2023-02-13,BAND,0.6910293632834748,0.41696191014275347,0.587171654031931,0.36201806627418487,-2.3684210525959637,0.0114529151681748
2023-02-14,BAND,0.351973246262037,0.4351351994740217,0.44228877808437383,0.1801467613672525,-3.0691280439423547,0.0093003371372212
2023-02-15,BAND,0.08710798565344555,0.9946229971231826,0.459865948335473,1.1861297944747935,14.968578161587297,0.052355647892236
2023-02-16,BAND,0.9475525964071754,1.4373169072617091,1.2173910170079343,1.0666658300663925,7.820512820401418,0.037947625601428
2023-02-17,BAND,0.7378275987850745,0.2382437986864233,0.7777774127889759,0.8684198285526727,0.6201641266046874,0.0207945038007627
2023-02-21,BAND,0.11250002545925215,-0.020338796115490023,-0.5909088689835258,-1.3771910919404264,7.443963183460272,0.0455866525161537
2023-02-22,BAND,-1.1958311314704182,-0.8169013534228488,-0.392343034891255,-1.06849198400349,2.0185270958590227,0.0285947865610128
2023-02-23,BAND,-4.279160570817363,-2.9154909897165173,-6.956930159222558,-6.9406315867484425,13.852698993511114,0.1069163757186198
2023-02-24,BAND,-6.879155861026109,-6.091545081627818,-8.306210920169352,-8.821907461005658,7.808256382358455,0.0759177520185106
2023-02-27,BAND,-7.745822017398929,-6.704221264595235,-8.129178120740592,-7.761309760974574,1.846024045552221,0.0384201427301739
2023-02-28,BAND,-7.774581808244362,-6.8450654223424925,-6.950407133775215,-7.489705143149177,0.21192917054907015,0.0274884964579966
2023-03-01,BAND,-7.0286802869265665,-5.640676769791799,-5.933106776884609,-6.978255317092496,1.7799935149099222,0.0486280127654627
2023-03-02,BAND,-6.7413752848070905,-6.371624243498891,-5.529047808750217,-5.872961150817171,0.14476644170929,0.0326974352820289
2023-03-03,BAND,-4.56430026061296,-5.49705944756155,-4.595500899168831,-4.742463504142913,-0.22714007782027515,0.0254146712818339
2023-03-06,BAND,-3.697569550980436,-4.48370975133206,-3.811593089340852,-3.417908747434501,0.4051556420220326,0.0327274363695683
2023-03-07,BAND,-2.8456006389006907,-3.186130323121661,-3.2824726307597416,-2.481888869029707,-0.895637296831837,0.0182256606801996
2023-03-08,BAND,-1.125252279635713,-1.4711109706938716,-0.9955453331116709,-1.0130574390558567,0.28287590503356497,0.0337962251131603
2023-03-09,BAND,-0.9105957307193719,-1.0356449717521181,-0.9689915370221271,-1.0744331413177155,0.20182200420391794,0.0348725141286371
2023-03-10,BAND,-1.0285708101113258,-1.2117205912674203,-1.7853087080336385,-1.484714718662973,-0.8905941679417206,0.0250959097267275
2023-03-13,BAND,-1.6576905839240184,-1.5785755534999062,-2.1016921477775132,-1.606985656116204,-0.8001005783213472,0.0267459695413958
2023-03-14,BAND,-1.4612055660180425,-1.2845517192304534,-1.593218493075707,-1.38864481536438,-1.8325370882482648,0.0190469404515913
2023-03-15,BAND,-1.9466645633055462,-0.9162547365319544,-1.9999972013178315,-0.7058817794261433,1.299999999993911,0.043670333049573
2023-03-16,BAND,-0.9739572075527544,-0.6205877543341115,-0.8423630758444156,-0.6374985403644479,-0.4359626802350242,0.0298210810141867
2023-03-17,BAND,-0.5266656380766187,-1.0059690874613214,-1.3089863462357911,-1.1428531242629332,-0.4169269206719742,0.0287560424065372
2023-03-20,BAND,-0.7105249811951352,-1.1337571752397382,-1.0365824830274863,-1.0135110877731146,-1.8091817613878252,0.0203969893908654
2023-03-21,BAND,-0.5689653017008944,-0.7747735026309363,0.19736734029183378,0.3194432259640677,-0.9318965517161044,0.0252346647565974
2023-03-22,BAND,0.3809521310852149,-0.08433688315031974,0.07042260169471949,-0.9999952360236555,-2.046079524325187,0.0189644374608579
2023-03-23,BAND,-0.15555459764290652,-0.3391313561054374,-1.0310516686663362,-1.7968663347159206,-1.0046052631512854,0.0223958118481794
2023-03-24,BAND,-1.6951168948879805,-1.9808482286102254,-1.653625166862734,-2.743232781393428,-2.4339334757251514,0.0121616908612937
2023-03-27,BAND,-1.6435605783265248,-1.8878248075692756,-1.2407375764017987,-1.0312485655795194,-1.1515408538244187,0.0184431685648604
2023-03-28,BAND,-1.1111084872416428,-1.807528689513568,-0.9727248657252761,-1.1132062955466888,-2.0135938827413558,0.0119929347438844
2023-03-29,BAND,-0.35643451705626267,-0.42241257577933483,0.11818176881957353,-0.13084123511201565,-0.9105022830994794,0.0195569589397615
2023-03-30,BAND,0.0,-0.17311575285854777,-0.3473666753192836,-0.6333318552860433,-2.148363636348012,0.0126679592135214
2023-03-31,BAND,-0.8192744282629943,0.03740486630284717,0.0,0.20833214754901833,0.8407272727211583,0.0280810179369002
2023-04-03,BAND,0.08219087559538168,-0.1076915989264408,-0.3624989596423982,-0.9193500123566752,-1.0925572519014468,0.0149555421384025
2023-04-04,BAND,-0.3676472149747957,-1.0452368608446678,-0.17391223892093954,-0.608694447905998,-1.4951428571343135,0.0115841699261598
2023-04-05,BAND,-1.019227272357201,-1.5214256626208882,-1.3437495260725831,-1.1470559448234208,-1.4400639317984012,0.0098403567129308
2023-04-06,BAND,-1.7636298243335757,-2.083329129911023,-1.3281227122594919,-1.4729664667373301,-1.4347944459491706,0.0094203414873789
2023-04-10,BAND,-2.3714208617267194,-2.396783287925659,-2.3593702346666814,-1.7972918650446201,-1.1880920162317288,0.0107741405625953
2023-04-11,BAND,-2.1714222505868293,-1.8463261960559452,-1.5156236164361423,-1.7162092267234679,-0.33362019506406415,0.0165230989623373
2023-04-12,BAND,-1.1142824527697104,-1.3830251384972432,-3.156243862022382,-3.0675556022120625,-0.4321886923313757,0.0151467990714663
2023-04-13,BAND,-2.8857061186884003,-2.413358440626171,-2.4531191966421253,-2.756747843191291,-1.1170212765862382,0.0109128955924652
2023-04-14,BAND,-2.518069530097021,-2.280617081163493,-3.124993214621978,-2.5733268780293685,-1.5280748662965413,0.0086215625316417
2023-04-17,BAND,-1.9148895859585346,-1.3419323135146437,-1.1874977018085429,-1.3563181541189095,0.7689799720468656,0.0181469078254086
2023-04-18,BAND,-0.929291343847643,-0.8576899634887389,-1.4999957599683833,-2.1449176133582486,0.8826219512105425,0.018308163670933
2023-04-19,BAND,-2.091949138310945,-2.0201755354370876,-1.699996107638524,-1.5487737176708705,-1.2144469525849713,0.0087678178333964
2023-04-20,BAND,-2.1249981506892195,-2.71604305435579,-2.3373407891142137,-2.0816273125482248,-0.7891290111226048,0.0101553681320947
2023-04-21,BAND,-2.681813170504284,-3.151507659465083,-1.9820161132438996,-1.7912063285922777,-0.23780487804555822,0.0114191639446929
2023-04-24,BAND,-1.8999948648662273,-2.567230690279665,-2.5398720010465183,-2.6111068392380528,1.493123772082605,0.0166056019530708
2023-04-25,BAND,-2.412840612824986,-2.913455785768397,-3.386356063250923,-3.911104586136092,0.7305306684944104,0.0143180190281897
2023-04-26,BAND,-2.715512587809862,-2.95454161956276,-3.444201590740097,-3.281547062077747,-0.47086720866570647,0.0108228923298469
2023-04-27,BAND,-2.66666358019857,-2.8584355277891667,-3.3369062062562747,-3.1752492491239344,0.018376722817482746,0.011674173188778
2023-04-28,BAND,-2.7521343396827156,-2.9079818946834775,-3.2009984223826438,-3.3195801458195766,2.0472972972696315,0.0173106275102472
2023-05-01,BAND,-2.6923047829880997,-3.0875521553775527,-2.75999553415073,-3.2371071735895374,1.0137551581703748,0.0143930217470383
2023-05-02,BAND,-2.317828207757694,-2.449608559410962,-3.465511294708464,-4.089991972603956,8.291609353393513,0.0342349910184244
2023-05-03,BAND,-2.1703675945633916,-2.019167192558464,-3.838968578700754,-2.9112866565474955,7.420314253564307,0.037790119891846
2023-05-04,BAND,-2.890506998485584,-2.475901226711842,-3.2453290265730166,-2.7592562125235847,7.58882445959316,0.0413489989012101
2023-05-05,BAND,-2.459625414295547,-2.0871459133918493,-2.2467497900518016,-1.8685700279751678,4.880831642952527,0.0328174396321866
2023-05-08,BAND,-1.9263780798221586,-1.8843899259760952,-1.8710002291031023,-1.3749981481646938,0.13239945774846454,0.0162455889025977
2023-05-09,BAND,-1.6576082375435652,-1.5311946301945702,-1.1266280330827954,-0.9845352093904531,-0.56453362255353,0.0128179646512186
2023-05-10,BAND,-1.054999250176531,-1.0646810199245618,-0.8886707124814154,-1.0215042393609461,-0.6322580645093306,0.0121504404534664
2023-05-11,BAND,-1.1935463428918984,-1.157303015572038,-0.9444436777708948,-1.0223451936899455,0.011331444759078399,0.0144680244658868
2023-05-12,BAND,-1.1939376945313882,-1.19770652965127,-1.1310152899445607,-1.1893469001976054,0.8757612667372016,0.0180531544268479
2023-05-15,BAND,-1.3124982848717468,-1.1892234815976783,-0.946358949293358,-1.11023395174759,-1.2203966005527436,0.0103916266964677
2023-05-16,BAND,-1.3289455207431902,-1.4402964215008547,-1.2510279488800675,-2.0980355235446426,-1.0884904568989187,0.0108266424657893
2023-05-17,BAND,-1.830643684799763,-1.8167844901600843,-1.4152523453922294,-1.3619022110563137,-0.8580521960425456,0.0118279287624176
2023-05-18,BAND,-1.00781109991889,-1.7110190694458047,-1.1274489438689392,-1.2222194660368524,-1.1024824952119354,0.0111079026614714
2023-05-19,BAND,-0.8611089768341781,-1.0959576738145753,-1.0389592572042907,-1.4499946464799618,-1.5610640870427925,0.0095140948859396
2023-05-22,BAND,-1.2842073577714648,-0.6381555714524795,-1.054791541230461,-0.1891876677720363,-0.45397923874804186,0.0123379472505878
2023-05-23,BAND,-0.579997603715647,-0.1492535667795112,-0.31578854177244653,-0.17543677745853048,3.339177343178164,0.0228908297925799
2023-05-24,BAND,-0.5102022374929588,-0.4999972651263097,-0.8260814719372834,-1.1481437649440018,-1.2302878598093832,0.0099191095677218
2023-05-25,BAND,-0.8636313543137072,-1.0943359004782367,-0.9302265294266082,-0.4871779293397184,0.24363833242833094,0.0152743036935088
2023-05-26,BAND,0.16216031034502706,1.849049694125428,1.3023224640139157,2.948699253272365,1.1126102750273732,0.0184506688367453
2023-05-30,BAND,3.8918835331638904,3.132064942705279,3.3953382542845367,2.7435724762779694,-0.32880098887109027,0.0126454583978669
2023-05-31,BAND,2.5405355853275813,1.773580114140328,1.9069722586575375,3.3076698903604895,0.9204152249007556,0.0161368349602673
2023-06-01,BAND,4.054043843508927,3.377349174865133,2.9565120396083144,4.128181888946179,0.012288786482146102,0.0128779668262974
2023-06-02,BAND,5.459446946454686,2.6779562019829877,2.999990654986389,3.037026639116392,-0.558303886915931,0.0115466685667355
2023-06-05,BAND,4.363620863864548,3.2542255445549912,3.4073953107020096,2.2461450163114653,-0.053553038103943296,0.0124504513288606
2023-06-06,BAND,3.363623241868924,4.251954780842008,2.2714229185451336,3.4736732200543337,0.23724792407503564,0.0129229684576065
2023-06-07,BAND,4.918019430211663,4.118001293591017,3.647054268113759,3.93405786360431,1.2543769309731334,0.0148317876523023
2023-06-08,BAND,4.395050295004859,3.514963124885705,2.9670236245884967,3.0097040444071097,-0.96774193546436,0.0107478896109984
2023-06-09,BAND,3.7241295966112498,2.33777372346086,2.3229132449441328,1.440364722923738,-1.066950053112286,0.0105116310466254
2023-06-12,BAND,1.7777748285177264,1.0666652277063589,1.866069274712802,1.371899177648157,-0.523878437032594,0.0114041634009232
2023-06-13,BAND,1.4692281759405623,1.8311680534765502,1.7364833518357614,2.2137910251630117,1.5542590431375902,0.0148917898273812
2023-06-14,BAND,2.0496874503505005,2.6925535343390483,2.348097827482686,2.292855200546953,7.403714564860143,0.0267497196773383
2023-06-15,BAND,1.9437474883598518,3.297729751649306,2.1582257274015944,3.506404989020989,6.385714285600255,0.0261721987422044
2023-06-16,BAND,3.4417131161829477,3.454220113376683,2.530198641934834,2.1139209698424084,12.149130074363725,0.0403964643718334
2023-06-20,BAND,2.019864694500089,2.111997658401403,1.8108073188433822,1.7549645211337748,0.9795751633826867,0.01612558455244
2023-06-21,BAND,1.6740705840437755,0.9735086736377542,1.0364949795046885,0.8959992377879382,0.9839080459657022,0.0180719051065601
2023-06-22,BAND,0.752064722804686,0.27868813179825513,0.6782591203043168,0.4999992537325414,-0.38071895424214514,0.0130842243031309
2023-06-23,BAND,0.021277054849658913,-0.1379315054052521,0.12036937889935052,0.01625973903495548,1.910607071355429,0.0202319834093985
2023-06-26,BAND,-0.2338698338448363,0.3440360178277377,-0.01102858907199634,0.41790967530209033,-1.3504531721850386,0.0106053844451861
2023-06-27,BAND,0.570173931955025,1.0649975123747342,0.9423063915807668,0.9137920098847164,-2.0507655116510755,0.0082315483936292
2023-06-28,BAND,0.9649106025516673,0.8263457296214999,1.0749978191454528,1.0103064553314332,-1.513036809792745,0.0093040872731636
2023-06-29,BAND,1.0776677564175459,1.267970655321637,1.4179442764914723,0.8720892672861611,-2.5844675740178626,0.0068477482308733
2023-06-30,BAND,1.3068160245703224,1.1392384015016241,1.6352906526917053,1.4880925600289143,-1.0289017340870537,0.010350375201101
2023-07-03,BAND,1.6590876802944214,1.2678335420937028,1.3472058514758507,1.3333305126702855,-1.1163120567217546,0.0097353529065428
2023-07-05,BAND,1.0270248434142997,0.20253215664317095,0.542167714357491,-0.39999803089160474,-1.9120805368870863,0.0068214972792763
2023-07-06,BAND,-0.6111086041423442,-0.8235272371200839,-0.159361919650532,-0.44444240590274925,-0.5573863636300297,0.0092365848261999
2023-07-07,BAND,-0.237286235371119,0.3235287077033287,0.676055095790136,0.0,0.49227202472191234,0.0122704448036241
2023-07-10,BAND,-0.066666338481928,-0.34153876498007696,0.4531217912001677,-0.3076905599642738,-1.1431054461049468,0.0073052648158495
2023-07-11,BAND,0.1923093509482748,2.699988024376943,0.925920795935491,3.596138463028728,0.5106981981924471,0.0135379907521647
2023-07-12,BAND,4.877532144821762,5.095810045431095,4.754141087711161,5.285691515713412,1.3211401425052625,0.0178918985813235
2023-07-13,BAND,6.3060999668157045,4.98751726057449,5.680837380882911,6.694892121348713,0.5315914489260657,0.0147755356131659
2023-07-14,BAND,6.396532218575055,4.164576906634114,4.224475849903314,2.8643972342217237,0.2716385410966615,0.0136129934710133
2023-07-17,BAND,2.32856693588609,1.8453824447267422,2.044769611964658,2.9321919159924077,-1.2286532951148579,0.0074177688941224
2023-07-18,BAND,2.357136219779847,2.4189459248888956,2.999989621413788,2.791658194600396,-1.0569007263794565,0.007204011145404
2023-07-19,BAND,2.9036075442466283,3.4347757276982382,3.4835878717496094,3.6627831982333623,-0.5016812373839721,0.0086440633472963
2023-07-20,BAND,2.5607433935591017,1.9243663587750022,1.4231453377225152,1.0178548843061737,-0.2177152317844749,0.0090265772134239
2023-07-21,BAND,1.1496033535585013,1.0431762917856728,0.9999980582556941,1.0091717940040612,0.37966985229574857,0.0103391247932737
2023-07-24,BAND,0.9914519167015504,0.41673161941735676,1.2376210311771918,0.3899986096512168,-1.8408644400424192,0.0057564586716268
2023-07-25,BAND,0.27358449131502766,-0.04964578495199345,0.6666658916119986,0.32727372431450624,-0.4639830508376275,0.0083103012484202
2023-07-26,BAND,0.16521762317208083,0.4071421684659239,0.6930685328431564,0.7200004673481425,-0.6165254237157516,0.0080402914605654
2023-07-27,BAND,0.7589259313584041,0.6737582882435542,-0.45696004062524265,-0.945052591619464,1.0230692076023455,0.0110441503504502
2023-07-28,BAND,-0.7362623254000146,0.524474200878405,-0.20227480251233343,0.8390792112381807,-0.0010341261633705454,0.0092328346902575
2023-07-31,BAND,0.9382689393678818,1.5501143177610892,1.9298180205513227,1.942522947088731,-0.14316012725041016,0.0088765717757268
2023-08-01,BAND,1.887496175325586,1.1999971764784991,2.271333714223356,1.5517201171671846,-0.084905660375356,0.008816569600648
2023-08-02,BAND,0.7123291956959231,-0.12195055817282571,-0.5840680418477554,-1.1447333343207187,3.2417815481815104,0.0148617887398418
2023-08-03,BAND,2.1612824575609864,4.695643851521246,2.8598757521505305,3.9341986871765413,11.531594784121733,0.0306873624168876
2023-08-04,BAND,5.515614096689058,5.192296400813813,1.276919779958065,0.8909018474252642,4.979939819358477,0.018439418428918
2023-08-07,BAND,0.13889067387196866,1.2727238543586896,0.31818243031396565,2.0263059991395833,1.3386363636160814,0.0130992248469007
2023-08-08,BAND,0.4027777811368201,0.13412770782353692,0.29508166609951203,-0.1168827972071115,0.9457429048256136,0.011910431753151
2023-08-09,BAND,-0.26388615065483145,-0.8904060855916851,-2.4393880360553957,-2.462674860751645,2.07929883135093,0.0144567740580596
2023-08-10,BAND,-2.6212055355512076,-1.6058791724725556,-1.7719249575096683,-1.3703632018382483,-0.5139607031951611,0.0081977971701474
2023-08-11,BAND,-2.344820861388749,-2.1249919849877976,-1.2372824620116762,-1.9999953133567723,-1.0410316529650403,0.0072865141361374
2023-08-14,BAND,-3.5932086517558752,-3.269829447747943,-2.061059374747328,-2.0804568396169274,-0.417690417680155,0.0083140513843626
2023-08-15,BAND,-3.9999934604786884,-3.0823430486801318,-2.785701655522574,-2.197798783993658,-0.6949429037293656,0.0081527955388382
2023-08-16,BAND,-2.915657133856615,-3.03434152998503,-2.689180266667982,-2.606734366746369,-0.6818923327673119,0.0081677960826079
2023-08-17,BAND,-2.999994947353131,-2.7278067723059207,-2.087905241898068,-1.7419310431202495,-0.16639477976618613,0.0086553137551236
2023-08-18,BAND,-2.6631535455733095,-2.1643163236867657,-1.7113360492412217,-1.2155159961443598,-1.5576923076378428,0.0070652561155341
2023-08-21,BAND,-1.4568946918730326,-1.6265032543472182,-1.314890163184042,-1.0499985678947332,1.2196007259085444,0.0101066163648432
2023-08-22,BAND,-0.99999831933131,-1.5780123873975413,-1.0864636474535365,-1.1344524877109905,-2.5345744680176976,0.0052726911350536
2023-08-23,BAND,-1.0915478340568354,-0.9969013918361324,-0.9540724377162663,-0.5824165442268491,-1.654320987617187,0.006082720498618
2023-08-24,BAND,-0.46808506123433774,-0.8350063103032029,-1.0176968880950432,-1.2210499235783323,-2.013221153797759,0.0055952028261024
2023-08-25,BAND,-0.9714269805949715,-0.1416314486414227,-0.7209276017911708,0.12820395302158452,1.8499566348334786,0.0127354616604851
2023-08-28,BAND,0.35999989035178176,0.28251124098370106,0.9285698664491144,0.9142825960218568,-0.8105849582022175,0.0068477482308733
2023-08-29,BAND,0.6818169770545548,0.8142835793875258,0.816864969942015,0.9999969697098305,-0.7837837837691746,0.0066789921134641
2023-08-30,BAND,0.9870101338236172,0.3906241706776352,1.0361429121893602,1.1714248741750566,-0.9811320754522118,0.0063302294708183
2023-08-31,BAND,1.2986971533887217,0.9510848100743142,1.614454273316185,1.9428489838616296,-0.979079497887467,0.0064052321896668
2023-09-01,BAND,2.259732749648187,1.748908283773542,2.265056278087665,2.171419292270468,-0.3678343948927441,0.0072865141361374
2023-09-05,BAND,1.8441500568947191,2.4945596704943584,1.3493954739676568,3.599985082212211,1.0593220338623959,0.0088915723194965
2023-09-06,BAND,3.8441448621061056,2.6684721556233475,3.084329557348119,3.114272495650178,0.47628083489653583,0.0081902968982625
2023-09-07,BAND,2.441552035529011,1.0815202105212343,0.43699065472522186,0.1066662804979916,4.096774193392911,0.0117679265873387
2023-09-08,BAND,0.4556940861882038,0.09574458506978625,0.10714276423056403,-0.3219162372644971,-1.228733459310823,0.0060677199548483
2023-09-11,BAND,0.27272645175299637,-0.28666483411187466,-0.2686563393526127,-0.7222181634033343,-0.9555160142008713,0.0061689736252939
2023-09-12,BAND,-1.0365825255734669,-0.7799979708680366,-0.27272544194794995,0.07086601313696965,-0.8165467625605559,0.0061052213142726
2023-09-13,BAND,-0.20238052458580766,-0.6870734369822974,-0.4999977272858143,-0.2440947127358046,0.6765957446520597,0.0075527737880498
2023-09-14,BAND,-0.1951213618484139,-0.24999786225089926,-1.0212727247999025,-1.8503890080483891,1.006396588443224,0.0078415342556167
2023-09-15,BAND,-1.8536552635900423,-3.014695943133511,-2.1071325947290203,-2.4087970024514083,4.989339018977001,0.0113441612258444
2023-09-18,BAND,-2.5853615335366453,-3.749987568168149,-2.288885238874053,-2.6833266816245933,1.7977315689301425,0.0088503208241298
2023-09-19,BAND,-2.9361655198030587,-4.119987945250241,-1.8632455211841616,-2.476917965971476,-0.947499999952625,0.0060527194110786
2023-09-20,BAND,-2.5656529004574637,-3.0210467575626394,-1.9343969014592022,-2.8309786063713904,-1.2974999999351249,0.0057902098951086
2023-09-21,BAND,-3.663359007668418,-3.2749945218067142,-2.562046213896206,-3.0474063028997196,3.882681564101204,0.0109766479034865
2023-09-22,BAND,-2.91802692679612,-3.2204655777718636,-2.6119368143662403,-2.9195765134769993,-1.1415270018196824,0.0059177145171512
2023-09-25,BAND,-3.095886402665868,-2.6597598220406873,-2.611838057729022,-2.2749968496886597,2.5716945995317806,0.0096566000517518
2023-09-26,BAND,-2.641615965796593,-2.023193823463639,-2.03783494651196,-2.0292665148787945,0.17862165962929333,0.0076577775944377
2023-09-27,BAND,-2.010149990395447,-1.7641497162188498,-2.0052895106907873,-1.8221136810778384,-1.72551724133171,0.0050739339301049
2023-09-28,BAND,-1.4317175331467935,-1.3813221204811974,-1.6376139611288385,-1.4801963322258913,2.054320987603597,0.0107253887953438
2023-09-29,BAND,-1.228569544871696,-1.2039289844136043,-1.1111102423359076,-1.1325283976274454,-1.614077669863736,0.0051114352895292
2023-10-02,BAND,-1.1157392743090495,-0.9851476680039836,-1.0851056495401885,-1.0717696106024064,-0.017921146952976794,0.0076015255553013
2023-10-03,BAND,-1.3064501006103817,-1.2514269014454273,-1.4426216219359604,-1.359115469301834,-0.2558714462235879,0.0071890106016343
2023-10-04,BAND,-1.3797453487033544,-1.6183182622316816,-1.4295276639427457,-1.3823520426500417,-0.42083897157183114,0.0067877460557945
2023-10-05,BAND,-1.3359357211006675,-1.617389558745737,-1.3170704050967792,-1.1908378154546804,-0.5959595959355167,0.0064352332772062
2023-10-06,BAND,-1.4961212529701204,-1.0819649524413932,-1.3909447841652,-1.0833305913055644,0.2946298983949309,0.0077515309929984
2023-10-09,BAND,-1.549447236202774,-1.236062801619699,-1.19597721135438,-1.1630415583504217,-0.9100145137616832,0.0061952245768909
2023-10-10,BAND,-1.3258384771168439,-0.9999980295593479,-0.9999978260918627,-0.8552614025368241,0.015536723163402917,0.0075940252834165
2023-10-11,BAND,-1.06741377712861,-1.2181792853716444,-1.6666619415404333,-2.0135057901793667,-0.01694915254189409,0.0075490236521073
2023-10-12,BAND,-1.8068129301299778,-2.5249924656254144,-2.825801239242269,-2.7794028475156303,2.6062176165127924,0.0113441612258444
2023-10-13,BAND,-2.317065221690761,-2.194797644271927,-2.5306060738499943,-2.1128959386326778,1.290155440381084,0.009439092167091
2023-10-16,BAND,-1.615379983571342,-0.6376804728667343,-0.6764669486726869,-0.40384505909215285,1.7919621748985353,0.0104141275121223
2023-10-17,BAND,-0.4999978902380791,0.1803265343632658,0.2222220213451147,1.039212564234347,2.6215053762877094,0.0121691911331785
2023-10-18,BAND,0.8333312897402235,-0.02105305015239494,-0.999996551735575,-1.288127582958459,1.1640042598261129,0.0096791008674064
2023-10-19,BAND,-1.4285660284314388,-1.6412139289638925,-2.2413705609007244,-2.6666541644024044,0.36352800952649517,0.0082015473060898
2023-10-20,BAND,-2.6060499503904,-3.2241270401489306,-3.542044699340916,-3.203107306914287,3.6520231213028436,0.013627994014783
2023-10-23,BAND,-2.7638835293879374,-3.9344149188108384,-4.383162933683215,-4.2575644759705,0.9309428950615951,0.0090190769415391
2023-10-24,BAND,-3.7580545021718934,-2.661283151932222,-3.0655668206206474,-1.8382316406283068,1.0340775557923836,0.0096265989642124
2023-10-25,BAND,-2.3620625781367446,-2.535475433995154,-2.0263097966420056,-2.7646991533406613,0.8012048192529757,0.0096078482845003
2023-10-26,BAND,-2.4615314518957483,-2.576109745847666,-2.095885617288028,-2.1285655999694755,-0.39700374530843935,0.0073802675346981
2023-10-27,BAND,-1.769227244087279,-2.6646783075618288,-3.099992096551906,-2.65788962464279,6.6133768350207705,0.0162118376791158
2023-10-30,BAND,-2.0789450345974085,-2.256405536661596,-1.5434748604200412,-1.506023485281611,0.5361990950104932,0.0101178667726705
2023-10-31,BAND,-1.4494369677747487,0.28124986615210035,-0.864194713882931,0.18072107174792973,8.8449999998231,0.0261084464311831
2023-11-01,BAND,0.012048454451147885,-0.16565877656147274,0.05384457680655683,0.12162024798614521,6.411764705758693,0.0220845505649579
2023-11-02,BAND,1.0963828172215055,0.9761033944461444,0.4136965124441925,0.6621589793000702,3.231060605999412,0.0160505818335914
2023-11-03,BAND,0.8313217198679054,5.51930423526718,2.079995012835565,5.369032997490601,15.52377049154879,0.0454103961268596
2023-11-06,BAND,4.752790867751436,4.463134723096838,4.986651792187006,4.124990218628201,3.3436262865662134,0.0181844091848329
2023-11-07,BAND,3.764029285536607,5.104175803139338,5.626652018299678,4.6893114986310716,2.576364892846215,0.017869397765669
2023-11-08,BAND,5.233317359233038,4.419257684640866,5.753067868541597,3.3359939605053586,1.3551847437263984,0.016020580746052
2023-11-09,BAND,4.41283483204363,3.662512315192246,3.6904154371761133,2.2462652191033747,1.8056478405115655,0.0190131892281095
2023-11-10,BAND,2.14893384161639,1.3732176318088658,2.6151043516801473,2.156025516869063,-0.9982993197165726,0.009596597876673
2023-11-13,BAND,1.5714252654189305,1.0135488350871815,2.14350865021388,1.3648631075323567,-1.2351407716242426,0.0084565565501749
2023-11-14,BAND,2.073617012208748,1.4322901177836975,2.9832005909684223,1.8497092234545525,-0.24035453597246764,0.0118991813453237
2023-11-15,BAND,1.8139510309766496,1.8872514567587602,2.998556255156356,1.839023503795246,0.5528209011696114,0.0175618866183899
2023-11-16,BAND,1.4976944195143527,0.7823126060076285,1.2334432156144963,0.6401670236516962,-1.1442635365305243,0.0091578319714089
2023-11-17,BAND,0.5599996039478348,0.15420547168909435,0.6587407713569307,0.47263667138714494,-0.9494818652767748,0.0098366065769884
2023-11-20,BAND,0.25142804430126436,0.34239114344756977,0.3237412324121985,-0.05590065837176519,-0.7708150744893005,0.0106616364843225
2023-11-21,BAND,-0.4109579384950218,-0.5199998634781116,-0.4559990262609336,-0.8071413245599495,-1.4599912549063403,0.0076990290898045
2023-11-22,BAND,-0.939129097172345,-0.6496805114618409,-0.9017844004589889,-0.8861778747090886,-0.2706576728476336,0.0136129934710133
2023-11-24,BAND,-1.3391274063855358,-1.0408152149740497,-0.6524269459928785,-0.8558552658229818,-1.8794266441662781,0.0064577340928608
2023-11-27,BAND,-1.2347790839262625,-1.1496585513429125,-1.3689295874724015,-1.7927899108503769,-0.4848053181340475,0.010841643009559
2023-11-28,BAND,-1.8608657015612653,-1.4353726336898978,-1.912617474605348,-1.3963936249432471,-0.3765432098729673,0.0112691585069958
2023-11-29,BAND,-1.060867424574565,-0.8442611673417989,-0.8023246568193206,-0.9907386934575884,1.91215574547092,0.0203069861282471
2023-11-30,BAND,-0.9999981481530819,-1.2704905919101124,-1.5232522586105026,-1.7314791744226175,6.354700854640506,0.0378501220669249
2023-12-01,BAND,-1.8148100150446833,-0.7512178421663765,-1.6395315479505845,-0.12871175632010126,0.1700545364385716,0.0131854779735765
2023-12-04,BAND,-0.6037725305892985,-0.1651047408443507,-0.442855235285498,0.3846146199241043,0.0024198427101945574,0.0119141818890934
2023-12-05,BAND,-0.033332941368944644,-0.04819261342723935,0.5726840498409838,-0.07317100710169579,-0.3047138047086749,0.0109053953205803
2023-12-06,BAND,-0.01149447844405614,0.8647812167664388,0.49919214627021696,0.13513403845548658,1.008249312538804,0.0136467446944951
2023-12-07,BAND,-0.09090840440629212,-0.0936505035560831,-0.3281243471398215,-1.0270248782424631,-0.4515828677755757,0.0101778689477493
2023-12-08,BAND,-1.1014469440958483,0.2107977097295678,-0.4142845890033779,0.432430985051139,0.262061403503025,0.0115354181589082
2023-12-11,BAND,0.3529382409693511,-0.037736589372169116,-0.1851843790872138,-1.1014457021755437,-1.1741154562164968,0.0087228162020873
2023-12-12,BAND,-1.0882312684614672,-2.0302975784720587,-0.7368404964293415,-1.5645118016925357,-1.2765363128253904,0.0085165587252537
2023-12-13,BAND,-1.1428537310033628,0.2641489280867141,-0.8583304987244239,1.3064483165019531,0.505586592169356,0.0121054388221573
2023-12-14,BAND,2.095232092466778,5.2452635649174,3.024987294112719,3.4032149027652876,4.75512104274199,0.0206632490427778
2023-12-15,BAND,3.9364955117832885,6.188656706666199,3.6083189479178106,5.863619777328643,9.880751173523366,0.0311336285940365
2023-12-18,BAND,7.0158511037549625,6.698389126994346,7.458302776788538,6.075739470928552,1.3021653543050755,0.0142055149499169
2023-12-19,BAND,7.3968018428348525,7.206323445767539,7.941632538694389,5.960508483818551,1.5558659217587363,0.0151430489355239
2023-12-20,BAND,7.107664004912484,4.2965785739987785,4.862051153142509,2.4948396086811004,-1.7905027932627466,0.0084040546469809
2023-12-21,BAND,3.1914850105369164,2.6118309735722307,4.046506678902285,2.4444400597920657,-2.1114911080422507,0.0059364651968633
2023-12-22,BAND,3.0091716320264137,2.8841239259265072,3.9207834645385335,2.2272700880514367,-1.527359781100857,0.0075377732442801
2023-12-26,BAND,2.975802631902841,2.8444886236570244,3.172686570804393,2.638705431102965,-0.4917920656567471,0.010376626152698
2023-12-27,BAND,3.5952322803949035,2.7986771592221804,3.1202634400561724,2.7682887041823885,1.0846962616695714,0.0154918115781697
2023-12-28,BAND,2.6312455114007016,2.015788218297955,2.012375003596927,2.302882467203888,-0.030095759233514426,0.0117491759076266
2023-12-29,BAND,1.8546992137541962,1.2231393742759527,2.021174155421797,1.6030139170505298,-1.5902872776800236,0.007282764000195
2024-01-02,BAND,1.0572678538788312,0.7142852443076312,1.1192651686673338,0.8844431326922588,0.03351573187368652,0.0117191748200872
2024-01-03,BAND,0.7108420256149188,0.29478087824030036,0.2506809412655973,0.17073188205219741,-0.10049539985703475,0.0110028988550834
2024-01-04,BAND,0.14516056000400024,-0.08787843811916063,0.25903661464019245,0.22222212847935421,-0.18117480537606265,0.0107891411063651
2024-01-05,BAND,-0.10810775077463289,1.098988138086956,0.375998849085438,1.1705402936275173,1.5540720961074224,0.0156343167439819
2024-01-08,BAND,1.870963883754679,1.989241776885252,1.6842085402071776,1.3643391877898243,-0.819759679561819,0.0089665750383451
2024-01-09,BAND,1.1797736531058984,0.6341448515023909,1.1170718534137165,0.7280692210050871,-1.7433742727634989,0.0058389616623602
2024-01-10,BAND,0.3529415408698103,0.0,0.5053181925152262,0.4074065758907251,-1.208661417309239,0.0068664989105855
2024-01-11,BAND,-0.03225716655897123,-0.7433596328810714,-0.5416651877668277,-1.0124977667766795,-0.30652418447349244,0.0098741079364126
2024-01-12,BAND,-0.7796582370577867,-0.6315781901575577,-0.4206355676000289,-0.5072457678651966,-0.5484633569675122,0.008842820552245
2024-01-16,BAND,-1.3220286223532038,-1.642098475868841,-0.5816291073336557,-1.0781218869844813,-1.8080110496987845,0.0052164390959172
2024-01-17,BAND,-2.4406683502206326,-3.8315590949099625,-3.581614916240495,-2.554047116390808,-0.23499577345333905,0.0088990725913814
2024-01-18,BAND,-2.8064411705374446,-3.3333201029984765,-2.5142747548837203,-2.3874961174185656,-0.9833948339301957,0.0069340013575492
2024-01-19,BAND,-1.9852865461190423,-1.0147018254665112,-1.5810740736768676,-0.29870012073331426,0.1439688715925298,0.0092103338746029
2024-01-22,BAND,0.08823561208544611,1.0410926443940016,0.828569411561794,1.0952353794089622,0.002923976608130137,0.0089778254461724
2024-01-23,BAND,2.044112686804628,2.2253456170769383,2.6507833614203515,2.1168803690104,2.9677419354240375,0.0146142797676415
2024-01-24,BAND,3.044106878857017,3.3856094971735997,2.069923197964635,0.8888865632889338,0.06350806451484863,0.0094465924389759
2024-01-25,BAND,2.3424577966871665,1.0862912276367669,1.526621949447064,0.987950298762125,-0.20161290322174166,0.0087190660661448
2024-01-26,BAND,1.5568143110990953,1.1999962787958973,1.5287902466613679,0.9397565363323568,-0.3240641711160628,0.0084040546469809
2024-01-29,BAND,1.1634593803948736,0.7867280665019615,0.8167501876397022,1.1325269900412884,-1.4994652406096372,0.0063039785192213
2024-01-30,BAND,1.240382238851324,0.578678359665237,0.6268986330641592,0.02272665458543579,-1.066147859901437,0.0068777493184127
2024-01-31,BAND,0.10576870112942267,0.43399819358808545,0.07017468738763799,-0.5056169737475282,-1.1702334630122522,0.0066152398024428
2024-02-01,BAND,0.0,-0.06122476204608564,-0.25974074320281776,-0.06818213119273592,-1.0010141987626568,0.0069302512216067
2024-02-02,BAND,-0.4615389847243332,0.1034471308711461,-0.3298715860718173,0.33734829399064475,-0.6428571428407435,0.007616526099071
2024-02-05,BAND,0.028845842672968875,-0.7446786406452713,-0.46753234693654044,-0.6363625841654649,-2.4052718285863173,0.0052726911350536
2024-02-06,BAND,-0.12500013453447184,-0.4146329932109945,-0.013513773053525292,-0.16249850596932414,0.13464696222874722,0.0079240372463501
2024-02-07,BAND,0.10256365147933484,-0.036584922043994404,-0.3240747227147455,0.48749790208723454,0.6849315068284648,0.0090078265337118
2024-02-08,BAND,0.3580235747817372,0.5121947236844999,1.1292490515712161,0.1500006382772089,-2.614916286069561,0.0049426791721199
2024-02-09,BAND,0.8255787404129561,0.9413247623100487,1.1540499283867052,0.8181809151666937,-1.3682539682105317,0.0061539730815242
2024-02-12,BAND,0.9599981181507363,1.1442972271019038,1.3896060403353927,1.1506827095386463,-0.1988304093509114,0.0071065076109008
2024-02-13,BAND,-0.048780340462103576,-1.3520872982113032,-2.0076693865653006,-2.9999943936401015,5.657142856963265,0.0144530239221171
2024-02-14,BAND,-1.463411376878167,-1.6868600376488923,-1.9053679015908784,-0.9411737024276471,4.156441717663912,0.0128517158747004
2024-02-15,BAND,-0.12698509345697384,-0.3469351808298166,-0.43055535297901704,0.45000128154703856,0.7183308494569797,0.0090678287087906
2024-02-16,BAND,0.39999785187805603,-1.083591899408661,-0.5986618959234503,-2.0166619312772056,-0.13190184048675146,0.0076090258271862
2024-02-20,BAND,-2.5396746213933157,-2.705785240390796,-1.6986275412429843,-2.0588188765199207,-0.04658385093023031,0.0075565239239922
2024-02-21,BAND,-2.3809428761311793,-3.253342018131559,-1.593021162920332,-2.8387014134558086,-1.1024844720154507,0.0062514766160273
2024-02-22,BAND,-2.2063408324938134,-3.1017582411071354,-2.5494781371273465,-5.180305450809345,8.279503105332935,0.017580637298102
2024-02-23,BAND,-5.079349242786637,-6.25421375870932,-3.394837654698637,-5.405384213210022,5.499999999841954,0.0147605350693962
2024-02-26,BAND,-6.507915271218074,-5.9360480628305705,-3.5463840147452506,-5.038450735494625,8.353741496371327,0.0190956922188429
2024-02-27,BAND,-6.07934304066676,-3.712199543751127,-3.274217798967077,-4.32910970310383,13.876315789108517,0.027387242787551
2024-02-28,BAND,11.857100458002856,11.402623336941591,5.251364880195458,9.642087743150766,30.0,0.1122978207960038
2024-02-29,BAND,12.494480003412553,13.349974635194771,9.532270152305449,13.639144875516111,17.575613078779625,0.0568445606153223
2024-03-01,BAND,12.05553450598049,11.135603021330557,9.710821517680102,11.765191673187397,6.262246412605025,0.0327686878649351
2024-03-04,BAND,10.346443958797002,9.294851866308305,9.248305352413707,7.94774814201781,5.069373275482307,0.0350750214695282
2024-03-05,BAND,7.035200819699505,6.300310286694324,6.984838996424382,4.831899580477093,1.0148484848423343,0.0199319725340043
2024-03-06,BAND,5.194962264115277,4.974114623683139,4.206311507601485,3.8046978787630845,1.9938144329794132,0.0291123053210678
2024-03-07,BAND,4.022638994961929,3.847187078376455,3.2150579608645256,3.1082445813957498,0.23759015697820282,0.0182706623115087
2024-03-08,BAND,3.03911898815031,2.983441025516924,3.131686960775375,2.4086007771722935,-0.3384279475967754,0.0132642308283675
2024-03-11,BAND,2.3091678524541717,2.466871066008914,2.8349735013936668,2.248508065475682,-1.019213973794676,0.0074177688941224
2024-03-12,BAND,1.2503788832758438,1.1595097905972835,1.576354588707903,1.210716627264227,-0.4347617907568362,0.0127654627480246
2024-03-13,BAND,0.9437979047095144,1.1503264075091095,0.8990075494096669,0.6718741080014251,0.5719549641737074,0.0231645897163772
2024-03-14,BAND,0.6912924102740039,0.3647795618022321,0.3144083289500983,0.09114588158078271,-0.5895598771726118,0.0125254540477092
2024-03-15,BAND,-0.08860776042736235,-0.14081670340343883,-0.0219434605699766,-0.17451602570044042,-0.07670956346163658,0.0173556291415563
2024-03-18,BAND,-0.34306566658677934,-0.08394132608063769,-0.10616347197506039,0.03214221624192508,0.05749293119662272,0.0189569371889731
2024-03-19,BAND,-0.08898256449020339,-0.06513401610650883,0.10851266648368688,-0.020324868395195102,-1.481935281171964,0.0097691041300247
2024-03-20,BAND,-0.05714319197553175,0.11081832161268813,0.3231327908217435,0.3011363724136983,-1.674206723206571,0.0086215625316417
2024-03-21,BAND,0.2857136212001245,-0.040677538352580894,0.6115695106510349,-0.14545409591795655,-1.0744013682949007,0.0115466685667355
2024-03-22,BAND,-0.31999926815852786,-0.8029731368904723,-0.11850422545230155,-0.6369432024470493,-1.4633049242354956,0.0070240046201674
2024-03-25,BAND,-0.9365065220741249,-1.0156237623345008,-0.9176898828024723,-0.9655164085815844,-1.1505657093074388,0.0078977862947531
2024-03-26,BAND,-0.9914511015967497,-1.546872885692087,-1.7313129941367347,-1.7379290092820223,-0.6749463354757747,0.01118290538032
2024-03-27,BAND,-1.914524691156855,-2.046871359387231,-1.6367071663457253,-1.3757958108462942,0.39557195571663784,0.0172843765586502
2024-03-28,BAND,-1.1970773655959128,-1.3515593055278057,-0.8796287692520961,-1.0703094190177858,-0.1612776025223874,0.0122479439879695
2024-04-01,BAND,-1.0983580350047528,-1.4585321638307294,-1.7874539166561145,-2.3565176264152576,-0.49819494584437873,0.0103166239776191
2024-04-02,BAND,-2.5390624442696907,-3.416664548502419,-3.078036524269856,-2.9499970701569236,0.02424242424221435,0.0127354616604851
2024-04-03,BAND,-2.7851221643343527,-2.5919956697014594,-2.294306475753857,-1.6879404556347262,-1.0299516908113049,0.0083890541032112
2024-04-04,BAND,-1.1544123460423457,-1.6758071601930302,-1.6601619218545833,-1.599997612356699,-0.8314381270791782,0.0095665967891336
2024-04-05,BAND,-2.046508076785992,-1.9807811352880713,-1.5968966802287436,-1.4520542907672807,-1.7471728594225013,0.007309014951792
2024-04-08,BAND,-1.8934401468723392,-1.9477585206195203,-1.10077128652444,-1.0152645252199397,-2.0944026733150474,0.0060489692751362
2024-04-09,BAND,-1.3009657767042837,-0.877696638086245,-0.4051721546367456,-0.30508354375628255,-1.0290846877497162,0.0084940579095992
2024-04-10,BAND,-1.1067946865308709,-1.3893111894458496,-1.5245011405064106,-1.1587273823859086,-0.7396551724010404,0.0084340557345203
2024-04-11,BAND,-1.0660372692132296,-1.1264357459037326,-1.12847083796245,-0.5803563193795185,-0.6700924974168532,0.0084453061423476
2024-04-12,BAND,-1.2407426292973862,-1.3510698110423476,-1.0761882706085306,-1.3333297823211199,-0.7256857855180627,0.0080027901011411
2024-04-15,BAND,-1.025859251313949,-1.3221721970777915,-1.9468011521820565,-1.975305538006929,0.914728682142179,0.0102003697634039
2024-04-16,BAND,-2.259998112141288,-1.4642797543462691,-1.5769213846894001,-1.5920993893042716,-1.153638813985077,0.0069527520372613
2024-04-17,BAND,-1.233331793518575,-1.0862931640261864,-0.8655553722603786,-1.2048215513745282,-0.989515072057942,0.0070540057077069
2024-04-18,BAND,-1.0322565723531596,0.0,-0.7882331754594124,-0.09859339042119317,-0.9919893190656345,0.007046505435822
2024-04-19,BAND,-0.5833281808589132,0.32876264339022043,-0.4090872146462551,-0.6785658424402532,0.8056680161725865,0.0095590965172487
2024-04-22,BAND,0.1612901992406549,-0.6306286986661684,-0.0909087236017395,0.048781384498418144,-1.9365721996778253,0.0057489583997419
2024-04-23,BAND,-0.264148452783365,2.3963863056114967,1.0404006930437877,3.0731527906183853,0.9286657859728226,0.0097878548097368
2024-04-24,BAND,2.7169647682788582,2.612599699259942,3.2626070864952688,4.536566413277648,-0.4650205761189295,0.0078040328961924
2024-04-25,BAND,1.1698033755429844,0.9543649688180527,1.0102021429510892,1.2682880846656246,-0.9627507163047923,0.00715150924221
2024-04-26,BAND,1.5094248712660325,1.8060778032459848,2.234684398906862,2.536576169331249,-3.4059561127458946,0.0041213994007282
2024-04-29,BAND,2.566025879905018,2.908740639885323,3.17346243254583,3.3333171057673145,-2.400414937659734,0.0057339578559722
2024-04-30,BAND,1.3090867162453876,2.186302991551643,3.031301908838096,2.5101979667913197,-1.326488706311027,0.006345230014588
2024-05-01,BAND,2.153845487931635,4.482257056549037,3.10272006142795,3.2142730273689137,5.315881326166985,0.0132679809643099
2024-05-02,BAND,5.038457819212387,5.088427600802739,3.743159670051269,5.077905671584443,0.6899383983289553,0.0081865467623201
2024-05-03,BAND,8.436347019500024,5.114442353114261,4.00815418391489,3.5176369340850635,0.6701244812999948,0.0085090584533689
2024-05-06,BAND,4.986653063749402,6.816288934741655,4.3550076513598555,5.199988455613916,6.114726027187852,0.0147905361569356
2024-05-07,BAND,11.399983420954593,14.64676865243849,9.73543106428199,8.342322930167693,29.192805754555604,0.0461379224996906
2024-05-08,BAND,12.40244465788398,6.102305187573947,7.7282461647711695,4.3333267358600365,8.516627078182502,0.0215407808533059
2024-05-09,BAND,6.356435583997502,3.5662943582184377,3.935820682815099,4.00598336314885,4.49564270142711,0.0158330739489306
2024-05-10,BAND,4.890408214714435,3.3591695960218493,3.7393240354531936,3.505204304375955,-0.6470588235153146,0.0068814994543552
2024-05-13,BAND,4.16091407718335,3.9040708438207066,4.163502864896134,3.791661930568833,1.5882352940830449,0.0107291389312862
2024-05-14,BAND,4.280897473676057,2.7899562303430163,3.9906073423924098,3.023253538033779,-1.130919220034709,0.0057114570403177
2024-05-15,BAND,3.2923712863849066,1.8170495178726271,3.07377520829356,2.310577892193464,-0.8727948003551942,0.0062327259363151
2024-05-16,BAND,1.7293435442512242,1.6195961706425088,1.9253812544935995,1.632046460466503,-0.20798514391442924,0.0075752746037043
2024-05-17,BAND,1.222505504047416,1.0061951908968558,1.4471547840085688,1.1648644511608248,1.49750415970886,0.0113704121774414
2024-05-20,BAND,0.8215294556132972,0.8355264430512409,0.9691004196296951,0.7449664670432115,-0.3922294171990337,0.0072002610094615
2024-05-21,BAND,0.30452582000860073,0.18376049535035943,0.22294520711079288,0.12499999443201114,-0.10219780219555609,0.0075152724286255
2024-05-22,BAND,-0.18134731053100311,0.11734749923582351,-0.011594465082023981,-0.08333306413456708,0.4456521739042361,0.0087265663380297
2024-05-23,BAND,-0.06451632365104584,-0.33907873445366854,-0.993864844963288,-0.6023392008334029,-0.06238698010737094,0.0079277873822926
2024-05-24,BAND,-0.9166673803396928,-0.9266625743373792,-0.9210521461515799,-0.5799997861558746,-1.7603978299862495,0.0044064097323527
2024-05-28,BAND,-0.7067662965767054,-0.49645243860892113,-0.9893996667047531,-0.726559723295882,-0.04545454545360631,0.0080215407808533
2024-05-29,BAND,-1.5037586575631647,-1.1914866642980513,-1.173143932631358,-1.460935089233347,0.09005235601905649,0.0085090584533689
2024-05-30,BAND,-1.4285690754761733,-1.2411317728861675,-1.2720860560195988,-1.2421835218222457,-0.5890652557111441,0.0074777710692012
2024-05-31,BAND,-1.4887207411457655,-1.7035428175544907,-1.8091869606411624,-1.8828099189983785,1.1398601398335697,0.0100991160929583
2024-06-03,BAND,-1.819546297760698,-1.141841555709935,-1.187278521686821,-0.8482111136799148,1.5829291949256463,0.0113254105461322
2024-06-04,BAND,-1.0676676860264367,-0.6859186474795744,-1.031803433871142,-1.223211934151078,2.3414161008275185,0.0127917136996216
2024-06-05,BAND,-1.0872988162096784,-1.0541507187929235,-0.939392559858265,-0.5520803412199761,1.408341416073553,0.0109878983113137
2024-06-06,BAND,-0.9017851683231897,-0.885106230295614,-0.1945926022749378,-0.291666472949529,-1.3045586808670309,0.0054526976602901
2024-06-07,BAND,-1.11965567624622,-1.7677702402328457,-1.5256917726080839,-2.732667463454445,1.1493695441096146,0.0101966196274614
2024-06-10,BAND,-3.4242376083511505,-3.7902362799229197,-2.3149550685799265,-3.2277139874654996,0.0950533462639175,0.0083890541032112
2024-06-11,BAND,-4.054935313815798,-3.1570726032348153,-2.51180658317373,-3.53464536288852,-1.0737786639865647,0.0059552158765755
2024-06-12,BAND,-2.4505460685895284,-1.9483043509800528,-1.8031468376523974,-2.7029657673204732,-0.6859971711262801,0.0070652561155341
2024-06-13,BAND,-2.536082029273389,-3.2604076182898956,-3.015994014741599,-4.633653442881011,2.914709517851305,0.0126267077181547
2024-06-14,BAND,-6.820744852280511,-7.464985222617445,-8.016648908098183,-8.999975631266885,14.818984547134239,0.0336237188598086
2024-06-17,BAND,-8.478617497599778,-10.066327703535485,-8.931594173214172,-8.876082702478689,6.028697571610845,0.0186906775370607
2024-06-18,BAND,-8.221288771283941,-9.408237530925156,-9.325433829025119,-8.107685296792132,1.8214624880945591,0.0122141927644877
2024-06-20,BAND,-7.936992453901031,-7.183756517061052,-8.915856908150474,-6.849990827372652,1.7092819614411685,0.0130729738953037
2024-06-21,BAND,-7.027961499106671,-5.8086967458608125,-6.111099827209361,-4.024743362529625,10.130307466908782,0.0360950584458686
2024-06-24,BAND,-5.322569847524201,-4.787351405023577,-3.917941875519813,-2.935845409513253,0.028396009209080645,0.0103353746573313
2024-06-25,BAND,-3.5309667864353624,-3.2449775809105703,-2.9335921595331103,-2.6088413147414116,-0.7223127035712978,0.0086028118519296
2024-06-26,BAND,-2.9999940699561005,-2.3471323790432876,-2.3030293359912375,-2.1143686468360867,-0.08268059181753384,0.010087865685131
2024-06-27,BAND,-2.2204945549616526,-1.3101603735331657,-1.6631290106593124,-0.9476187693742094,0.025663716813705068,0.0104441285996617
2024-06-28,BAND,-0.46530631701641084,-0.401785778778022,-0.38356152834648227,-0.39130441919271086,18.056401073982876,0.048534259366902
2024-07-01,BAND,-0.03225815286585168,0.030166021889716326,0.006026045266760737,0.13057374946150804,-0.616830796766037,0.0094240916233213
2024-07-02,BAND,0.13953476153379785,-0.05592043176563279,-0.10957907209292199,-0.23684107805015023,-1.978172999159609,0.0058014603029359
2024-07-03,BAND,-0.20938545177725368,-0.20979022164861535,-0.03083682362392388,0.027450857664715188,-2.4462989839993283,0.0039451430114341
2024-07-05,BAND,-0.007575201766627429,-0.08333367717460011,0.040909091156636004,0.016064613283138712,-0.9980769230641273,0.0072227618251161
2024-07-08,BAND,0.030769173242384675,0.06683492325987765,0.42646925577902645,0.05785093782350639,-1.2749999999836539,0.0064127324615517
2024-07-09,BAND,0.003951903037418581,0.4084501117721253,0.19680752147145333,0.4322031057464483,1.211491442527977,0.0139280048901772
2024-07-10,BAND,0.5758928105147887,0.6772056371921902,0.44864653632103785,0.1261254474625459,-1.6437158469765716,0.0045714157138196
2024-07-11,BAND,0.6524379060680658,2.3389659193647403,0.9378512135541537,1.369368383391787,1.9087431693780468,0.0169393640519468
2024-07-12,BAND,2.0182906364540507,2.3948483221223302,1.802255637528609,1.4504495191406654,0.8849287168952655,0.0145880288160445
2024-07-15,BAND,2.140239820890568,3.2507301093954055,2.355926628162551,2.0450433690788774,-0.05538922155633345,0.0101816190836917
2024-07-16,BAND,2.254462162563248,3.1039303473089426,3.0324262645538043,2.799124172900381,2.4356287424906626,0.0195419583959918
2024-07-17,BAND,2.5260880716439447,3.724542576587322,3.269995628512621,3.7413782466610543,1.88373253491134,0.0174681332198292
2024-07-18,BAND,3.670939170426377,3.500407630615348,2.9347798133371943,3.0427346575239924,0.20309381237322263,0.0111529042927806
2024-07-19,BAND,2.9705846665335365,2.9076283619938676,2.6311450863637496,3.1481470251660872,-0.04840319361229139,0.0100766152773038
2024-07-22,BAND,2.890562454696404,3.498776543234941,2.9549157436775304,3.5414986075375325,-0.6167326172909358,0.008089043227817
2024-07-23,BAND,3.203122718749017,4.2343865848609905,3.6269803473761573,4.124996401316578,1.2220558882113568,0.0147267838459144
2024-07-24,BAND,3.582956205383099,3.463826828935461,3.256726534330089,2.764188587178451,-0.03343313373220127,0.0100091128303401
2024-07-25,BAND,2.45454358272959,2.1166405154335397,2.476287837029793,2.1565474068575234,-0.11776447105670894,0.0096866011392912
2024-07-26,BAND,2.1533900110147464,1.9216906474985704,2.2573954261708264,1.9682512128503824,1.1961236732699942,0.0149892933618843
2024-07-29,BAND,1.6626794501149305,1.3896655561327307,1.6617640906617333,1.334095225606026,-0.36227544909818093,0.0086815647067206
2024-07-30,BAND,1.5406083304473344,1.691535593280945,1.3493391528234673,1.2064338175318892,2.2048915551250126,0.019088191946958
2024-07-31,BAND,1.5378371110674762,1.3010753632159544,1.1330046109729672,1.17195700648802,1.6555451127663954,0.0172731261508229
2024-08-01,BAND,0.30563849442585145,-0.0651461710682449,-2.039408299751341,-2.4523805678918413,10.85921889181781,0.057377079919147
2024-08-02,BAND,-2.9525194281006084,-3.550486515009687,-2.3842356674935137,-2.854497008208134,2.0160142348575087,0.0227558248986525
2024-08-05,BAND,-4.097918671705102,-4.078173793477511,-3.1379298450969975,-3.002644984528539,2.3879917184067248,0.0254709233209703
2024-08-06,BAND,-3.231451102315888,-3.550486515009687,-2.527092739977705,-2.542327679662314,0.6530448717896391,0.0179143993969781
2024-08-07,BAND,-2.821955581407321,-3.2442982062886374,-2.364038450051662,-2.7380947745187907,0.6052749217648166,0.0185031707399393
2024-08-08,BAND,-3.011866219522396,-3.628662293063095,-2.3980287058283842,-2.637565916734457,-1.228365384605542,0.0091090802041574
2024-08-09,BAND,-2.9940622386936955,-3.570030304201575,-1.9910707601768505,-2.552909930265655,-1.3232963549815904,0.0085953115800447
2024-08-12,BAND,-2.916910900464859,-3.602603700378626,-2.0384607300250064,-2.755262582178021,-1.000783699051718,0.0100691150054189
2024-08-13,BAND,-2.6710852049282243,-2.488777033016219,-1.8592124152501341,-2.182038285851922,-0.8131820165795445,0.0094465924389759
2024-08-14,BAND,-2.1670575883194085,-1.8389505124197754,-0.8641973943555412,-0.9756940510472728,-0.2912541254077351,0.0099528607912036
2024-08-15,BAND,-0.8191678374180724,-0.7849824528427518,0.04733721670551647,0.014217419783506694,-1.3187379265767067,0.0062327259363151
2024-08-16,BAND,-0.01290289595188866,-0.020513260948946545,0.1916934824561083,0.2095796640551534,-1.046052631569116,0.0058652126139572
2024-08-19,BAND,0.48818869242595747,1.249998086158839,0.6246849750234846,1.4071829655063608,0.11876379690844359,0.011077901573932
2024-08-20,BAND,2.1732243209527975,1.2857131605767198,1.4483610142623626,1.2514955413863924,-0.8177052999322342,0.0074065184862951
2024-08-21,BAND,2.0787371558680383,1.2363622638488811,1.4420648473404734,1.2275429271380836,-0.6692126909439576,0.0078752854790986
2024-08-22,BAND,1.874011460542769,1.2222205170785998,0.48716335926131116,0.29655156457611975,-0.5975323149165978,0.0081040437715867
2024-08-23,BAND,1.0816304059313053,1.2469124115041048,0.9938721450280963,1.6620667864086998,0.030854430379258634,0.0100841155491886
2024-08-26,BAND,2.67346603685404,1.604935461679295,1.6609945075343224,1.99310054041456,-1.5305522914038714,0.0051264358332989
2024-08-27,BAND,2.428566750349733,1.61110961266,1.5793044651067787,1.5655156036764595,-1.1742066171347172,0.0064389834131487
2024-08-28,BAND,2.020406462898694,1.1170264438790438,1.2933971070016044,1.358619836275599,-1.101710170997269,0.0069827531248007
2024-08-29,BAND,2.530609741619071,1.8920803760298488,1.3107066294324217,1.5632166444035442,-0.1617647058786931,0.0085840611722174
2024-08-30,BAND,1.909718861571094,1.49504704067397,0.9734501290285658,0.9940820912100856,-1.7617896009247451,0.0058577123420724
2024-09-03,BAND,0.48051901731761076,0.0581712718327603,0.7853175944327785,0.4029836871051537,-0.7806524184301316,0.0070427552998796
2024-09-04,BAND,0.14393961371611652,-0.11723063956143516,0.21869054362365029,-0.018180461017110485,-0.7219451371391036,0.0069040002700097
2024-09-05,BAND,0.06249956908335252,0.08589126934898923,0.30588400914936603,0.2391312219526269,-1.6779661016511613,0.0052276895037445
2024-09-06,BAND,0.4000007258774545,-0.45762299210394547,-1.552934222599703,-2.3478206224417026,1.866902237882994,0.0106128847170709
2024-09-09,BAND,-1.8999958185386363,-2.8135455655243433,-1.7294061115602266,-1.8260831670547368,0.9978835978624786,0.0094090910795516
2024-09-10,BAND,-1.1799979451798908,-2.3898182979144877,-1.435289288537062,-1.218388406898803,-0.4206896551608086,0.0066527411618671
2024-09-11,BAND,-1.2799962193044363,-2.661009956127192,-1.5411692804067827,-1.6091875199111378,-1.280130293117911,0.005538950786966
2024-09-12,BAND,-0.8172045725056774,-1.8474479126190724,-0.9580794858178978,-1.5402250339419923,0.6834170854042406,0.0077777819445954
2024-09-13,BAND,-0.5411738772746479,0.7692211814484645,0.07692476069716668,1.109086056356957,0.01675041875990786,0.0070802566593039
2024-09-16,BAND,1.2820468661468543,1.5744591403118011,1.762041302070163,1.6727236491518422,-0.9033530571635758,0.0062027248487757
2024-09-17,BAND,2.166659323613881,2.7259210626939434,1.8420984474166402,0.6909060110436978,-1.151631477882855,0.0058877134296118
2024-09-18,BAND,0.7999928434673393,2.7206540703400366,1.4090874272887954,0.8363635585253236,-0.23584905659487362,0.0067089932010035
2024-09-19,BAND,2.722215985052866,2.0457933683455387,1.6543181820404358,1.2253487366585443,-2.42968749990509,0.0044739121793165
2024-09-20,BAND,1.012343470107432,0.44067997903064793,1.2686505075070542,0.10769157003408071,6.648437499740296,0.0131892281095189
2024-09-23,BAND,0.950815478267845,-0.050587954939915546,0.593745629982811,0.26154086204734645,-1.27539062495018,0.0054564477962326
2024-09-24,BAND,1.0158671478018222,0.5396262955353198,0.9374957664827048,0.8545427884926118,-0.7494199535615118,0.0060752202267332
2024-09-25,BAND,0.7846085463053539,-0.016667034966071817,0.6874972927829017,-0.0909074992772111,-2.0761718749188995,0.0046876699280348
2024-09-26,BAND,0.6533338290655184,0.33333662536713043,0.4800014369278461,-0.03636426076283004,1.227805695101246,0.0080552920043351
2024-09-27,BAND,0.10256390227990533,0.6842074211177712,0.5999960741367972,0.6415064699762545,0.9363636363295867,0.0076465271866105
2024-09-30,BAND,-0.1999983386644815,1.0517217019795804,0.3953468952322261,1.1818141995845244,-0.16545454544852892,0.0065102359960548
2024-10-01,BAND,0.5199983777701609,0.018518842388230705,-1.7171626384731573,-0.07316742469875268,0.3836363636224132,0.0070765065233614
2024-10-02,BAND,-1.3599913556888743,-0.06817461186954642,-1.0789386517566433,1.0312442997757498,-1.195205479411123,0.0052726911350536
2024-10-03,BAND,-0.07894351865542831,-0.3953468952322261,0.0,-0.8437410013198615,-3.0821917807163635,0.0032063662307758
2024-10-04,BAND,0.9629553067496681,1.5714297124605876,1.8571393232171458,2.764689949469149,-1.727788279707834,0.0046426682967257
2024-10-07,BAND,2.541622307206927,2.1176260224403722,2.1304277949724217,1.4053958581535497,-2.2754491017055707,0.0040013950505705
2024-10-08,BAND,0.8499886391339977,0.3499970308960323,1.4736782084665851,0.03225865029842985,-2.2978056425611975,0.0032326171823728
2024-10-09,BAND,-1.949979546608241,0.593742563811586,-0.2352966293080998,-1.1666631274560002,-0.423197492149743,0.0054751984759447
2024-10-10,BAND,-5.349934103144232,-1.9062418112711685,-4.470523761245795,-1.833329588231589,-1.9198664440093534,0.0035251277858822
2024-10-11,BAND,-7.549896844869881,-1.3030236319434274,-5.5293361540106245,-0.3448211257923298,1.0594227503884746,0.0068514983668157
2024-10-14,BAND,-1.6249804981677594,-1.5538362306455662,-2.1499622880576,-1.4285563589491035,1.8485804415820637,0.007879035615041
2024-10-15,BAND,-2.666613947912976,-0.38461806903608997,-0.9189120498477047,-0.2500033232233796,6.458213256298034,0.0141792639983199
2024-10-16,BAND,0.49998678497240395,2.569187080108632,1.3333163926901357,3.499976666762882,11.363414633869185,0.0232470927071106
2024-10-17,BAND,3.2272299903253368,3.1537948077001654,1.230764842090195,4.366646880452683,3.7741935483001336,0.0124354507850909
2024-10-18,BAND,3.9666268711989034,10.981445855601901,4.606002741111052,11.764625789001046,3.847926267192444,0.0125554551352486
2024-10-21,BAND,8.634105018118406,11.583254853542146,9.843638000139714,8.435864834082867,1.9041860464762013,0.0105191313185102
2024-10-22,BAND,5.979979437015846,6.910087756304202,8.447345227434413,6.928572819549624,0.38009787927601796,0.0078377841196743
2024-10-23,BAND,4.160689086590978,4.351103245203276,1.674405040072127,1.9387700594869077,-0.39252336447864444,0.0061764738971787
2024-10-24,BAND,1.5645078570186008,1.5185151183140952,1.4315683970323145,0.7258043584056098,0.9445865302481742,0.0090415777571936
2024-10-25,BAND,0.9374955802059775,0.5737686618554158,1.0384547228892658,1.0468698658816238,-0.1321398124444648,0.0063902316458971
2024-10-28,BAND,1.5205429561182702,2.0790088559076003,2.895230041421336,1.7499922576729814,-0.17306052855629905,0.0062402262082
2024-10-29,BAND,0.9743559117088497,2.4740224955709618,1.943920232346854,2.6947284427061686,1.162946428554123,0.0095515962453638
2024-10-30,BAND,3.219171803761693,2.8207473238350866,4.694185210328186,1.9905638606600315,0.9588150288878785,0.0098328564410459
2024-10-31,BAND,11.825545590072718,8.640995111424688,5.038019909554823,2.9385932437352777,10.26988847568372,0.033758723753736
2024-11-01,BAND,3.1472854265619,3.248800443809748,2.4610995196670915,1.2462681350305091,2.973665480384717,0.0162943406698492
2024-11-04,BAND,0.4785709297945755,0.9061486371831569,1.4950940626886275,0.951387797473544,0.9447480267037676,0.0122141927644877
2024-11-05,BAND,0.7071418761340246,1.2757927219187486,1.198442569268505,1.8407619553378947,-0.12178279974737248,0.0089328238148632
2024-11-06,BAND,3.4751724811734306,2.3291392274262623,3.0974686004590892,2.7822547058367793,0.9059771658709742,0.0122216930363725
2024-11-07,BAND,2.6206854507682436,1.212665030160598,2.1213226011660478,1.32692001201081,-0.2652916073930969,0.0089928259899421
2024-11-08,BAND,2.0719952809989564,0.8830321820471112,1.84523543660929,1.1165622646671256,-1.3150782361121611,0.0062252256644303
2024-11-11,BAND,1.794324377155261,1.051406934850513,1.3124981536708915,1.182389226917193,-0.2894736842064087,0.0089290736789208
2024-11-12,BAND,1.0350861760063241,0.4303016339566411,0.7233330301034859,0.6587289329183343,0.11952487007988828,0.0099941122865703
2024-11-13,BAND,0.6874996928782438,0.5918337791937401,0.8226927364522835,0.5555566852690742,1.3593170007222077,0.0131254757984976
2024-11-14,BAND,0.25657938577998485,-0.34594515337201964,-0.015442871313589849,-0.3516473024030123,-0.4312714776558201,0.0083553028797293
2024-11-15,BAND,-0.18704896518050426,-0.800000744667493,-0.5499978912419413,-0.6633649482493679,-1.1941649899156104,0.0067914961917369
2024-11-18,BAND,-0.28859211532849205,-1.160001871154356,-1.7528918230859922,-1.6416623146174285,2.09350850074044,0.0140967610075865
2024-11-19,BAND,-1.680981427754412,-1.785153873972734,-1.7166636148423937,-1.2733789790402377,-1.0471894517550704,0.006187724305006
2024-11-20,BAND,-1.2159072042812222,-1.6601542555489484,-1.034129058664424,-1.2158265068246128,-1.1498959056051368,0.0059102142452663
2024-11-21,BAND,-0.9941507535778131,0.05472471075077076,-0.7224204512577012,0.508331082095773,2.8459579885060986,0.0176556400169506
2024-11-22,BAND,0.24999778880426668,2.576526168283681,0.3428565386052882,2.9245246172501127,-0.07180156657869712,0.0091390812916968
2024-11-25,BAND,2.364283961875612,4.6027975172677476,3.428011170191565,5.608682828410752,0.5204157386708179,0.0110066489910259
2024-11-26,BAND,3.0510887900894845,3.898608097369835,4.090900234222664,3.62036378045961,-0.4128630705337087,0.0083665532875566
2024-11-27,BAND,2.0734434916722346,2.5220352083401187,3.7743335538732192,2.993195642688405,-1.2754098360488473,0.0054189464368083
2024-11-29,BAND,2.2881309073598266,3.2271177619235507,3.0233421350373266,2.0000010830475676,2.0098360655474123,0.0148130369725902
2024-12-02,BAND,1.371856887018614,1.5792499486460077,1.6952647234131941,1.4682928389577083,2.0714754098088988,0.0149892933618843
2024-12-03,BAND,0.6327679570843507,0.5783120578867226,-0.0701217522399837,0.6793480679305428,2.6222950819328226,0.016564350457704
2024-12-04,BAND,0.6774183219697206,0.9967300225052607,0.9035852275333668,1.0497503833741297,0.2795830778629113,0.0104216277840071
2024-12-05,BAND,1.0236679885765716,1.0284797604476315,0.5261612560928532,0.0646770765958573,-0.7807917888448566,0.0070690062514766
2024-12-06,BAND,0.43195223167336644,0.13923990221382862,0.6261013726926252,0.22164836915330383,-1.179045092822559,0.0057002066324904
2024-12-09,BAND,0.23952157398904933,0.8649422621840648,0.8419543498482052,0.5360812627411938,-0.5792188651351626,0.0075602740599346
2024-12-10,BAND,0.22155711330281816,-0.014367582231942767,0.23884524574060575,-0.08762879084409282,-1.1081830790414955,0.0057564586716268
2024-12-11,BAND,-0.19760449905450925,-0.10057307562363205,-0.13749981951812948,0.1499999922790662,-1.1849999999830716,0.005250190319399
2024-12-12,BAND,-0.07784371205998432,-0.20976976987995444,-0.08854061724425277,-0.5833318904591087,-0.8511354078914863,0.0060602196829635
2024-12-13,BAND,-0.9177196773214708,-1.0214710567418614,-0.9999989847732333,-1.5611091469583795,-0.5267175572404206,0.0064089823256093
2024-12-16,BAND,-1.1835433939517783,-0.3856653268799426,-0.9408588946384503,-0.7337655381829505,0.2072147650971944,0.0084265554626355
2024-12-17,BAND,-0.9735080420662914,-1.079308656547006,-0.7692298224863723,-1.2272700074734886,-0.2588652482208306,0.0069040002700097
2024-12-18,BAND,-1.251654640534294,-1.1137908232976323,-2.307689467459117,-2.5909027986503745,0.15890410958613874,0.0082127977139171
2024-12-19,BAND,-2.3642359818345797,-2.51378731377442,-2.4676882376349094,-2.7727223206596943,-0.06499133448760847,0.007931537518235
2024-12-20,BAND,-3.2913854153942546,-2.92757857642331,-2.3938428319770915,-2.5413940823113137,4.742634315342415,0.01833441462253
2024-12-23,BAND,-2.66887068744907,-2.942945908290613,-2.037632041178155,-1.9353181479492114,1.402733118948509,0.0113441612258444
2024-12-24,BAND,-2.779219405646545,-3.193424038776498,-2.20927009695972,-1.8689282377098355,-2.105018587321468,0.0034988768342852
2024-12-26,BAND,-3.1944390879007103,-3.1851790012245758,-2.160496669084297,-1.8980559961483028,-0.16430260046892903,0.0070540057077069
2024-12-27,BAND,-3.5537167690086906,-3.3103366782428294,-2.0186154607617826,-2.184462442316733,-0.2733333333260444,0.0069302512216067
2024-12-30,BAND,-2.455055576413629,-2.565848904124076,-1.960350636502588,-2.1666661603427344,0.7115689381707903,0.0081565456747807
2024-12-31,BAND,-2.4166637353875813,-1.9454139573716678,-1.7684723026714049,-1.8916240251736782,2.7179080823227286,0.0105303817263375
2025-01-02,BAND,-1.8279048554920074,-1.4691112114067202,-1.2684724917377088,-1.476190299026328,3.9540412043120745,0.0119929347438844
2025-01-03,BAND,-1.613166440458067,-1.4716154391187957,-0.9424070659928365,-0.9999990909102326,2.334389857295265,0.0100766152773038
2025-01-06,BAND,-1.051401186412142,-0.7808223381375028,-0.6555552745634513,-0.5631072472223119,0.3759305210824831,0.0083140513843626
2025-01-07,BAND,-0.6414129096993691,-0.9580817753379479,-1.74999964501299,-1.64550175856223,0.9729093050418631,0.0095928477407306
2025-01-08,BAND,-2.0949350273745693,-1.9999959814042925,-1.899999796237658,-1.6629193955878454,2.095092024497033,0.0120266859673663
2025-01-10,BAND,-2.635035149490839,-2.9057908069426035,-2.241173635919974,-2.1301769505731913,0.6513002363912223,0.0092965870012787
2025-01-13,BAND,-2.781019616315744,-3.5999914568881595,-3.1065532198140033,-3.1937951255569867,1.0393120392865034,0.0099566109271461
2025-01-14,BAND,-2.7175538031794395,-3.2807624983882597,-2.5145000245416522,-2.5886453182882647,-1.5233415233040948,0.0060452191391937
2025-01-15,BAND,-1.6597224005792488,-2.4210913261638702,-1.541933859472835,-1.7792172621828477,0.27515923566177936,0.0092365848261999
2025-01-16,BAND,-1.796295168809873,-1.9826925410161156,-1.568859685311916,-1.494380752746857,-1.2233009708473936,0.0066489910259246
2025-01-17,BAND,-1.4195383903357783,-1.9006600019118172,-1.3867378734869757,-1.3636338852329841,-2.4358144551793783,0.0045414146262802
2025-01-21,BAND,-1.3389805881282026,-1.3178786978293195,-0.9834239434552685,-0.9017318889653598,0.2637362637304673,0.0097166022268307
2025-01-22,BAND,-1.25624827322788,-0.9869252745195106,-0.7067653692662769,-0.38157726475731557,-1.592657342629499,0.0058502120701875
2025-01-23,BAND,-0.7132330180889398,-0.9482156055138269,-0.3130269873567958,-0.5081949014690849,-1.9979166666250434,0.0051789377364929
2025-01-24,BAND,0.10909162500977987,0.881943210325529,0.526786263712601,1.2950779347364216,4.318749999910026,0.0165493499139343
2025-01-27,BAND,1.327273056848305,0.656716160056702,1.169643961599949,0.799997395106909,0.017259978424654585,0.0092965870012787
2025-01-28,BAND,1.0545465952526882,1.9328328298472734,0.6764698118079832,2.9499939707271796,4.779166666567101,0.0178993988532084
2025-01-29,BAND,3.254543982416456,1.7686530781369953,3.0882360585702466,2.633327143073877,2.1202346040641205,0.0135117398005677
2025-01-30,BAND,3.5999993499869634,1.7013864246723776,2.8137238596501506,2.540977634140652,0.416921508656128,0.0104216277840071
2025-01-31,BAND,3.345455114885062,1.7009944117561255,3.0098029331938587,1.9999970370422637,-0.017329255861012655,0.0095290954297093
2025-02-03,BAND,1.599999518443922,0.7646666883223948,1.1470610842717872,1.6054401161718135,0.4644128113713732,0.0100503643257068
2025-02-04,BAND,2.47272558271194,1.6845344852450408,3.127448881361179,2.535947118862456,-0.8612099643821634,0.0085053083174265
2025-02-05,BAND,3.836361358595135,1.5921047100048602,4.029411123703331,2.1960777117353336,-1.5693581780213384,0.0065702381711337
2025-02-06,BAND,3.4909094589297385,1.365965090617904,2.999994690275422,1.3622435203272631,-1.2309839497385768,0.0059889671000573
2025-02-07,BAND,1.865768775033495,0.6726329067831218,1.2771094007115025,0.6818178434068077,-1.023288637953094,0.0065477373554791
2025-02-10,BAND,0.999998573104706,0.8035716883597392,1.397904146379867,1.0426814354290577,-1.3487429034655516,0.0057527085356844
2025-02-11,BAND,0.9852937429066946,1.6991121863456533,1.57458351705656,1.496119407635741,0.9513381994979507,0.0110704013020471
2025-02-12,BAND,1.0243883705916612,2.2075460601897605,1.3429486577823224,2.660862601227571,1.3698060941638532,0.0129754703608005
2025-02-13,BAND,2.560975189917533,2.8717886669448554,2.585101967848487,3.026078939127882,1.6577221228186318,0.0146255301754688
2025-02-14,BAND,2.422760817696407,2.3636310237933436,1.4609906148160492,1.407764814101068,0.4725787631216736,0.0111416538849533
2025-02-18,BAND,1.321737134632367,1.2066078301798862,0.9900968249417534,1.436891672302076,0.531030444958653,0.0115841699261598
2025-02-19,BAND,1.022220421574618,0.8068160772130685,1.1789448230318251,0.5714274410701448,0.7774314214366904,0.0125742058149607
2025-02-20,BAND,-4.32220461119819,-0.8748015050332588,-3.8315671613266953,-1.5324655143978498,13.275655430512726,0.0439778441968521
2025-02-21,BAND,-1.466660581729568,-2.3930207744731593,-2.2315733405593403,-2.7272645175299637,6.778277153456506,0.0280735176650153
2025-02-24,BAND,-1.9999913170370551,-3.5657543876102262,-2.726306013285066,-2.8571322512142436,1.9602996254387972,0.0160130804741671
2025-02-25,BAND,-2.3333224967872455,-4.136276056900646,-3.0210447287049766,-3.376613094224324,0.8149812733960303,0.0134029858582373
2025-02-26,BAND,-2.4222130719397827,-2.829543629576198,-2.2315733405593403,-2.680844323776269,-1.401498127319828,0.0075977754193589
2025-02-27,BAND,-2.053567244511137,-2.308332068979953,-2.759247281537466,-3.0854635014305494,-0.9936079545313409,0.0081227944512988
2025-02-28,BAND,-2.8088179138396976,-3.007347281142806,-2.379080390786139,-2.439490727488785,-0.004098360655681717,0.0110479004863926
2025-03-03,BAND,-2.644919997291524,-2.9958009777827246,-2.7479866664830563,-3.233915363862039,3.6054303870178463,0.0228083268018465
2025-03-04,BAND,-3.9933707804935614,-2.9888874281558473,-3.161034312849859,-3.097697645551652,1.4823906083086191,0.0165718507295889
2025-03-05,BAND,-3.45032542655959,-2.801559319386651,-1.8208606776400726,-2.4708966853267693,1.5475555555417997,0.0186081745463273
2025-03-06,BAND,-2.2612811123287204,-2.1920419411601197,-1.1806786352861,-1.6536791548472694,0.7766524520173065,0.0155068121219394
