Date,Stock,Open,High,Low,Close,Volume,Turnover
2020-12-23,000001SZ,-0.022027554528903065,-0.031593185911231336,-0.0050463176587535975,0.005570918369461322,18.13310898541578,0.0038652303611691
2020-12-23,000002SZ,0.0032080607792869657,-0.013058202254736355,-0.010826495184407273,-0.007873963665464518,18.042480366968064,0.0070452397576042
2020-12-23,000157SZ,0.0031795392616197427,-0.02055577407694309,-0.0021459556944264345,-0.004241869313314853,18.461410990263882,0.0146782223224718
2020-12-23,000166SZ,-0.02163315286598783,-0.00975633736033719,0.0019979231501411556,0.00793641688931646,17.711868707699857,0.002184197697325
2020-12-23,000333SZ,0.01850760557933252,0.029522419058648875,0.023849648867313045,0.02476051602615031,17.48047278692229,0.0055688471887294
2020-12-23,000338SZ,-0.03125257490812031,-0.03176846318800749,-0.025841299526351662,-0.018524991563266806,18.19436117944345,0.0117747936638504
2020-12-23,000538SZ,-0.001453438393109943,-0.018209109313989728,-0.017817131676702406,-0.006501450911865428,16.18831345191275,0.0060122500041428
2020-12-23,000568SZ,0.02015678280229003,0.014789125027566683,-0.025564005923103515,0.004406963255383706,16.741134320079286,0.0126674497150294
2020-12-23,000596SZ,0.013443063829609022,0.029111167214693985,-0.0034097459777096026,0.005105627217931283,15.249798813934358,0.0102708174253548
2020-12-23,000617SZ,-0.023740084198803527,-0.01775204791097648,-0.007558620526221928,-0.0015049744423246201,14.903831404273967,0.0002348726040284
2020-12-23,000625SZ,-0.05043095733956476,-0.016636729871219037,-0.017555616980120498,0.0008463078015248084,19.452609150507527,0.0339254494071532
2020-12-23,000651SZ,-0.01161843989908727,-0.00641722671512112,-0.0038485058630768577,0.0006651379850882766,17.544437066409866,0.0074328407745949
2020-12-23,000661SZ,-0.029085634136796483,-0.03653436996350998,-0.027219681542684174,-0.017064761756527942,15.482813712154384,0.012986924992991
2020-12-23,000708SZ,-0.061287301396714504,-0.05347858191343265,-0.005457627108616423,-0.006336781939772609,15.306036773042937,0.0008795897433172
2020-12-23,000725SZ,-0.01470608885290153,0.007168527096885184,0.009337215938268641,0.04396312553057686,21.01390845989058,0.0361897307793622
2020-12-23,000768SZ,-0.0009698613828990437,0.05105794929179836,0.007191899856378307,0.09531009327568482,18.298418529234354,0.0318183595013865
2020-12-23,000776SZ,-0.03218963449937372,-0.023885523368982052,-0.0064725709487982565,0.007067113467060689,17.5475922116616,0.0070741199269916
2020-12-23,000786SZ,-0.017050782256360277,-0.020434573861129512,-0.01811167706618422,-0.006000855303364876,16.341041422715442,0.0073971310508052
2020-12-23,000800SZ,-0.012381519559941295,0.036570007501272594,0.0058308476321588315,0.03928491474210567,17.634929843818266,0.0092593063007358
2020-12-23,000807SZ,-0.06163691887395077,-0.037979284451996685,-0.006644580674572868,-0.0013166359256030521,18.40553655745236,0.0284019966153797
2020-12-23,000858SZ,7.055250276274154e-05,0.0017345232632301403,-0.025029671511921953,-0.01459001527763656,17.043210812770283,0.0064977125738967
2020-12-23,000876SZ,-0.042789719112912114,-0.04073061884603258,-0.031085782824681083,-0.016088620051113212,17.81992404867023,0.0121167419996398
2020-12-23,000895SZ,-0.013807968994199296,-0.011244435583169975,-0.011908716535378628,-0.0073086843151466485,16.353525100593092,0.0036524565518344
2020-12-23,000938SZ,-0.02672014933348946,-0.02268992476416873,-0.0179288173550815,0.00442151305525496,17.07463522113008,0.0091000051869875
2020-12-23,000963SZ,-0.01958855003649544,-0.03645274368457241,-0.023416941840153395,-0.008864593563260135,16.810632145087258,0.0113950270227127
2020-12-23,000999SZ,-0.0039095160623292755,-0.015522487897091486,-0.003944985121207093,-0.0047079468577249295,15.248718800325634,0.0032641329094041
2020-12-23,001965SZ,-0.02315586108925379,-0.01295909807695541,-0.0029368567943550963,0.0,15.078163317998023,0.0005182710662382
2020-12-23,002001SZ,-0.007217950278799489,-0.012758816162952767,-0.011472407741223918,0.000944458352036535,16.846596316961122,0.0067415829220442
2020-12-23,002007SZ,0.013672670516997098,-0.02506183748660617,-0.014320080167398979,-0.021337157094457646,17.18723175397204,0.0159278964611967
2020-12-23,002027SZ,-0.036813875685495163,-0.007045830617919854,-0.00104973122779692,0.010330672988269755,18.49213371757174,0.007437008386813
2020-12-23,002028SZ,0.008494625815923109,0.002308977118821006,-0.005730727265697088,0.018850668991535865,16.614775412123553,0.0211172824622001
2020-12-23,002050SZ,0.0008207133017143808,0.0020142370550788775,0.005899788088896052,0.016841724346802242,17.798586705729754,0.0143827184755249
2020-12-23,002129SZ,-0.02143083406482751,0.020658011066640544,0.01989724478684281,0.0645884547101724,18.82101274685561,0.0369101093401892
2020-12-23,002179SZ,0.011241884794441373,0.024310124787935927,0.010066789359399798,0.03196721098411088,16.910789705663387,0.0104299284324644
2020-12-23,002230SZ,-0.02842114991700832,-0.0291991339760999,-0.012997307374602248,0.008480134038447778,17.276279834971728,0.013774105187281
2020-12-23,002236SZ,-0.03309769360132377,-0.04545135479953169,-0.0506046503981331,-0.043039513606933366,18.084387475315427,0.0216544070654705
2020-12-23,002241SZ,0.03273805157419596,0.021698454335263184,0.023316178451211783,0.0310184027821435,18.50212791106471,0.0310758800552077
2020-12-23,002271SZ,0.03639768137268914,0.00531207647701962,0.015374104760386477,0.0008201577268775906,17.300967375162948,0.0136632198734328
2020-12-23,002304SZ,0.04406727408311628,0.010671984425216847,-0.022712130599617505,-0.01980264622641837,16.510715477216728,0.0098300982629063
2020-12-23,002311SZ,-0.02880711803675076,-0.024835850159300038,-0.014196371497787283,0.00313563579587583,15.604933800338303,0.0035978950818534
2020-12-23,002371SZ,-0.046957572624272796,-0.007031365474411152,-0.009216689326441728,0.050921792415719605,16.333545602285653,0.0232212249061266
2020-12-23,002415SZ,-0.01297842346580204,0.021208324469229715,-0.009670600493818045,0.020755857911397214,17.78820189248897,0.0057539444898296
2020-12-23,002422SZ,-0.006641162438987237,-0.01727691694044906,-0.014583684664826013,-0.011405017995621108,16.26933770483134,0.0072793596261635
2020-12-23,002459SZ,0.05217359333126379,0.05337436965386043,0.061981156916074163,0.08116702988367984,17.463552079930952,0.0116021444716484
2020-12-23,002460SZ,-0.005361149016946347,-0.00040663258139397553,0.016477537661977827,0.04480979221530362,17.69877171869583,0.0301082620233564
2020-12-23,002463SZ,-0.03188602979527819,-0.028488891265503205,-0.014979544843969813,0.007129088598348206,16.971957123637097,0.0122112455540164
2020-12-23,002466SZ,0.06291385761817861,0.004147263432313811,0.0402207493860627,0.04628086604574835,18.89665516250584,0.10896904712815
2020-12-23,002475SZ,0.02012216557489679,0.03259767125266289,0.029562591567101407,0.05521969371134364,18.661743825157043,0.0175594187051636
2020-12-23,002493SZ,-0.03816950297880569,-0.02126455187895854,-0.010897004671180661,0.01234575692846456,17.44706408420857,0.0037303291144321
2020-12-23,002555SZ,0.019330894139157354,-0.027620502814794057,-0.008120162084203011,-0.020690371565970537,17.73449440045562,0.0227594012915431
2020-12-23,002594SZ,-0.04824878890790811,-0.011360763332833534,-0.00381865960336178,0.015049193730110176,17.56989554987942,0.0235790051305083
2020-12-23,002601SZ,-0.008425715750830086,-0.0228687279319233,-0.06122674321463625,-0.044988064037871214,17.17423023489642,0.0120489776866676
2020-12-23,002648SZ,-0.02223154582801693,0.004538585448950094,0.04408098430245299,0.02119946492359318,16.98380466679194,0.0070553204140783
2020-12-23,002709SZ,-0.0687206415610773,-0.03399984144164498,-0.0076187080562926,0.009649073619846939,17.82958294729882,0.0289248032876049
2020-12-23,002714SZ,-0.02834231738924001,-0.01971854137612042,-0.012003300276205527,0.00879086026409086,16.934620366516953,0.0041418963769344
2020-12-23,002916SZ,-0.033368707188547675,-0.017696223653504057,-0.010230208812783007,0.019751070488554307,15.388500852659329,0.0093999778692015
2020-12-23,002920SZ,-0.006934760814101009,-0.029834080107310087,-0.06619577470101028,-0.03583666190476441,15.248494068142467,0.0075523769939562
2020-12-23,002938SZ,0.002867107687345767,0.028547657278546336,0.0064375462775601655,0.03497710677628002,16.344526273928246,0.0054090275860879
2020-12-23,003816SZ,-0.014545767434833089,0.010733475266590908,0.003669655052306313,0.021739895672216236,18.478338323743813,0.0026931542733753
2020-12-23,300014SZ,-0.0066890032071588515,-0.01740957615334099,0.006124494833911099,0.007271777392980453,17.299167631730718,0.0159252707999054
2020-12-23,300033SZ,-0.01612948706803826,-0.01459892711479733,-0.13125140308211158,-0.09012748888047595,16.706536601768725,0.0335040550595238
2020-12-23,300059SZ,-0.03617776427428396,-0.014288585865315532,0.0003799443635045699,0.012084698165165293,19.69548067648736,0.0226662796223452
2020-12-23,300122SZ,0.0001290566031844464,-0.02435071270779831,-0.034533725861007045,0.014031226561094703,17.28752356222612,0.0134520984070034
2020-12-23,300124SZ,-0.033556743199251324,-0.014681883944019576,0.01540013713705622,0.028768257832473998,16.85315592657178,0.0077380287936493
2020-12-23,300274SZ,0.0036854659948857855,0.08650345610603483,0.04530905302468408,0.10580553351054359,18.291006258176726,0.0423681781767842
2020-12-23,300308SZ,-0.05994302403443465,-0.054769984478841724,-0.004085167026462785,0.010007817036870667,15.70753096206295,0.006004123117469
2020-12-23,300316SZ,-0.011009321779880937,0.023976195389779895,0.018947609590374084,0.041110069642467294,17.309400818497032,0.0251340109826763
2020-12-23,300347SZ,-0.006972310820054056,-0.01085191020557711,-0.01478711365644225,0.02813381068063766,15.46646519953464,0.0070258605814856
2020-12-23,300394SZ,-0.072702488463,-0.02956441237370979,0.00610134510014032,0.046999763944458164,16.22887000530933,0.0201660510735445
2020-12-23,300408SZ,-0.019649234700000948,-0.007667018016693502,0.0075768873696631725,0.011686349373539736,16.402336559390847,0.0069332268311313
2020-12-23,300413SZ,-0.008122881124489162,-0.010847848012037361,-0.011387945411666997,0.015677647666577196,15.70701973164691,0.0035437505345535
2020-12-23,300418SZ,-0.03920130665510308,-0.030246007912781564,-0.023458398336210304,0.008502328664722477,16.836306350923955,0.0166525403711885
2020-12-23,300433SZ,0.02657964449310529,-0.005849847890390289,0.0026927274940812115,0.021129946856047355,17.71368923134799,0.0098966137827344
2020-12-23,300450SZ,0.005214296660006399,-0.0019175461292717062,-0.001898338758644513,0.0,17.15174650240579,0.0179503415998365
2020-12-23,300498SZ,-0.02150612652013281,-0.014434859465558956,-0.010928949029395476,0.00704049232125605,16.90882778569677,0.0033138511060629
2020-12-23,300502SZ,-0.029020326148256014,-0.02288261139221609,-0.01065394437434896,0.01870283987816894,16.249597836133304,0.0160909858200944
2020-12-23,300628SZ,-0.022208114089437594,0.003461319268520529,0.0071090051131100195,0.03901209284090815,15.33317128222281,0.0036093279774821
2020-12-23,300661SZ,-0.02093712100891104,-0.012551751186809722,-0.0034341949025220838,0.003856374369907453,15.035837993249626,0.0071521515946705
2020-12-23,300750SZ,-0.019948274092794753,-0.0031229740987624892,-0.01460738646328868,0.013805550831026837,17.259210984389636,0.0071087283996739
2020-12-23,300759SZ,0.011996783949604857,-0.005126212089465399,-0.0016639423415921672,0.014973612773889124,16.220798618461153,0.0075045177902459
2020-12-23,300760SZ,-0.02040869850099744,-0.008143732943256819,-0.01681093890590862,0.0020624764195078847,15.282237935192837,0.0035754542667438
2020-12-23,300782SZ,-0.02140692715928214,0.0071390457419316,0.016605902878181138,0.04138522780563452,15.582683063187616,0.010951824719202
2020-12-23,600000SS,-0.01654642347855196,-0.011346184048197719,-0.007356949760542539,-0.006263056067040909,17.470221329898767,0.0013169826366384
2020-12-23,600010SS,-0.02553337886423942,-0.00843896118120516,0.0,0.0,19.063692123129087,0.0042001751408009
2020-12-23,600011SS,-0.02631736743783587,-0.006486535384265328,-0.0022248298892466327,0.010952969773938382,17.317727878596337,0.0030178092924346
2020-12-23,600015SS,-0.00805809216823935,-0.008045049761033424,-0.004881984157555321,0.0,16.516522112476864,0.0009359021766248
2020-12-23,600016SS,-0.00776702178653829,-0.007751969640620952,-0.0019549863559982705,0.0,17.909594552908338,0.0016915063909421
2020-12-23,600018SS,-0.013423007444650008,-0.01112362793585666,0.0,0.0,16.620221662596293,0.0007096781609464
2020-12-23,600019SS,-0.051039927079254914,-0.03737239897354962,-0.001696445081873657,0.016722808469760028,18.219781175634154,0.0037336686914539
2020-12-23,600023SS,-0.019100140510384733,-0.010840191822424612,1.2224102544315168e-08,0.008230503285202069,17.020352567895173,0.0018384782443632
2020-12-23,600025SS,-0.015748429010650582,0.004454312907298317,0.004555778897605979,0.01805913183010258,16.83944386775239,0.0011428916205733
2020-12-23,600026SS,-0.04138512773206376,-0.032039273990849916,-0.006269520507957205,-0.0031249132187762606,16.68824784973651,0.0050896348800801
2020-12-23,600028SS,-0.012453417609182598,-0.01242253546396115,-0.0025156905533509394,0.002509440832876523,18.00799672710895,0.0006807114443689
2020-12-23,600029SS,-0.03190867719622426,-0.02172184178576828,-0.006849335134521097,-0.0017079814313090544,17.364328947470458,0.0025801338151074
2020-12-23,600031SS,0.01758641221575729,0.018513338347102587,0.020241741168497397,0.03823727748053632,18.282616407328838,0.0102778137109999
2020-12-23,600036SS,-0.025443173894012634,-0.013815998443750688,-0.0021518902485255943,0.009735259403997484,18.080750451140887,0.0034505956959457
2020-12-23,600048SS,0.006903060906341524,-0.017337926110814358,-0.012144566156557365,-0.01836074302607111,18.324811080666343,0.0075902426031626
2020-12-23,600050SS,-0.019672567093837145,-0.019586935162101044,-0.008869207613201029,-0.006629671967603206,18.351713636419234,0.0029853679875716
2020-12-23,600061SS,-0.03959458365599269,-0.02970162346817341,-0.003766532934984863,0.012700951025282549,17.302001391827915,0.0051096652617818
2020-12-23,600085SS,-0.012111495064245888,-0.01687460286045179,-0.017677712009162037,-0.017206443081919293,16.76449560912149,0.0139168714357658
2020-12-23,600089SS,-0.012461269646225119,-1.0790354171556626e-09,0.012738942542900984,0.03421796183036985,19.734451386940545,0.0736261534063906
2020-12-23,600104SS,-0.048318478297115594,0.011013879639531687,-0.004319593259620505,0.047087422374475774,18.428041149585322,0.008702906547953
2020-12-23,600111SS,-0.053488610249548506,0.03067483527549731,0.003395630173216786,0.06548990635633901,18.689419815323458,0.0361905503177383
2020-12-23,600115SS,-0.024044903191061295,-0.02169280441542303,-0.0022147853599034694,-0.004415014026497771,17.509842271461817,0.0023499771991236
2020-12-23,600161SS,-0.018371623101739582,-0.007830181242624577,-0.024306732824688045,0.015278593214746294,16.684788111504254,0.0089129905594844
2020-12-23,600183SS,-0.02065803893155614,-0.023989189184757197,-0.039220769122475435,-0.021355988616318173,17.55460620660191,0.0173131741627069
2020-12-23,600188SS,-0.055597051279499474,-0.026873124302030326,0.001003488970400787,0.017857629809564825,17.968754961305734,0.0106743296731514
2020-12-23,600196SS,0.014891214975656064,-0.013335894180733674,0.003219428879655275,0.002594919859332893,17.906433121822907,0.0282133214529838
2020-12-23,600219SS,-0.040372432464163686,0.059147683023199185,-1.603973633453384e-08,0.09564805029842956,19.721135793672595,0.0316089335840896
2020-12-23,600233SS,-0.005721333878221905,-0.02098542701054397,-0.004962719058777184,-0.010660190739617603,16.21328227767573,0.0031910176697378
2020-12-23,600276SS,-0.0014854399145563398,-0.007645260521814459,-0.006151056586934456,-0.0018850308727002133,17.39557774040351,0.0056240713403075
2020-12-23,600309SS,-0.020353876961612467,-0.0007926318219015507,-0.00361934280767849,0.011333284790818429,16.476306804322892,0.0045569476902231
2020-12-23,600332SS,0.00898967911308511,-0.00890940378654379,-0.010785308206338218,-0.021277287156247476,16.010890768835175,0.0063898418036173
2020-12-23,600346SS,-0.006825944473561107,-0.00385653268431868,-0.020284647751980283,0.03626730473899374,17.600287065093305,0.0062544685542795
2020-12-23,600362SS,-0.08297437553534398,-0.05466356166158127,-0.019903696366026704,0.009054370271951098,17.930985101452492,0.0295295918961954
2020-12-23,600377SS,-0.003255561390703477,-0.003252032267792806,-0.0032840718529403416,-0.0010899690817091274,14.605921009803085,0.0005776846136934
2020-12-23,600406SS,-0.009168912173232376,0.01661231373654235,0.012987230696239242,0.04987180510510441,17.91373372200956,0.0074990651449504
2020-12-23,600415SS,-0.03258944316660158,-0.020243618852013773,-0.01892807266271494,-0.01247419299855168,17.19863632725906,0.0053728300934786
2020-12-23,600426SS,-0.06679393162430498,-0.015804095327250897,0.0008715041713066156,0.020426291148338795,16.61527155977997,0.0077432937932882
2020-12-23,600436SS,-0.01165470143179603,-0.025028840059837177,-0.020794520563331018,-0.0019586910171296057,15.275466077145621,0.0071368236882013
2020-12-23,600438SS,-0.007617336982903545,0.04045023936271932,0.019734877822302304,0.09523154312363812,18.759039756634493,0.0311560888605887
2020-12-23,600489SS,-0.03378712725171762,-0.027981785602446397,-0.01033910222495695,-0.004571647974752595,16.931258306759364,0.0046521237178504
2020-12-23,600519SS,0.02506220357827108,0.003789614266053761,-0.011731914283820725,-0.021141559036864634,15.377984737287822,0.0037976510452552
2020-12-23,600570SS,-0.025525484140333326,-0.0183216118192975,-0.0025083882975529136,0.02596475133992319,16.67472842269305,0.0092230419911345
2020-12-23,600585SS,-0.02474005982382578,-0.02313912638389901,-0.01211193896016695,-0.00544859194761496,16.87889890989532,0.0053503873218522
2020-12-23,600588SS,-0.07960797481845688,-0.07140250659719492,-0.024282862322422105,0.005899777640124021,16.99223054079968,0.0070143425369967
2020-12-23,600600SS,0.0177510374025104,0.0030051808199327203,-0.015295479729817818,-0.00798401278163998,16.106396684132022,0.0139378095350909
2020-12-23,600660SS,-0.009015452145732175,0.05269787662517716,0.006510035174378622,0.0533150970014235,17.32357918355942,0.0166669473137726
2020-12-23,600674SS,8.931300522214995e-08,0.012852476929677994,8.931300522214995e-08,0.01791104590777733,15.593163327258596,0.0012136258667671
2020-12-23,600741SS,-0.008810633909780275,0.008177205759757835,0.0014224358536611824,0.029748484724472,16.930510231627107,0.0071472959586813
2020-12-23,600760SS,-0.007202864819833694,0.05167935333386526,-0.007639529358665768,0.09531012636205613,17.933007946287738,0.0222830408654996
2020-12-23,600795SS,-0.004597682746025177,0.009049848699666433,2.196667446017836e-08,0.027398969305850444,18.27712482755102,0.00485698466111
2020-12-23,600809SS,0.023765139701462948,-0.0019558980627424204,-0.018959157133815453,-0.005382541765400322,16.147493080956764,0.0084415361649084
2020-12-23,600875SS,-0.006786407600649711,0.00471469881694723,0.004904308257542841,0.0318405141125463,17.155844860214575,0.0092541734115753
2020-12-23,600886SS,-0.011668707088963554,-0.002314788746003265,0.0023557374151017226,0.010495710941548641,16.38317361462657,0.0016285015796333
2020-12-23,600887SS,-0.0016907033734261112,0.0037886833246000787,0.005122471710113864,0.014782694327598557,18.037973187166656,0.010713525722966
2020-12-23,600926SS,-0.02041595016580669,-0.02648228959634718,-0.003580294690406761,-0.001419376731575293,17.04918155253694,0.0039928848967714
2020-12-23,600989SS,-0.014022881579128456,-0.0034216059758590527,-0.0008899740592821584,0.024498262101700398,16.921565306270352,0.0030453653727886
2020-12-23,601006SS,-0.013835692718735408,-0.012270018577107416,-0.003110357067128326,-0.004647464734870664,17.037640681852654,0.0012449118984275
2020-12-23,601009SS,-0.014004085408913224,-0.007595047180362002,-0.0012912664035055266,0.002560737291480004,17.26107127220049,0.0028316804599424
2020-12-23,601012SS,0.03833101949010429,0.028189076407381483,0.03529975084035759,0.047760295374106546,19.023733711371793,0.0241182117882998
2020-12-23,601021SS,-0.05664825837489176,-0.05677334197800458,-0.005840359753151666,0.0029984307511545815,15.784982924856916,0.0073256172066207
2020-12-23,601058SS,-0.02348802048715843,-0.02348802048715843,-0.02427760872252291,-0.009250724740745784,17.093276343346503,0.0080643718943524
2020-12-23,601066SS,-0.025785957380976426,-0.03453588214309886,-0.01069274489878572,0.006161341016401521,16.934011905091413,0.0034811598858129
2020-12-23,601088SS,-0.04749653083730799,-0.03537791793764256,0.0034032670280038538,0.008391747212629676,17.37815955975214,0.0021379217397659
2020-12-23,601100SS,-0.005941167390773967,0.014309019299620815,0.004880103920164691,0.0268968053867393,15.820667169526558,0.0055393387458859
2020-12-23,601117SS,-0.026526621664313542,-0.008733563760440212,-0.023573039371968498,0.014235252206201966,17.708294697552883,0.0080290422323759
2020-12-23,601138SS,-0.020082412704787087,0.0007340016599527325,3.987420891687801e-08,0.023092273546400522,17.059143929899925,0.001290437119875
2020-12-23,601166SS,-0.01802744804037032,-0.01929315704899842,-0.013772222749021306,0.0005046952972371977,18.2152576782909,0.0039197602027387
2020-12-23,601169SS,-0.014629345630351866,-0.010427662775286355,-0.004219411510258861,0.0,17.327055310227895,0.0015844476905391
2020-12-23,601186SS,-0.018692204098986413,-0.016139408947731505,-0.0025220670062430254,0.0,17.080634385111452,0.0022761797949525
2020-12-23,601225SS,-0.059718998460780735,-0.03690431754274856,0.003302403487476558,0.015234460362699095,17.998704336480944,0.006763790926269
2020-12-23,601229SS,-0.008980092748117199,-0.010243313900216764,-0.005174607021704168,-0.0025839344778757775,16.44263005724282,0.0009737562887512
2020-12-23,601238SS,-0.07161584525885627,-0.024252319200391448,-0.011325238428973249,-0.0014970869095771912,17.95463662548755,0.0084981729040916
2020-12-23,601288SS,-0.003169581413458381,-0.006329138609707204,-0.0031898019804233926,-0.003179659549725955,19.27105311034145,0.0007331439715567
2020-12-23,601318SS,-0.032341959546870656,-0.01913885872397526,0.00023868151774203964,0.008283979057743644,17.823518261112923,0.0051136899797882
2020-12-23,601319SS,-0.021638986570825948,-0.01849039941578367,-0.006279281810439698,0.0031202921174982474,17.62470845309853,0.0012709023490663
2020-12-23,601328SS,-0.011173332614510076,-0.011148418833949682,1.0845383199317836e-08,-0.002244710423341569,18.12566853826288,0.0018968291428489
2020-12-23,601336SS,-0.04345566110526571,-0.03253010682346032,-0.018371655939896803,0.007577083841296013,16.31460376762501,0.0058363947176615
2020-12-23,601360SS,-0.047868124270442895,-0.028591166276452355,-0.004526367771657019,0.004477092528435349,16.712100001484163,0.0025876291514288
2020-12-23,601390SS,-0.013023386587782211,-0.009267945799105849,-0.0037523494066783367,0.0018708580548198353,17.21578641515315,0.0014596102647183
2020-12-23,601398SS,-0.01007052448275986,-0.006018117910880714,0.002030403853372979,0.00404040227448097,19.205250484578887,0.0008128213023367
2020-12-23,601600SS,-0.044575636841292295,-0.013680079265227355,0.005730680481071752,0.019691205653489682,18.625363025867518,0.0092882451856636
2020-12-23,601601SS,-0.03673655638123009,-0.0408661135884788,-0.004541553669255513,0.008619510114056147,17.568490351290603,0.0062304929120205
2020-12-23,601607SS,-0.00208102638742104,-0.023675700003689265,-0.009945062045922617,-0.007802272489903625,16.003806952986587,0.0031979475246988
2020-12-23,601618SS,-0.0357180646162888,-0.017637140645944783,-0.00364300327440513,0.0036297491187697742,18.457654029685358,0.005812404195469
2020-12-23,601628SS,-0.040298632431956756,-0.034899496136624526,-0.018111220451910912,0.000534797893212173,16.89281452354541,0.0010420831352238
2020-12-23,601633SS,0.004526370831967972,0.0024032132148348873,0.01282708939144276,0.09531029298089473,17.883177430717293,0.0093617641620197
2020-12-23,601658SS,-0.01040581222879514,-0.014448121851024684,-0.014783783523974477,-0.010537496511559266,17.707070271105177,0.0006177075013578
2020-12-23,601668SS,-0.009910984350263038,-0.007905234850514373,-0.0020021113318285334,-0.003992080263088638,19.01406707364871,0.0043806635716625
2020-12-23,601669SS,-0.030693019197065467,-0.020356958127987854,-4.082029075917266e-08,0.00259399195026992,17.563249194069492,0.002462820376189
2020-12-23,601688SS,-0.030102507652756606,-0.019407188679500205,0.0005680786103321089,0.009039645728483758,17.64440650900813,0.0062958503128427
2020-12-23,601689SS,-0.0355891460985129,-0.012428594589180074,-0.007376313357771623,0.007807606936360801,16.591008668825552,0.0092336561478617
2020-12-23,601698SS,-0.047866553440013435,-0.03202918766339254,5.1302298425743814e-08,0.010731508571082573,15.86244634063784,0.0018331958472863
2020-12-23,601699SS,-0.036040047557891974,-0.011747628541692206,-7.429664082401512e-08,0.012158118728891233,17.44103638867198,0.0125507570022365
2020-12-23,601766SS,-0.011257007334080422,-0.0074625777863765045,1.3611224820174283e-07,0.003759535498073844,17.006230212043356,0.0009991002543899
2020-12-23,601788SS,-0.046157691365456235,-0.043124291071502986,-0.014438530953154255,-0.0028579591070419636,17.45137995542357,0.009710194714023
2020-12-23,601799SS,0.01002211095818528,-0.0028166791612708295,-0.014284952975810368,-0.018076200478154482,14.192637918040683,0.0051039416938888
2020-12-23,601800SS,-0.02615417208810389,-0.020562653286920588,-0.0013955920498720754,-0.0013935803586378295,16.684576562769827,0.0014857001085465
2020-12-23,601808SS,-0.04050397782014989,0.0030166270181713425,-0.004758134373539308,0.03876458089603853,16.156019465810125,0.0035084023630928
2020-12-23,601816SS,-0.003478391826863171,-0.006920483832689532,-0.010526450699195566,-0.0070053237000192595,17.16655357535904,0.0005810325731166
2020-12-23,601818SS,-0.015306547286735079,-0.0025222079061293597,-1.408998863593424e-07,0.015345413802651784,18.775128358233,0.003071517707874
2020-12-23,601838SS,-0.03053672060100066,-0.020775023331463225,-0.006845990897871966,0.008699989498727226,17.27188654308267,0.0074796102997081
2020-12-23,601857SS,-0.02150624197991865,-0.019048177668910055,0.0,0.0,18.00187179143162,0.0004062633992904
2020-12-23,601865SS,0.016574931895398128,0.05419521483237482,0.02215150793664587,0.0953101695715977,17.651739487487426,0.0245512750751412
2020-12-23,601872SS,-0.032145665957495455,-0.02491226443881339,-0.003663175456025263,-0.0018265752154373847,17.226177197686926,0.0037188276521058
2020-12-23,601877SS,-0.012303592559608226,0.015153880253168883,0.0008353415023349119,0.030180644527511662,16.91365143958074,0.0103103906359633
2020-12-23,601878SS,-0.056333592774702825,-0.04829225508168089,-0.004267435294263322,0.00636266352611632,17.61283812370202,0.0097472304481662
2020-12-23,601881SS,-0.039872333305202276,-0.030492650884982563,2.0033186686482995e-08,0.010178296165516812,16.86756437305603,0.0029211000511669
2020-12-23,601888SS,0.03377052718669063,0.04056578450181135,0.04531513164508078,0.04105320829170458,16.6538184322476,0.0087513454683274
2020-12-23,601899SS,-0.059467959188829606,-0.04204149495192327,-0.022055398830855853,0.0022831600549867966,19.336357963666416,0.0121351358886946
2020-12-23,601901SS,-0.03725685405299666,-0.02654503387527836,0.0011955229009422577,0.014252047894553596,17.235695430867896,0.0037141272086418
2020-12-23,601919SS,-0.05309205775762232,0.0029083845601643606,0.002059790062020578,0.04512028501247608,18.833387574048054,0.0119813016917823
2020-12-23,601939SS,-0.01910878889166496,-0.014274445606388662,-0.004842527790421378,0.0016039404457559928,18.807706833427325,0.01534966671891
2020-12-23,601985SS,-0.014629198314659413,0.020243735027794373,0.0021076779425656424,0.03509138422279208,18.227121892602604,0.0040063268644866
2020-12-23,601988SS,-0.00630916302448553,-0.006289322777521144,0.0,0.0,18.035152989358515,0.0003226761414887
2020-12-23,601998SS,-0.0058998001686192975,-0.003921700402457537,-1.3059918677771972e-07,0.005922834916162901,16.532979463482842,0.000371463029014
2020-12-23,603019SS,-0.008552325264257862,-0.010231775893002634,-0.023398317307802348,0.0146702119069984,16.918960536820403,0.0152232538272279
2020-12-23,603195SS,-0.04315093059726131,-0.004983359498816216,-0.01298797411288984,0.04348819380194796,14.951952849606654,0.0024112052686973
2020-12-23,603259SS,0.015429382370650217,-0.01432907003041129,-0.0025212604182641286,0.005996388907294376,16.552548071177807,0.0061741965376147
2020-12-23,603260SS,-0.03811640544320812,-0.013783148877603998,-0.005158636682555536,0.005899733015304192,16.16461924840498,0.0088615614608614
2020-12-23,603288SS,0.004552471831559466,-0.0010147802595462437,-0.0005183700797008957,0.012563106979361305,15.787440522110646,0.0012920418511148
2020-12-23,603369SS,0.010050362178834572,0.015674075035231508,-0.02416270398996729,0.00017465965591706087,17.037582868624053,0.0201155269489894
2020-12-23,603501SS,-0.05648784058711904,-0.01193916571619181,-0.0008556249600369384,0.028678570689057797,16.17480494729343,0.0086967253057663
2020-12-23,603659SS,0.025428520181480965,-0.01858647259446861,0.005504784723359963,0.005934143902081484,16.99420788955421,0.0112370318976134
2020-12-23,603799SS,-0.048860336268480235,-0.011723837328512938,-0.0294695246644592,-0.005645628316070543,18.000484970376164,0.0386070470178003
2020-12-23,603806SS,0.041947966680467595,0.023665822623912,0.029628350263490227,0.01644629803919813,16.894980397097235,0.0083361577618807
2020-12-23,603833SS,-0.005687510414704886,-0.017193762753396763,-0.03462082397277086,-0.019684115124562716,14.79504459754911,0.0043719950407732
2020-12-23,603986SS,-0.013347163005026403,-0.01925308093544411,-0.013161085558257894,0.005103400422454083,16.29045457849015,0.0178915440598917
2020-12-23,603993SS,-0.05056691892747118,-0.02167578272973263,-3.114302220197223e-08,0.010298760304407878,19.724663985455003,0.0208535218329271
2020-12-23,688008SS,-0.020179665821623876,-0.0056594226783354485,0.004450136456287503,0.00934580032529996,15.620031584361495,0.0053084486369245
2020-12-23,688009SS,-0.008326469581453411,-0.006644531603303362,-0.0016820396939895433,-0.0016736740917126234,16.49913984789527,0.0016979570547715
2020-12-23,688012SS,-0.053369967953448255,-0.04445163291760735,-0.007709568090959971,0.019529901026207976,15.17134081468025,0.0062267081399235
2020-12-23,688036SS,0.038002305969063635,-0.025020957211147943,0.004889159305900644,-0.0032468481442479097,15.042682860740246,0.0029916851349154
2020-12-23,688111SS,0.027696134082284198,0.016269032847026188,0.029803443560825777,0.035917642597467894,14.674166244780807,0.005100751461314
2020-12-23,688169SS,-0.023659569597404676,-0.02370080146750923,0.018246096904768857,0.0034641355336009895,13.271250514778648,0.0031412979156337
2020-12-23,688396SS,-0.0381179409965515,-0.00999293460195216,-0.009950309536130799,0.035844136366183256,16.264526955784447,0.0087206715776899
